1576653364179,large_vehicle,2,18
1581924497085,large_vehicle,0,176
1569590239718,large_vehicle,10,245
1570312612732,small_vehicle,5,60
1570634700687,small_vehicle,6,23
1582990584381,small_vehicle,2,175
1578724813145,small_vehicle,6,224
1580084698971,large_vehicle,5,183
1566313734280,large_vehicle,1,93
1578443152068,small_vehicle,1,279
1566141425050,large_vehicle,5,355
1579301598419,small_vehicle,4,273
1565079622314,large_vehicle,10,59
1565363887553,large_vehicle,8,177
1572715956231,large_vehicle,7,292
1566213136838,small_vehicle,10,166
1580524532751,large_vehicle,5,139
1566747513384,small_vehicle,3,146
1581128617448,small_vehicle,3,24
1583575246282,small_vehicle,1,175
1567489341267,small_vehicle,4,169
1585446054059,large_vehicle,10,259
1573023293608,large_vehicle,3,149
1586365047008,large_vehicle,3,314
1574390015975,small_vehicle,1,122
1578271165285,small_vehicle,7,312
1576617468007,small_vehicle,5,216
1583297853918,large_vehicle,3,134
1569457034446,small_vehicle,10,253
1582019861098,large_vehicle,5,262
1579927057769,small_vehicle,3,258
1574478180088,large_vehicle,5,256
1569205989356,small_vehicle,6,7
1582239087710,small_vehicle,5,299
1571370255299,large_vehicle,0,317
1582655970030,large_vehicle,10,15
1571179432688,small_vehicle,0,178
1576789454323,large_vehicle,9,360
1578185700267,small_vehicle,0,27
1575204227622,small_vehicle,5,248
1574379642238,small_vehicle,9,118
1571059632482,large_vehicle,5,200
1572083228120,small_vehicle,10,1
1572937837827,small_vehicle,5,184
1575210812808,large_vehicle,1,298
1575104273325,small_vehicle,6,248
1586266618558,large_vehicle,3,124
1572050562845,small_vehicle,5,326
1567961357303,small_vehicle,9,160
1574256282573,small_vehicle,9,347
1567760793038,small_vehicle,6,254
1583403147240,large_vehicle,3,218
1569181754218,large_vehicle,10,283
1581990119616,large_vehicle,1,269
1578379365820,large_vehicle,1,63
1578871504577,large_vehicle,0,270
1584488257194,large_vehicle,5,139
1579343487514,small_vehicle,2,146
1579043886324,small_vehicle,1,168
1582017179301,large_vehicle,3,192
1582733883573,small_vehicle,9,201
1569399238373,large_vehicle,9,74
1570047258605,large_vehicle,0,211
1582918251143,large_vehicle,5,349
1570596860160,small_vehicle,4,180
1583942083088,large_vehicle,0,51
1576060054590,large_vehicle,10,41
1566308558024,small_vehicle,1,44
1577500980382,small_vehicle,0,113
1564880230376,large_vehicle,1,315
1565863567204,small_vehicle,5,83
1576246754231,large_vehicle,3,88
1570779530799,large_vehicle,8,281
1585009303095,large_vehicle,3,256
1572130626191,large_vehicle,3,116
1584761357645,large_vehicle,2,274
1565699021647,large_vehicle,4,275
1571091846818,large_vehicle,2,73
1579831380898,large_vehicle,10,110
1574950736562,large_vehicle,4,48
1578754920529,small_vehicle,1,161
1582337503910,large_vehicle,0,24
1566572318787,large_vehicle,0,76
1579460625276,small_vehicle,0,167
1573761505645,large_vehicle,7,19
1586700891158,small_vehicle,9,17
1576416255623,small_vehicle,2,16
1570754968262,large_vehicle,2,160
1574187857609,small_vehicle,3,53
1575920130412,small_vehicle,0,176
1579003658313,large_vehicle,5,269
1568414859384,small_vehicle,10,157
1586436158251,large_vehicle,5,22
1571599983061,large_vehicle,10,347
1577030960772,small_vehicle,1,162
1585162403491,large_vehicle,9,12
1569658154290,large_vehicle,6,267
1567056523124,large_vehicle,3,100
1570786857044,large_vehicle,4,219
1578326959914,small_vehicle,7,256
1569850812584,small_vehicle,4,25
1580885373317,small_vehicle,4,42
1576884833909,large_vehicle,5,242
1582549895089,small_vehicle,10,348
1570557023170,large_vehicle,5,240
1580236737596,large_vehicle,1,314
1567331373159,small_vehicle,1,152
1565594436883,small_vehicle,6,275
1570102194745,small_vehicle,6,69
1583927305703,small_vehicle,2,284
1584090341985,small_vehicle,9,242
1568111333052,small_vehicle,10,197
1576747021527,small_vehicle,4,139
1573548605351,small_vehicle,10,61
1583088554583,large_vehicle,3,309
1566191332244,large_vehicle,6,297
1584435103137,small_vehicle,6,163
1569514067993,small_vehicle,8,84
1572202375418,small_vehicle,3,290
1572922241827,large_vehicle,3,137
1577125827634,large_vehicle,3,214
1584548043528,small_vehicle,4,313
1570318465481,small_vehicle,3,282
1571521914377,small_vehicle,1,118
1573007908348,large_vehicle,3,103
1577730395628,large_vehicle,10,126
1575113862814,large_vehicle,9,77
1571732300447,small_vehicle,0,130
1571444486275,small_vehicle,10,78
1568909620863,small_vehicle,8,266
1577281410104,large_vehicle,4,103
1581149019988,small_vehicle,2,91
1577500731169,small_vehicle,5,340
1568468574742,small_vehicle,2,97
1586575508850,large_vehicle,4,136
1568574429551,small_vehicle,4,241
1585344800510,large_vehicle,6,238
1583499280685,small_vehicle,8,270
1570280461872,large_vehicle,1,332
1584802594015,large_vehicle,10,88
1571117608849,small_vehicle,5,72
1570529851027,large_vehicle,0,338
1581153770519,small_vehicle,7,250
1578319534764,small_vehicle,10,247
1582563528580,small_vehicle,2,78
1569379894258,small_vehicle,10,159
1573068404516,small_vehicle,8,307
1580454460264,small_vehicle,3,242
1582877578702,small_vehicle,6,71
1574500440547,small_vehicle,3,259
1569619163231,large_vehicle,10,209
1572648257107,large_vehicle,0,295
1580046287436,large_vehicle,4,45
1585955859566,small_vehicle,1,134
1566833136836,large_vehicle,10,319
1579399873142,small_vehicle,5,261
1566706694494,large_vehicle,10,148
1568889746485,large_vehicle,7,259
1570155233517,small_vehicle,10,275
1568167364953,small_vehicle,2,124
1577251115389,large_vehicle,1,181
1585865588962,large_vehicle,1,43
1582386602296,small_vehicle,7,103
1575497364761,large_vehicle,6,145
1567375482175,large_vehicle,7,87
1578702620059,small_vehicle,5,293
1580584917830,large_vehicle,2,219
1574155682206,large_vehicle,6,321
1576424062358,large_vehicle,3,42
1571034347830,small_vehicle,2,133
1577671416662,small_vehicle,5,332
1586529917350,large_vehicle,2,299
1578909894489,small_vehicle,4,161
1574161323694,large_vehicle,7,81
1570684622897,small_vehicle,9,39
1579013190952,large_vehicle,5,305
1570857624997,small_vehicle,8,104
1566846018765,large_vehicle,6,1
1577900640595,large_vehicle,5,81
1568748949193,small_vehicle,10,65
1580557145257,small_vehicle,3,230
1571492744151,small_vehicle,3,297
1583648493526,large_vehicle,1,276
1568355030387,small_vehicle,2,272
1578708080831,small_vehicle,10,19
1582619244294,small_vehicle,7,27
1575706412615,small_vehicle,3,105
1583821273495,large_vehicle,0,45
1583930902855,small_vehicle,3,360
1576338589798,small_vehicle,7,8
1566811182421,large_vehicle,7,262
1579840132960,large_vehicle,1,284
1565347703481,small_vehicle,5,213
1584627032329,small_vehicle,8,345
1564655982462,large_vehicle,8,43
1570837656573,small_vehicle,3,308
1578371001709,small_vehicle,0,204
1580214808718,large_vehicle,2,87
1567536260159,small_vehicle,8,77
1573653313292,small_vehicle,5,159
1567170242575,large_vehicle,10,167
1568190196250,small_vehicle,5,36
1585963062460,large_vehicle,6,321
1572542597680,large_vehicle,3,232
1585354563602,large_vehicle,2,360
1570448941369,small_vehicle,1,263
1565479486452,small_vehicle,9,253
1572101207215,small_vehicle,4,62
1566734574279,small_vehicle,1,243
1576978644689,small_vehicle,5,262
1564742172163,small_vehicle,7,192
1576856761536,large_vehicle,3,287
1572394663445,small_vehicle,4,44
1572542105106,large_vehicle,3,106
1581326997529,small_vehicle,1,50
1574531063165,large_vehicle,8,88
1569627714153,small_vehicle,2,132
1574076572139,large_vehicle,9,120
1586640526816,large_vehicle,4,163
1582208632109,small_vehicle,5,73
1569688292935,small_vehicle,10,106
1580063645796,large_vehicle,3,359
1581442961994,small_vehicle,1,277
1573508043857,small_vehicle,1,40
1584190247445,small_vehicle,5,190
1578540177963,small_vehicle,0,217
1576103794800,large_vehicle,4,209
1574530348078,small_vehicle,1,230
1576430019677,small_vehicle,2,110
1576834367361,small_vehicle,7,322
1578542353509,large_vehicle,4,73
1577834315725,large_vehicle,0,233
1568524944525,large_vehicle,2,185
1585410810965,large_vehicle,2,284
1584735608672,small_vehicle,5,314
1582874508636,large_vehicle,5,58
1581514178001,small_vehicle,4,37
1573189213194,large_vehicle,5,214
1584915292995,large_vehicle,8,245
1571281466462,large_vehicle,0,349
1567428172675,large_vehicle,4,168
1569385210134,large_vehicle,1,202
1580852366689,small_vehicle,7,264
1569291543338,large_vehicle,0,101
1576332274961,large_vehicle,3,69
1578579863537,large_vehicle,5,158
1580218515964,large_vehicle,10,284
1585540378309,large_vehicle,8,68
1580377487219,large_vehicle,4,80
1584861318063,large_vehicle,5,280
1579903612153,large_vehicle,3,46
1565118965495,large_vehicle,7,291
1579725848686,small_vehicle,2,224
1580556795932,small_vehicle,5,64
1585654389915,small_vehicle,8,175
1577034208195,small_vehicle,1,122
1580148710742,large_vehicle,1,135
1580388338693,large_vehicle,10,116
1576366672293,small_vehicle,4,98
1568484787826,large_vehicle,10,174
1572572520010,small_vehicle,8,88
1576379371986,small_vehicle,4,328
1572669517181,small_vehicle,6,220
1571704713402,large_vehicle,3,279
1575873853253,large_vehicle,2,357
1577319320394,small_vehicle,10,230
1577851686185,small_vehicle,10,253
1581930158603,large_vehicle,4,268
1570571762640,small_vehicle,6,73
1580857899916,small_vehicle,10,219
1577383963049,small_vehicle,0,75
1567338479105,small_vehicle,9,350
1565879644688,small_vehicle,5,279
1586670309073,small_vehicle,2,270
1582338654338,large_vehicle,10,302
1574455793068,small_vehicle,4,125
1583363319347,small_vehicle,7,99
1576551534665,small_vehicle,10,47
1575728871655,large_vehicle,10,348
1585857822038,small_vehicle,7,81
1581743922318,small_vehicle,3,0
1582618836990,large_vehicle,1,140
1585132589458,small_vehicle,6,101
1566184083546,large_vehicle,9,263
1570387131323,large_vehicle,6,8
1572098422669,small_vehicle,7,254
1585012618775,small_vehicle,4,254
1573953933897,large_vehicle,10,270
1579282930108,small_vehicle,5,282
1581573210559,small_vehicle,10,126
1564954076810,small_vehicle,4,179
1578695016897,large_vehicle,10,164
1580068296545,small_vehicle,9,258
1583709241872,small_vehicle,6,84
1572614705124,small_vehicle,7,281
1572299676480,small_vehicle,6,315
1577028872435,small_vehicle,0,160
1573902884459,large_vehicle,7,131
1576451836006,small_vehicle,8,295
1565252438273,large_vehicle,7,271
1567771943464,large_vehicle,6,343
1586701922647,large_vehicle,8,83
1571931860765,large_vehicle,4,199
1571461872314,small_vehicle,6,128
1574922080341,large_vehicle,9,3
1579770880229,small_vehicle,10,333
1577292537464,large_vehicle,3,120
1585338769980,small_vehicle,7,99
1579795647329,small_vehicle,7,72
1578279683719,large_vehicle,0,27
1579090372276,large_vehicle,2,141
1568272544429,large_vehicle,10,292
1574550987434,large_vehicle,4,274
1573795677350,large_vehicle,6,117
1583598484006,large_vehicle,4,315
1571189796156,large_vehicle,8,181
1586312197323,large_vehicle,5,306
1584872914770,small_vehicle,4,356
1577390387440,large_vehicle,8,28
1581113865286,large_vehicle,5,48
1582156429417,small_vehicle,6,260
1571535968345,small_vehicle,2,95
1566814009236,small_vehicle,5,350
1571954113603,small_vehicle,7,320
1573755811423,large_vehicle,4,127
1582535567751,small_vehicle,10,208
1574582570895,large_vehicle,5,252
1576362891662,large_vehicle,2,8
1578596429770,large_vehicle,9,78
1574473747811,small_vehicle,0,146
1576173835350,small_vehicle,3,137
1584410365043,small_vehicle,9,256
1574291199021,small_vehicle,5,350
1578175636064,small_vehicle,7,231
1581160631525,large_vehicle,5,53
1584182256191,large_vehicle,4,238
1574536169639,large_vehicle,0,324
1582734510875,small_vehicle,6,290
1571385081486,small_vehicle,2,190
1572484514142,large_vehicle,1,200
1583495601292,small_vehicle,6,209
1571166910142,small_vehicle,8,95
1578553563183,small_vehicle,7,120
1586128829818,large_vehicle,7,244
1582678548723,large_vehicle,10,287
1578930478158,small_vehicle,7,221
1584780869711,small_vehicle,2,332
1571944883348,small_vehicle,0,197
1565949262518,large_vehicle,2,353
1569342605848,small_vehicle,6,307
1579192289901,large_vehicle,10,38
1572933499943,small_vehicle,7,120
1580915029593,large_vehicle,8,349
1569037633972,large_vehicle,9,311
1567637245094,large_vehicle,9,96
1577088132160,small_vehicle,9,286
1578440731887,small_vehicle,0,224
1584461053091,large_vehicle,10,206
1570053752828,small_vehicle,8,224
1571641368234,large_vehicle,5,116
1585842507650,small_vehicle,5,120
1570025145835,small_vehicle,5,13
1568894300928,large_vehicle,3,237
1564645907031,large_vehicle,4,274
1570107457660,small_vehicle,5,104
1580240033330,large_vehicle,2,200
1582627338686,large_vehicle,4,182
1573898821126,small_vehicle,10,188
1580477293471,large_vehicle,1,86
1582761441464,small_vehicle,3,193
1572560976501,large_vehicle,9,170
1574304321796,small_vehicle,5,63
1574193963524,large_vehicle,3,267
1580944955254,large_vehicle,10,291
1582113483507,large_vehicle,2,220
1580195832257,small_vehicle,5,115
1584052594460,small_vehicle,7,339
1568026074105,large_vehicle,0,106
1579777715038,large_vehicle,4,26
1565598288679,large_vehicle,5,181
1566601791786,small_vehicle,9,20
1574877307132,small_vehicle,4,232
1573011302544,small_vehicle,2,61
1569988251316,small_vehicle,3,270
1583608084277,large_vehicle,2,336
1579591819260,large_vehicle,9,188
1576721047848,large_vehicle,9,245
1571507512965,large_vehicle,1,1
1582772915678,small_vehicle,1,330
1585213023712,large_vehicle,0,20
1571109711793,small_vehicle,7,158
1583251632044,large_vehicle,5,44
1578616845564,small_vehicle,6,34
1572545211923,small_vehicle,8,319
1566898057445,large_vehicle,7,155
1574856441950,large_vehicle,8,266
1574337090541,small_vehicle,3,200
1564759514953,large_vehicle,10,265
1577867288458,small_vehicle,10,340
1569418386963,small_vehicle,0,327
1568447561009,small_vehicle,1,26
1572186246760,small_vehicle,10,327
1585975458892,small_vehicle,4,227
1573664613255,large_vehicle,2,18
1572577243868,large_vehicle,10,28
1581232172842,large_vehicle,3,8
1580193419923,small_vehicle,3,280
1575030245927,large_vehicle,1,211
1571812531508,large_vehicle,6,175
1580839921424,large_vehicle,0,298
1584025885698,small_vehicle,1,214
1576288184286,large_vehicle,0,238
1568876839558,large_vehicle,9,339
1570003846153,large_vehicle,6,273
1581416067935,large_vehicle,2,236
1571575912507,large_vehicle,4,322
1569915006819,small_vehicle,9,59
1570969082066,large_vehicle,6,307
1566643575778,large_vehicle,7,31
1569794650791,small_vehicle,9,46
1583857312728,large_vehicle,4,8
1576971913799,large_vehicle,4,234
1573267285541,small_vehicle,0,36
1568269384583,large_vehicle,0,24
1572170795124,large_vehicle,3,117
1573976638753,large_vehicle,8,359
1573991364038,small_vehicle,10,60
1571337800521,large_vehicle,1,190
1582536468754,large_vehicle,1,106
1571139192191,large_vehicle,1,33
1574305226522,large_vehicle,2,149
1585951952273,large_vehicle,0,106
1573960623942,small_vehicle,4,190
1573492656676,large_vehicle,4,313
1577882041461,small_vehicle,4,272
1565375329075,small_vehicle,3,48
1581217493703,small_vehicle,6,343
1582596738525,small_vehicle,9,259
1586698923196,large_vehicle,0,8
1578958628333,small_vehicle,5,100
1584172161124,small_vehicle,9,125
1582659501593,large_vehicle,9,284
1573575469295,small_vehicle,9,232
1567709245021,small_vehicle,8,149
1569969479695,small_vehicle,1,18
1577537850073,large_vehicle,3,307
1568801516905,large_vehicle,4,303
1565556326483,large_vehicle,6,295
1575603289902,large_vehicle,3,252
1583126628313,small_vehicle,1,208
1582298723064,small_vehicle,1,232
1570633051193,small_vehicle,5,160
1582526480054,small_vehicle,9,71
1578392723275,small_vehicle,5,301
1585024991177,large_vehicle,10,228
1576663640417,small_vehicle,4,327
1585784501618,large_vehicle,0,138
1581692395428,large_vehicle,10,176
1586069826744,small_vehicle,6,115
1575990409713,large_vehicle,4,55
1586049357652,small_vehicle,9,260
1569262767686,small_vehicle,10,128
1570006883805,large_vehicle,10,102
1570314627432,small_vehicle,2,142
1582181086790,large_vehicle,2,119
1581438933236,large_vehicle,2,303
1577356033961,large_vehicle,5,160
1577520853158,small_vehicle,1,251
1568590876089,small_vehicle,4,204
1584050407329,large_vehicle,10,315
1567884853297,small_vehicle,9,196
1576106317766,large_vehicle,4,130
1583801042488,large_vehicle,9,275
1583412121273,small_vehicle,8,91
1566006507903,small_vehicle,10,17
1575207550015,large_vehicle,5,331
1564691655559,small_vehicle,0,249
1566121305147,small_vehicle,7,74
1565780493541,small_vehicle,9,91
1579003522282,small_vehicle,8,189
1569453643793,small_vehicle,3,324
1566648013869,large_vehicle,10,227
1579863809307,small_vehicle,10,182
1565281586004,small_vehicle,1,129
1582575650269,large_vehicle,4,145
1585687957114,large_vehicle,6,282
1573568309854,small_vehicle,3,64
1582819908005,small_vehicle,10,65
1573383503244,large_vehicle,0,190
1577418895119,small_vehicle,6,263
1582217886449,small_vehicle,10,16
1576161984131,small_vehicle,4,292
1566953784449,small_vehicle,2,62
1585300178921,large_vehicle,0,60
1567128994940,small_vehicle,1,88
1576344984375,large_vehicle,1,8
1570205675711,small_vehicle,7,101
1579410902853,small_vehicle,5,274
1585326134172,large_vehicle,3,8
1574429617688,small_vehicle,3,348
1574346101974,large_vehicle,4,313
1576526762903,large_vehicle,0,108
1570901978455,small_vehicle,3,240
1579991302077,small_vehicle,8,358
1579092959247,large_vehicle,0,78
1570406835356,small_vehicle,2,272
1580147906810,large_vehicle,3,11
1568352388058,small_vehicle,0,52
1584101910073,large_vehicle,4,267
1566250134043,small_vehicle,9,106
1579088644700,large_vehicle,8,193
1574351233808,large_vehicle,3,138
1579632245887,small_vehicle,2,24
1586712602212,large_vehicle,9,121
1585605617496,small_vehicle,7,185
1576764118151,large_vehicle,2,227
1582645483628,large_vehicle,6,205
1581630381040,large_vehicle,1,320
1582571942703,large_vehicle,3,297
1564949968972,large_vehicle,1,96
1565920113019,small_vehicle,8,49
1580357886829,small_vehicle,3,307
1566048906176,large_vehicle,1,278
1567058347828,small_vehicle,5,188
1565759345585,small_vehicle,5,190
1576881315347,large_vehicle,2,300
1564880080405,large_vehicle,6,321
1569729120702,small_vehicle,8,105
1578695189607,large_vehicle,6,59
1569114243877,large_vehicle,3,329
1567571870129,small_vehicle,1,321
1574460355697,large_vehicle,6,176
1570154364020,large_vehicle,3,166
1565154421191,small_vehicle,1,101
1567318068272,small_vehicle,4,273
1576942373417,small_vehicle,10,193
1579018285442,large_vehicle,7,235
1565257921696,small_vehicle,5,203
1572076759177,large_vehicle,8,338
1574562045980,small_vehicle,10,336
1584392877454,large_vehicle,7,289
1575952288971,large_vehicle,0,332
1579795149546,small_vehicle,7,96
1572243644229,large_vehicle,7,338
1582349598821,large_vehicle,0,112
1565458288410,small_vehicle,3,46
1586109061587,large_vehicle,8,219
1571843569878,small_vehicle,1,145
1573586100138,large_vehicle,3,22
1580388241955,small_vehicle,6,207
1584282596115,large_vehicle,3,86
1582087347620,large_vehicle,4,30
1580249342509,small_vehicle,2,176
1567547704310,large_vehicle,4,301
1565964703555,small_vehicle,10,285
1566307406226,large_vehicle,3,213
1568424669487,small_vehicle,10,46
1578061803617,large_vehicle,3,333
1577087636407,large_vehicle,6,169
1575120742613,large_vehicle,9,264
1571227581693,small_vehicle,7,286
1579374811651,small_vehicle,5,354
1574263009433,small_vehicle,6,310
1575537119438,small_vehicle,0,135
1566351440995,small_vehicle,10,238
1575791420394,small_vehicle,2,317
1586667806803,large_vehicle,2,192
1584075945419,large_vehicle,9,350
1575277231495,large_vehicle,9,33
1577071514285,large_vehicle,3,355
1581803930568,large_vehicle,6,240
1569456517789,small_vehicle,8,150
1568442752692,small_vehicle,10,173
1574402022458,large_vehicle,1,169
1573281442233,large_vehicle,10,314
1567110560962,large_vehicle,4,304
1568744237153,large_vehicle,8,45
1570905297356,small_vehicle,3,225
1585735175230,large_vehicle,9,201
1572863438825,large_vehicle,8,302
1570216228557,small_vehicle,10,275
1578812265836,small_vehicle,5,349
1568021311322,large_vehicle,2,197
1569662864602,large_vehicle,1,144
1571609021515,large_vehicle,7,325
1585895858727,large_vehicle,6,340
1585994497238,large_vehicle,8,126
1570204277596,large_vehicle,5,128
1572241751987,small_vehicle,4,90
1566628783041,large_vehicle,1,260
1578942130608,large_vehicle,2,57
1567595878138,small_vehicle,6,207
1576104493482,small_vehicle,8,276
1570245781852,small_vehicle,10,1
1565549162986,large_vehicle,9,357
1569842773403,small_vehicle,10,95
1580948915710,large_vehicle,5,97
1574140777175,small_vehicle,4,260
1568015961988,small_vehicle,9,322
1565641810415,small_vehicle,4,43
1577963310260,small_vehicle,1,88
1573317337031,small_vehicle,5,73
1585474257750,large_vehicle,2,222
1584262469846,large_vehicle,5,161
1575453268181,small_vehicle,6,96
1569044036352,small_vehicle,2,74
1566028606160,small_vehicle,2,78
1570948043576,large_vehicle,0,324
1578267899352,large_vehicle,7,210
1586114447735,small_vehicle,8,7
1581543772062,small_vehicle,3,335
1572549811339,large_vehicle,7,343
1581261390897,small_vehicle,5,94
1583626116861,small_vehicle,1,265
1576064971015,small_vehicle,3,206
1571655245686,large_vehicle,0,143
1581448807145,small_vehicle,6,324
1585341769728,small_vehicle,7,76
1576664461520,large_vehicle,8,100
1570862651902,large_vehicle,4,213
1569842610040,small_vehicle,10,308
1575706927070,large_vehicle,5,70
1568873344316,small_vehicle,0,153
1585353900906,large_vehicle,8,40
1567614642981,small_vehicle,7,114
1573937279588,large_vehicle,5,117
1565479813833,small_vehicle,7,121
1570661706735,small_vehicle,5,177
1572355909123,large_vehicle,6,129
1577381807040,large_vehicle,4,334
1581912584790,large_vehicle,4,2
1566649297157,small_vehicle,0,13
1581247610132,small_vehicle,1,279
1572932879324,large_vehicle,2,8
1572922883776,large_vehicle,8,16
1567113899518,large_vehicle,7,10
1568724291948,small_vehicle,0,54
1582094124127,large_vehicle,8,327
1581819984996,large_vehicle,1,101
1569371403662,large_vehicle,0,336
1572530088678,large_vehicle,10,18
1570502062343,small_vehicle,9,51
1582386900590,small_vehicle,5,27
1564985186253,small_vehicle,2,259
1583774303032,large_vehicle,1,148
1569285774907,large_vehicle,6,248
1586307777081,large_vehicle,10,141
1574765187616,large_vehicle,6,125
1585762768254,small_vehicle,10,208
1567100690708,small_vehicle,0,338
1584052573917,small_vehicle,7,82
1576060777452,large_vehicle,10,264
1585788996762,small_vehicle,1,50
1568058453524,small_vehicle,3,287
1584122540631,small_vehicle,4,171
1578161750487,small_vehicle,1,37
1581141769588,large_vehicle,4,245
1565419130471,small_vehicle,8,110
1583928862479,small_vehicle,1,4
1582902204882,large_vehicle,9,315
1573909608387,large_vehicle,3,130
1580066820615,small_vehicle,4,155
1576451506685,large_vehicle,8,72
1581741117952,large_vehicle,9,323
1571916910479,small_vehicle,10,76
1572505429993,small_vehicle,6,264
1580221540001,large_vehicle,10,264
1574610824791,large_vehicle,8,271
1575639015570,small_vehicle,2,142
1579400417078,large_vehicle,5,143
1567957373233,large_vehicle,5,42
1574898489695,small_vehicle,9,101
1584562164839,large_vehicle,5,309
1572638205673,large_vehicle,0,48
1569134766200,small_vehicle,5,161
1567953833906,large_vehicle,0,299
1569922949468,large_vehicle,3,108
1573626313106,large_vehicle,5,34
1579284393149,large_vehicle,6,169
1578485329853,large_vehicle,9,314
1584511302177,small_vehicle,7,354
1565718418310,small_vehicle,2,184
1583900024136,large_vehicle,3,105
1577405787949,large_vehicle,2,74
1580983723397,large_vehicle,2,234
1578727383002,small_vehicle,8,9
1579953201470,small_vehicle,5,98
1567814154895,small_vehicle,8,131
1581074158463,small_vehicle,0,95
1574308857798,large_vehicle,5,28
1586083521655,small_vehicle,4,3
1580178008026,large_vehicle,5,240
1571175343671,large_vehicle,9,1
1586034207590,large_vehicle,5,95
1568691667304,large_vehicle,1,332
1575755364669,small_vehicle,1,207
1570967142776,large_vehicle,2,56
1578368875677,small_vehicle,5,314
1580951944902,large_vehicle,4,242
1582172738136,small_vehicle,0,211
1578229362136,small_vehicle,9,20
1569409840992,large_vehicle,8,25
1575226759069,small_vehicle,5,255
1572046880952,small_vehicle,6,133
1586017782728,small_vehicle,4,314
1585178945457,small_vehicle,4,174
1570505290336,small_vehicle,4,271
1572596586584,large_vehicle,4,62
1576026819614,small_vehicle,2,360
1564879389700,large_vehicle,8,331
1567749890957,small_vehicle,10,97
1581045869232,large_vehicle,0,136
1574635248796,large_vehicle,10,33
1570156410207,small_vehicle,4,250
1565295278211,large_vehicle,10,344
1575175416661,large_vehicle,8,45
1579835747003,small_vehicle,7,333
1570750854751,small_vehicle,3,266
1570789046215,small_vehicle,0,90
1582876229051,large_vehicle,9,289
1581244710974,large_vehicle,0,124
1582162391122,large_vehicle,4,133
1566538351646,large_vehicle,1,101
1575136612685,large_vehicle,9,90
1582783292158,large_vehicle,7,106
1581846660332,small_vehicle,6,255
1579222306289,small_vehicle,4,252
1583420489353,large_vehicle,6,177
1584078525664,small_vehicle,2,74
1585212992275,large_vehicle,7,9
1569654229639,large_vehicle,5,359
1567028705020,small_vehicle,9,227
1567783485232,large_vehicle,5,280
1575553282727,small_vehicle,1,322
1580680834869,small_vehicle,4,27
1578091246916,small_vehicle,5,100
1565989446521,large_vehicle,3,140
1570936278443,small_vehicle,7,114
1581778150455,large_vehicle,2,83
1565948577790,large_vehicle,8,339
1569600104629,small_vehicle,7,190
1586220729832,large_vehicle,10,217
1569609906916,large_vehicle,4,165
1586034678702,large_vehicle,9,40
1585991764314,small_vehicle,2,292
1578097049865,large_vehicle,9,150
1586000827839,large_vehicle,5,151
1566693706743,small_vehicle,6,77
1584360855415,large_vehicle,10,13
1577654114269,small_vehicle,10,166
1573105341558,large_vehicle,0,349
1585456431742,large_vehicle,1,100
1580451724593,small_vehicle,3,328
1572969685191,small_vehicle,0,104
1571248814890,large_vehicle,9,227
1577886330591,small_vehicle,8,357
1582596459033,small_vehicle,1,34
1575096382060,large_vehicle,8,294
1579377631023,small_vehicle,0,68
1581821436084,large_vehicle,3,136
1570210614518,large_vehicle,4,278
1569773260541,small_vehicle,1,103
1574253827799,large_vehicle,4,142
1571028367337,large_vehicle,0,182
1574347684454,small_vehicle,5,247
1585021191903,small_vehicle,10,62
1582517291353,small_vehicle,0,294
1581238077405,small_vehicle,7,303
1566116286121,small_vehicle,9,192
1580518771171,large_vehicle,1,139
1571318210174,large_vehicle,0,169
1579392173274,large_vehicle,0,276
1582713367666,large_vehicle,1,67
1565578034880,small_vehicle,6,218
1570411474899,large_vehicle,1,277
1568493531942,large_vehicle,10,165
1574867237431,small_vehicle,10,223
1570056121649,small_vehicle,10,195
1581218660496,large_vehicle,7,111
1573741683943,large_vehicle,1,8
1571805105052,large_vehicle,6,11
1582075427611,small_vehicle,0,313
1566873101675,small_vehicle,1,281
1574548822799,large_vehicle,7,207
1575052532802,small_vehicle,6,276
1583492858850,small_vehicle,6,52
1573217111707,small_vehicle,9,248
1567438636377,small_vehicle,8,303
1564762613398,small_vehicle,4,235
1583243430932,small_vehicle,6,143
1580518399964,small_vehicle,0,217
1580527123842,large_vehicle,7,128
1584191461824,small_vehicle,1,171
1573065777848,large_vehicle,9,92
1581450210013,small_vehicle,2,51
1573200861937,large_vehicle,1,102
1569720566750,small_vehicle,9,144
1568433245448,small_vehicle,1,148
1566513343553,large_vehicle,0,219
1579013135872,small_vehicle,7,247
1567465098182,large_vehicle,9,64
1581044870146,small_vehicle,10,289
1569850932751,large_vehicle,5,164
1571368303023,large_vehicle,1,242
1583164758264,large_vehicle,5,347
1568528095745,small_vehicle,7,151
1585389654541,small_vehicle,4,280
1574411199623,small_vehicle,5,344
1584843773738,large_vehicle,5,48
1573258323646,small_vehicle,3,346
1569825222620,large_vehicle,6,191
1579137935717,large_vehicle,3,82
1584048946934,small_vehicle,1,290
1567943113671,large_vehicle,10,188
1574896580490,large_vehicle,9,245
1582022660552,small_vehicle,9,353
1583592448143,large_vehicle,8,271
1564832632806,large_vehicle,1,106
1586545904295,large_vehicle,5,227
1578113916760,small_vehicle,0,207
1581887151449,large_vehicle,2,24
1571652482102,small_vehicle,9,304
1581296492439,small_vehicle,1,269
1566659549034,small_vehicle,6,293
1577232096914,small_vehicle,4,121
1577517294871,small_vehicle,8,147
1564835002646,small_vehicle,0,312
1582622063499,small_vehicle,10,247
1580121377312,large_vehicle,6,136
1565419291122,small_vehicle,2,107
1567714851400,small_vehicle,2,86
1580608420483,large_vehicle,0,201
1570393437254,small_vehicle,9,107
1567790356876,small_vehicle,0,71
1567255493019,small_vehicle,6,319
1584159028789,small_vehicle,1,297
1565167025847,large_vehicle,7,164
1567500072592,small_vehicle,3,87
1577183534303,large_vehicle,2,62
1574819803112,small_vehicle,8,307
1576303182278,small_vehicle,7,105
1571965958175,small_vehicle,5,118
1574496584676,small_vehicle,10,29
1566712149464,small_vehicle,2,46
1581616502135,small_vehicle,9,278
1570489126352,small_vehicle,10,245
1574103666570,small_vehicle,7,228
1565004927035,large_vehicle,6,334
1570024728836,large_vehicle,7,247
1581136884483,small_vehicle,9,200
1579576899993,large_vehicle,0,259
1582633620219,large_vehicle,6,184
1581693149758,large_vehicle,6,100
1579941439452,large_vehicle,6,114
1577023005562,small_vehicle,8,337
1582584908744,small_vehicle,5,86
1586521639427,large_vehicle,6,65
1571495008158,small_vehicle,8,280
1576693861851,small_vehicle,2,231
1580776478818,small_vehicle,6,215
1584192526039,large_vehicle,5,204
1580552722551,small_vehicle,0,272
1577800021299,small_vehicle,10,76
1580215076982,large_vehicle,2,349
1577577572022,small_vehicle,9,270
1585040539063,small_vehicle,0,332
1580729633737,small_vehicle,2,38
1574076387438,small_vehicle,0,311
1582002049833,large_vehicle,7,345
1584111581185,small_vehicle,0,145
1585701272472,small_vehicle,3,175
1573777667326,small_vehicle,3,207
1568553462275,large_vehicle,3,1
1569838490353,small_vehicle,0,5
1570660219689,small_vehicle,1,97
1566193286518,small_vehicle,8,340
1565239988081,small_vehicle,1,348
1565279216654,small_vehicle,10,98
1575306715807,large_vehicle,10,145
1570797864943,large_vehicle,2,105
1574657113177,large_vehicle,5,134
1585188359160,large_vehicle,4,142
1580474765889,large_vehicle,10,99
1579204878955,small_vehicle,6,193
1576995493498,large_vehicle,5,112
1586666369142,small_vehicle,0,242
1577861780732,large_vehicle,4,312
1578378550061,large_vehicle,3,18
1564810757979,large_vehicle,3,334
1574385001134,small_vehicle,6,273
1583532228802,small_vehicle,0,79
1577828239642,small_vehicle,0,145
1573724043790,large_vehicle,5,242
1582266428798,small_vehicle,10,98
1580795199224,large_vehicle,7,357
1566937546312,large_vehicle,0,321
1585421924974,large_vehicle,8,357
1567060430756,small_vehicle,7,312
1583107644407,large_vehicle,0,134
1571776492210,small_vehicle,10,350
1575518187225,large_vehicle,1,168
1582968736930,large_vehicle,3,145
1565780691100,small_vehicle,4,171
1581830902532,small_vehicle,8,352
1570350663669,small_vehicle,1,146
1578289501302,large_vehicle,9,138
1580214614996,small_vehicle,4,285
1566489029152,small_vehicle,10,313
1564793640148,large_vehicle,10,333
1565217301516,large_vehicle,9,98
1584531564365,large_vehicle,2,263
1583935639689,large_vehicle,5,92
1578866099501,small_vehicle,4,29
1571023896847,small_vehicle,1,108
1582168423872,large_vehicle,1,246
1578219635099,small_vehicle,9,91
1584676284841,large_vehicle,3,269
1581571481805,small_vehicle,1,208
1571006116572,small_vehicle,10,273
1582894042503,large_vehicle,9,52
1579228730802,large_vehicle,8,162
1578149908469,small_vehicle,0,307
1577422797344,small_vehicle,1,118
1574598115541,small_vehicle,9,10
1566620722863,large_vehicle,7,65
1582415566279,large_vehicle,4,174
1580916387246,large_vehicle,6,143
1583746367627,large_vehicle,6,92
1579327519576,large_vehicle,7,242
1575393509263,small_vehicle,2,102
1579498597419,large_vehicle,5,5
1577392654637,large_vehicle,5,273
1575793751281,small_vehicle,7,288
1579922422952,large_vehicle,3,185
1580081820776,small_vehicle,8,167
1565576524854,small_vehicle,5,5
1576958656260,large_vehicle,6,166
1569332152403,large_vehicle,1,78
1567425982158,small_vehicle,3,223
1585263712269,small_vehicle,0,323
1581112717951,small_vehicle,3,72
1565012308876,small_vehicle,6,230
1575242338601,small_vehicle,5,157
1565601966665,small_vehicle,3,237
1567008368141,large_vehicle,10,298
1569877165723,small_vehicle,0,87
1581389100234,small_vehicle,6,54
1580985640837,large_vehicle,5,257
1578170558034,small_vehicle,7,107
1574697913554,large_vehicle,8,329
1573981857046,large_vehicle,3,62
1585596436564,small_vehicle,6,188
1574436382750,small_vehicle,4,230
1568388694534,large_vehicle,0,341
1569460607089,small_vehicle,8,112
1568458034724,large_vehicle,1,312
1581592503256,small_vehicle,10,159
1579232315601,large_vehicle,8,250
1577998119159,small_vehicle,3,120
1566743224357,large_vehicle,10,351
1574081085853,small_vehicle,9,105
1577809609461,small_vehicle,2,287
1567603661575,small_vehicle,3,224
1578880842804,small_vehicle,2,257
1577956043536,large_vehicle,10,292
1585912106421,small_vehicle,5,58
1586633003743,large_vehicle,1,12
1582544463381,small_vehicle,0,136
1566949767093,small_vehicle,5,36
1574214690841,large_vehicle,3,348
1584539548130,large_vehicle,8,308
1568470070166,large_vehicle,7,81
1564994394528,small_vehicle,4,182
1564842118821,small_vehicle,2,92
1577710794451,small_vehicle,4,34
1568446765205,large_vehicle,7,356
1583820275633,large_vehicle,8,33
1586394721031,small_vehicle,7,179
1580297385257,large_vehicle,0,270
1582298665307,small_vehicle,7,176
1584546361259,small_vehicle,0,180
1566147146918,large_vehicle,10,3
1581487081402,large_vehicle,5,210
1565826336486,large_vehicle,0,51
1586168004548,large_vehicle,7,19
1568543190491,large_vehicle,1,2
1580461487713,large_vehicle,4,56
1583814545874,large_vehicle,8,0
1578074864316,large_vehicle,6,360
1582332597859,large_vehicle,7,216
1579129073414,small_vehicle,10,138
1585855948651,large_vehicle,2,297
1582124686111,large_vehicle,2,159
1573477708983,large_vehicle,8,249
1576276885961,small_vehicle,1,328
1568257128801,small_vehicle,6,346
1585456391256,small_vehicle,2,45
1579743171625,large_vehicle,6,314
1577771334814,small_vehicle,5,312
1570318028382,large_vehicle,4,82
