1575104088401,small_vehicle,4,99
1567658425326,large_vehicle,2,41
1582316665151,large_vehicle,3,184
1567793481226,small_vehicle,6,53
1585322327879,small_vehicle,9,291
1571808389372,large_vehicle,6,84
1582933910064,large_vehicle,7,76
1583014079648,small_vehicle,8,350
1579011384454,small_vehicle,2,210
1565215599058,small_vehicle,7,347
1581647249385,large_vehicle,4,263
1568589890953,large_vehicle,7,151
1584704880239,large_vehicle,9,100
1571443868962,small_vehicle,10,140
1575044938312,small_vehicle,7,304
1585654072670,large_vehicle,4,169
1576241893185,small_vehicle,2,275
1583094145228,large_vehicle,0,211
1586475381380,large_vehicle,6,318
1574230896250,large_vehicle,2,168
1570460256503,small_vehicle,10,45
1573759660737,small_vehicle,10,105
1576220718919,small_vehicle,5,100
1575949454329,small_vehicle,10,217
1574040565298,small_vehicle,3,132
1576769430731,large_vehicle,1,76
1572727289808,small_vehicle,0,4
1581583622729,small_vehicle,10,209
1578290561507,large_vehicle,4,86
1565530908489,large_vehicle,10,116
1573513211089,large_vehicle,5,132
1575786763304,large_vehicle,4,124
1575582328253,large_vehicle,3,3
1585078574456,small_vehicle,0,74
1566922469423,small_vehicle,9,140
1584835803174,small_vehicle,1,26
1577914150124,small_vehicle,7,292
1573565335113,large_vehicle,9,19
1583892240316,small_vehicle,2,163
1583523032102,large_vehicle,7,293
1586295744923,large_vehicle,10,280
1583880151211,small_vehicle,3,351
1572922674419,small_vehicle,8,198
1578373280503,small_vehicle,6,107
1565744002265,large_vehicle,1,182
1575948738223,large_vehicle,1,136
1576789598320,small_vehicle,8,150
1573284884057,small_vehicle,6,352
1571792465857,large_vehicle,8,130
1583772600603,small_vehicle,1,342
1579470829131,large_vehicle,2,133
1584448571323,small_vehicle,10,44
1569707984084,large_vehicle,9,175
1575753910331,large_vehicle,5,74
1565071604072,large_vehicle,3,141
1574120856251,small_vehicle,1,220
1568539495865,large_vehicle,2,352
1568460496240,large_vehicle,3,159
1566557578560,small_vehicle,4,213
1578545111607,small_vehicle,3,150
1586157964044,large_vehicle,6,156
1570039258986,large_vehicle,3,334
1572557742614,small_vehicle,9,40
1581840688692,small_vehicle,8,238
1567344223387,large_vehicle,2,357
1568791691537,large_vehicle,9,292
1572609628989,small_vehicle,0,276
1564980975425,small_vehicle,8,233
1571841051865,large_vehicle,1,265
1581031182423,small_vehicle,6,88
1584353852197,small_vehicle,8,110
1582701864296,large_vehicle,6,123
1581682331861,large_vehicle,4,108
1580869774566,small_vehicle,7,138
1565004018609,small_vehicle,5,268
1574732647173,large_vehicle,6,254
1568098492574,small_vehicle,10,286
1581011631790,small_vehicle,0,339
1575094950724,large_vehicle,1,156
1572954211374,small_vehicle,8,182
1579782081272,small_vehicle,5,143
1586365184035,small_vehicle,10,78
1565630353274,small_vehicle,5,229
1571734327642,large_vehicle,9,3
1564748824037,large_vehicle,1,70
1573889252361,small_vehicle,2,337
1570008993058,large_vehicle,2,214
1577365397596,small_vehicle,5,161
1585251045335,small_vehicle,7,177
1571905068456,small_vehicle,1,263
1577848984615,large_vehicle,9,287
1567575875211,small_vehicle,4,2
1569750185859,small_vehicle,6,335
1584161054935,small_vehicle,2,253
1576924259479,small_vehicle,4,196
1575391050323,large_vehicle,2,85
1579419807300,small_vehicle,9,314
1584888806431,large_vehicle,0,311
1581068173934,large_vehicle,6,251
1586720209420,large_vehicle,7,282
1574307202246,small_vehicle,5,279
1581739926871,large_vehicle,8,175
1582845506867,small_vehicle,5,70
1582176078433,large_vehicle,4,154
1572472753623,small_vehicle,5,7
1575868864960,large_vehicle,6,130
1584084512023,small_vehicle,3,273
1579568650862,small_vehicle,5,349
1584790016018,large_vehicle,5,102
1578944584233,small_vehicle,6,63
1568289404751,small_vehicle,0,212
1572667121236,small_vehicle,10,273
1583545356107,small_vehicle,5,357
1571025496357,large_vehicle,8,4
1578981220638,large_vehicle,0,83
1572088072140,large_vehicle,9,192
1567837118902,small_vehicle,10,130
1580992848117,large_vehicle,7,23
1572040423084,small_vehicle,5,37
1567167779733,small_vehicle,2,55
1574005540670,small_vehicle,1,39
1569980677865,small_vehicle,10,13
1566496017513,large_vehicle,3,36
1583670486406,large_vehicle,3,222
1582057810764,large_vehicle,6,217
1584667316487,small_vehicle,3,119
1575763915859,small_vehicle,8,223
1578221751562,large_vehicle,2,168
1565140695715,small_vehicle,8,45
1585472522857,large_vehicle,9,132
1569779834811,large_vehicle,0,37
1564712982401,large_vehicle,4,208
1578765360217,large_vehicle,2,47
1584667146767,large_vehicle,2,136
1574086477637,small_vehicle,0,323
1566604777279,small_vehicle,5,358
1570912337387,large_vehicle,6,68
1569117094078,small_vehicle,5,145
1572270689337,small_vehicle,8,305
1574732402546,large_vehicle,8,89
1569532422677,large_vehicle,10,358
1565847557398,large_vehicle,2,58
1582630211968,small_vehicle,2,212
1574652765600,small_vehicle,8,51
1577816000744,large_vehicle,2,142
1566839934575,small_vehicle,5,83
1581036771942,small_vehicle,2,113
1565996683139,large_vehicle,9,136
1574678495305,large_vehicle,1,292
1571529818294,large_vehicle,5,299
1570669406347,large_vehicle,6,318
1567143209759,large_vehicle,8,208
1577230827584,small_vehicle,2,28
1577406905932,large_vehicle,8,75
1570550376945,large_vehicle,9,231
1568302722986,small_vehicle,6,353
1565079738729,small_vehicle,3,324
1582629739338,small_vehicle,8,262
1565439284543,small_vehicle,8,303
1577120122569,small_vehicle,10,117
1584129656723,small_vehicle,3,1
1567117927154,large_vehicle,2,343
1575821856626,small_vehicle,4,355
1577770837177,small_vehicle,10,58
1574064825257,small_vehicle,4,352
1574725846277,small_vehicle,10,253
1580151972252,large_vehicle,1,340
1565742583127,small_vehicle,8,351
1577156815544,small_vehicle,0,267
1565192907469,small_vehicle,6,289
1573915048771,large_vehicle,0,164
1568384705429,large_vehicle,3,50
1579633561044,large_vehicle,7,147
1579003493964,large_vehicle,0,61
1568321915993,small_vehicle,6,294
1585379681152,large_vehicle,4,137
1577789528732,large_vehicle,3,105
1577363671301,large_vehicle,0,111
1586699600856,small_vehicle,7,336
1585054973504,large_vehicle,5,230
1568969571667,small_vehicle,10,69
1576110259246,large_vehicle,0,10
1569254521535,small_vehicle,4,244
1585822291541,large_vehicle,2,50
1574266562152,small_vehicle,1,109
1569845263241,large_vehicle,2,18
1577587126753,small_vehicle,7,244
1572368754622,small_vehicle,2,350
1572435372762,large_vehicle,10,75
1568682997679,large_vehicle,0,55
1579729615935,small_vehicle,0,40
1565024297753,small_vehicle,1,55
1565687753073,small_vehicle,3,3
1585876758474,small_vehicle,6,127
1579444381005,small_vehicle,2,214
1569468856466,large_vehicle,4,92
1578305965320,small_vehicle,2,111
1569180433390,small_vehicle,6,309
1571775256259,small_vehicle,9,260
1586287939426,large_vehicle,3,13
1574915543706,small_vehicle,5,140
1586183907324,large_vehicle,8,213
1574098515254,large_vehicle,4,178
1565289621894,large_vehicle,5,315
1585112995609,small_vehicle,2,322
1585257359266,large_vehicle,3,88
1572793126319,large_vehicle,5,64
1564850669428,large_vehicle,0,329
1575949331522,large_vehicle,3,302
1567887450615,large_vehicle,9,127
1567460977767,large_vehicle,6,302
1566043342262,small_vehicle,5,8
1577363345600,large_vehicle,0,231
1586518020750,large_vehicle,7,228
1576707912345,large_vehicle,10,46
1567349075117,large_vehicle,0,66
1572627803056,small_vehicle,5,202
1586258709563,large_vehicle,7,60
1574517774212,small_vehicle,5,359
1585426387795,large_vehicle,4,196
1579561490902,small_vehicle,8,173
1567076430248,large_vehicle,10,177
1572387827904,small_vehicle,2,307
1579634509980,small_vehicle,5,141
1569197250798,small_vehicle,6,200
1579068389508,large_vehicle,9,181
1580552453005,large_vehicle,1,51
1573544150380,small_vehicle,4,54
1572952361857,large_vehicle,7,332
1578547934409,small_vehicle,2,176
1573627067760,small_vehicle,3,244
1573330487716,small_vehicle,9,119
1571566448734,large_vehicle,6,260
1577068140150,small_vehicle,7,72
1566182526688,small_vehicle,2,272
1583210587342,large_vehicle,6,196
1577450534489,large_vehicle,10,360
1574763606673,large_vehicle,10,89
1581177554892,large_vehicle,2,328
1571415744184,small_vehicle,0,198
1570640952479,small_vehicle,2,84
1581259524005,large_vehicle,3,141
1572920677517,large_vehicle,6,113
1567316350755,large_vehicle,6,247
1570928671469,large_vehicle,1,15
1568318827198,large_vehicle,2,127
1573664271216,large_vehicle,6,73
1583823022122,small_vehicle,6,198
1579916637698,large_vehicle,0,224
1568889430396,large_vehicle,9,336
1576958833216,large_vehicle,10,218
1577922238165,small_vehicle,4,23
1581148899939,small_vehicle,3,127
1572012725056,small_vehicle,7,64
1581817457439,large_vehicle,6,4
1571905345496,small_vehicle,10,91
1572768119799,large_vehicle,2,93
1565926826498,small_vehicle,2,275
1583326239801,small_vehicle,6,174
1573843358520,small_vehicle,10,31
1578076698383,small_vehicle,10,69
1583809551566,small_vehicle,3,176
1580118987650,large_vehicle,2,266
1571269760182,small_vehicle,6,270
1565862382252,large_vehicle,6,117
1577417397296,small_vehicle,3,105
1576855289975,large_vehicle,10,126
1584026252946,small_vehicle,1,347
1580923616247,small_vehicle,1,226
1568453570810,large_vehicle,7,334
1571284516517,large_vehicle,7,152
1568418246784,small_vehicle,1,339
1575255563358,small_vehicle,1,200
1569592902394,large_vehicle,5,16
1566878050757,small_vehicle,9,166
1566806525771,small_vehicle,5,43
1585648778983,small_vehicle,7,201
1569987957832,small_vehicle,8,171
1567450871155,large_vehicle,9,14
1565745334169,large_vehicle,0,293
1572449042044,small_vehicle,1,255
1582541215026,large_vehicle,8,182
1569182739474,large_vehicle,8,174
1577439777841,large_vehicle,0,91
1585675461716,large_vehicle,7,325
1576951538921,small_vehicle,1,127
1579763944324,small_vehicle,10,135
1578364293437,large_vehicle,9,117
1574820598304,large_vehicle,2,136
1566917622748,small_vehicle,4,90
1576201757942,small_vehicle,2,157
1569753203986,large_vehicle,9,284
1572775105652,small_vehicle,9,171
1583271117857,large_vehicle,5,187
1570839091882,small_vehicle,3,210
1576668862205,large_vehicle,2,199
1584908837128,large_vehicle,2,235
1566926380893,small_vehicle,9,28
1586563824318,large_vehicle,0,349
1575301646589,small_vehicle,4,40
1571878267397,small_vehicle,5,298
1568286362255,large_vehicle,0,174
1575190907756,large_vehicle,0,50
1572564166895,small_vehicle,10,252
1582465627859,small_vehicle,2,327
1566196909903,small_vehicle,0,119
1574306953853,large_vehicle,6,235
1569333038198,large_vehicle,5,7
1585354613537,large_vehicle,7,178
1578747969159,small_vehicle,9,113
1580041153771,small_vehicle,0,232
1569332530683,small_vehicle,1,108
1578838458310,large_vehicle,2,194
1584519082147,small_vehicle,4,109
1574339502869,small_vehicle,10,193
1584818898846,large_vehicle,1,107
1585533294233,small_vehicle,2,121
1576994614546,small_vehicle,1,153
1575304575818,small_vehicle,1,162
1573261793416,small_vehicle,9,203
1580113753900,large_vehicle,0,126
1566616128559,small_vehicle,4,123
1567389970299,small_vehicle,5,234
1574007790444,small_vehicle,0,284
1584638776465,large_vehicle,10,218
1583028489575,small_vehicle,3,250
1576439463927,small_vehicle,7,27
1566017321115,large_vehicle,6,151
1567822406702,large_vehicle,7,143
1575479176683,small_vehicle,1,313
1565416129030,large_vehicle,1,294
1573045929509,large_vehicle,2,65
1576281814540,large_vehicle,5,33
1566767422650,small_vehicle,7,320
1579809744044,large_vehicle,0,115
1581340350945,small_vehicle,10,104
1565204078829,large_vehicle,5,200
1584073716625,small_vehicle,1,14
1568048080446,large_vehicle,1,101
1568064179362,large_vehicle,4,253
1577651029400,small_vehicle,7,162
1575508957148,small_vehicle,6,160
1579510229645,small_vehicle,6,99
1585682700920,large_vehicle,5,94
1572364427390,large_vehicle,6,302
1582079616697,large_vehicle,3,83
1586477468708,small_vehicle,6,124
1573966054000,large_vehicle,3,204
1583983585960,large_vehicle,9,348
1565260794851,small_vehicle,6,174
1577531671961,large_vehicle,9,12
1582890461776,small_vehicle,10,177
1566383453463,large_vehicle,1,163
1573818010255,large_vehicle,9,46
1568207605291,large_vehicle,10,191
1566852994455,small_vehicle,8,129
1578836802532,large_vehicle,3,59
1568061484279,small_vehicle,9,291
1577754077992,small_vehicle,6,202
1578945585826,large_vehicle,3,84
1574424642036,small_vehicle,6,191
1585726925122,small_vehicle,9,240
1577836872206,small_vehicle,1,55
1570903569343,large_vehicle,5,253
1581231936982,small_vehicle,5,57
1567823128576,large_vehicle,2,179
1567569925424,large_vehicle,8,144
1574114040598,small_vehicle,10,240
1584262773444,large_vehicle,0,326
1582852805606,small_vehicle,2,244
1583324468526,large_vehicle,9,188
1575698646286,small_vehicle,5,182
1586363198474,small_vehicle,7,144
1583041079093,small_vehicle,6,24
1576821225561,small_vehicle,6,170
1569862437979,large_vehicle,5,242
1580313268669,large_vehicle,1,83
1565418616211,large_vehicle,5,184
1570334668143,large_vehicle,9,185
1571122152110,small_vehicle,4,314
1582598077167,small_vehicle,2,206
1582844835545,large_vehicle,1,360
1571980412038,small_vehicle,7,205
1580758064591,small_vehicle,3,28
1571896845189,small_vehicle,0,19
1566074934994,large_vehicle,3,183
1579979297344,large_vehicle,7,191
1574137512689,large_vehicle,7,53
1583988887971,large_vehicle,6,47
1575246607799,small_vehicle,6,252
1571963258609,large_vehicle,2,48
1586067070099,small_vehicle,3,12
1584226248757,large_vehicle,5,179
1579980519174,large_vehicle,10,106
1567651953445,large_vehicle,5,239
1573662372438,small_vehicle,2,85
1585536563498,small_vehicle,4,167
1574686882947,small_vehicle,4,275
1565831418337,small_vehicle,2,168
1586327044619,small_vehicle,3,93
1574437456394,small_vehicle,4,272
1582617748739,large_vehicle,2,146
1580192242388,small_vehicle,5,75
1586713996027,small_vehicle,7,49
1586372610216,large_vehicle,10,168
1570177173947,small_vehicle,2,22
1576847190747,small_vehicle,7,182
1567920864158,large_vehicle,9,334
1567949767992,large_vehicle,0,99
1582495949666,large_vehicle,0,158
1583418533593,large_vehicle,10,202
1569973748117,large_vehicle,2,139
1567956831652,small_vehicle,4,107
1584928362537,small_vehicle,4,19
1585496267054,small_vehicle,1,136
1567333384867,small_vehicle,0,215
1565101626217,small_vehicle,9,268
1573532509999,small_vehicle,0,46
1579584516209,small_vehicle,1,69
1579053344142,small_vehicle,4,359
1570023547249,small_vehicle,2,305
1586075661658,small_vehicle,0,253
1576687353940,large_vehicle,10,344
1579692553117,large_vehicle,8,237
1575076986624,large_vehicle,10,35
1567271599918,large_vehicle,0,222
1580620298217,small_vehicle,8,209
1579927344794,large_vehicle,5,282
1586524976669,large_vehicle,8,218
1565834277817,small_vehicle,7,346
1576704426684,large_vehicle,5,256
1578466146524,small_vehicle,9,265
1581730516090,large_vehicle,0,258
1578664962202,large_vehicle,4,161
1569225364507,large_vehicle,5,239
1581939025565,large_vehicle,2,265
1576153068368,small_vehicle,10,93
1565062236837,small_vehicle,3,70
1586054440662,small_vehicle,8,327
1580646821621,large_vehicle,4,38
1576224346189,large_vehicle,10,135
1583104192181,large_vehicle,0,67
1573425059258,large_vehicle,10,328
1572410419619,small_vehicle,6,292
1569564326844,large_vehicle,2,224
1578062433955,large_vehicle,4,36
1566241200663,small_vehicle,1,52
1573565037934,large_vehicle,0,95
1567468061029,small_vehicle,10,11
1566911214188,small_vehicle,8,241
1570369611781,small_vehicle,5,306
1564717260003,small_vehicle,8,167
1580503955943,large_vehicle,5,177
1576654474061,large_vehicle,0,204
1571084628919,large_vehicle,2,327
1573045397982,small_vehicle,8,241
1578799921207,small_vehicle,1,113
1575460980567,small_vehicle,3,17
1580282067259,small_vehicle,9,30
1566178690826,small_vehicle,10,113
1569099271652,large_vehicle,8,94
1568026924263,small_vehicle,5,299
1567600206428,small_vehicle,3,284
1570423480730,large_vehicle,1,205
1570495816349,large_vehicle,7,50
1578225063401,small_vehicle,0,186
1582652722575,large_vehicle,0,324
1579792497384,large_vehicle,2,214
1583732980087,large_vehicle,5,48
1575576342818,small_vehicle,3,82
1570027486280,small_vehicle,5,179
1578469525253,small_vehicle,7,354
1575820885939,small_vehicle,4,127
1572832873944,large_vehicle,5,46
1577003702140,small_vehicle,5,53
1577478888310,large_vehicle,3,151
1584702378510,small_vehicle,7,144
1576406989372,large_vehicle,7,213
1582421208064,small_vehicle,6,125
1571784223799,large_vehicle,6,50
1574342804610,small_vehicle,7,128
1568409684413,small_vehicle,9,238
1583475553123,large_vehicle,10,148
1584112926470,small_vehicle,2,129
1569212485943,small_vehicle,9,60
1580200661792,small_vehicle,6,7
1572523268392,small_vehicle,0,166
1569620244401,small_vehicle,2,327
1583640105909,large_vehicle,0,176
1571957926191,small_vehicle,5,305
1579213037852,small_vehicle,5,279
1580468336021,small_vehicle,6,349
1579248991307,small_vehicle,7,84
1567475200245,large_vehicle,1,254
1572328647697,large_vehicle,5,318
1576256731137,small_vehicle,7,335
1565118861014,small_vehicle,7,279
1568467790605,large_vehicle,0,80
1569357542265,large_vehicle,5,293
1581825343871,small_vehicle,3,331
1583368925052,small_vehicle,7,257
1582107218212,small_vehicle,8,128
1572592281756,large_vehicle,8,74
1565038107336,small_vehicle,7,334
1584503388342,large_vehicle,3,259
1571235823967,small_vehicle,7,156
1573732139007,small_vehicle,2,338
1567068055516,small_vehicle,10,219
1583988865909,large_vehicle,5,168
1584413215553,small_vehicle,3,174
1567405717901,small_vehicle,10,350
1572686280731,large_vehicle,9,169
1567205331337,small_vehicle,4,261
1578944715414,large_vehicle,8,75
1582339563530,large_vehicle,2,298
1578979451864,large_vehicle,5,62
1583717741553,small_vehicle,2,140
1584045080566,large_vehicle,7,71
1573143940634,large_vehicle,0,52
1565665652340,small_vehicle,4,121
1564795502494,large_vehicle,6,68
1585274470818,small_vehicle,8,249
1585549103496,large_vehicle,1,330
1580901985227,large_vehicle,5,208
1574423337430,small_vehicle,6,153
1566364636883,large_vehicle,2,111
1573308460668,large_vehicle,3,168
1586209273098,large_vehicle,9,265
1580617717671,small_vehicle,5,340
1581397808555,small_vehicle,9,158
1580403228081,small_vehicle,5,322
1573782146364,small_vehicle,5,103
1579265854580,large_vehicle,6,123
1582550222414,small_vehicle,5,238
1570905131490,small_vehicle,2,252
1582093353241,large_vehicle,4,195
1584995892210,large_vehicle,8,7
1569758458381,large_vehicle,9,290
1572710823178,large_vehicle,2,2
1575164910433,large_vehicle,8,356
1574129615172,large_vehicle,10,180
1571861371892,small_vehicle,4,55
1585719636596,large_vehicle,1,315
1578847216503,large_vehicle,10,220
1574558894036,small_vehicle,9,265
1566322039852,large_vehicle,9,178
1566900223509,small_vehicle,9,235
1569979389636,small_vehicle,4,222
1569977426643,large_vehicle,9,22
1584785109396,large_vehicle,10,196
1580477563747,small_vehicle,5,166
1578614197051,small_vehicle,1,45
1584023249833,large_vehicle,5,329
1583612207513,small_vehicle,9,90
1564662951869,small_vehicle,1,1
1569891226462,small_vehicle,10,62
1564952290943,large_vehicle,1,128
1582108428345,large_vehicle,8,97
1570280457931,large_vehicle,9,84
1583609769996,large_vehicle,7,27
1578225546190,large_vehicle,10,114
1570171073462,small_vehicle,1,282
1579984579710,small_vehicle,9,129
1564658189740,large_vehicle,7,225
1575396658363,large_vehicle,2,157
1571536805174,small_vehicle,1,157
1568055759041,large_vehicle,10,149
1582005780668,small_vehicle,2,13
1565029745478,large_vehicle,2,12
1581650783757,large_vehicle,8,303
1567666930968,small_vehicle,10,10
1584881930420,large_vehicle,4,190
1578665239747,large_vehicle,8,81
1584412940098,small_vehicle,4,74
1564737086350,small_vehicle,9,147
1586579289799,large_vehicle,5,62
1566429509560,small_vehicle,9,219
1575306935668,small_vehicle,2,18
1581507261732,large_vehicle,1,360
1575900840953,large_vehicle,1,92
1571343773149,large_vehicle,9,63
1572013949338,large_vehicle,10,70
1575022799195,large_vehicle,10,13
1585851067246,large_vehicle,6,113
1579983427274,small_vehicle,9,18
1569198062800,large_vehicle,7,238
1569420343068,small_vehicle,0,230
1578975729990,large_vehicle,2,159
1584571732160,large_vehicle,2,345
1575402069232,large_vehicle,4,134
1565053712438,small_vehicle,3,350
1571161703041,large_vehicle,1,85
1577825685394,small_vehicle,10,344
1584439667487,small_vehicle,5,148
1582032622917,large_vehicle,3,297
1565700840909,small_vehicle,8,317
1577100491205,large_vehicle,4,241
1567212029518,large_vehicle,1,179
1579178219545,large_vehicle,6,106
1565384610122,small_vehicle,6,59
1568075761421,large_vehicle,3,67
1572384060933,small_vehicle,4,356
1570749715404,large_vehicle,10,91
1577797358199,large_vehicle,4,269
1577871314863,small_vehicle,6,13
1566673940960,small_vehicle,1,23
1581568543745,large_vehicle,2,127
1573181224389,small_vehicle,1,18
1573058415987,large_vehicle,0,12
1565674451838,small_vehicle,1,155
1567535121694,small_vehicle,1,206
1579146365307,large_vehicle,8,350
1570695547192,large_vehicle,10,341
1569557877380,small_vehicle,5,40
1585600208754,small_vehicle,9,87
1585282265554,small_vehicle,6,167
1569657299796,large_vehicle,0,157
1569676347565,small_vehicle,9,33
1579659579151,small_vehicle,1,48
1576879098033,small_vehicle,7,192
1579173918990,large_vehicle,4,76
1576913351498,small_vehicle,3,257
1581578003308,large_vehicle,1,346
1565959294122,large_vehicle,0,67
1567354385971,small_vehicle,4,302
1570929080754,large_vehicle,2,261
1570035423080,small_vehicle,7,53
1585835335904,small_vehicle,9,292
1568324083811,large_vehicle,5,23
1573992257481,small_vehicle,2,81
1570447921492,large_vehicle,6,1
1572524078083,large_vehicle,2,218
1578282891588,small_vehicle,0,318
1582242036366,large_vehicle,7,51
1575645954245,large_vehicle,3,171
1580990211333,large_vehicle,2,225
1586202182026,large_vehicle,4,67
1579963297499,small_vehicle,6,146
1577680941295,small_vehicle,9,217
1571687106052,large_vehicle,5,257
1577491081458,small_vehicle,2,201
1585697908591,large_vehicle,2,138
1568573696650,small_vehicle,8,187
1570800356653,small_vehicle,8,56
1579282947984,large_vehicle,3,45
1578328414081,large_vehicle,7,314
1581978405435,small_vehicle,5,241
1578713749368,small_vehicle,2,19
1586421538064,small_vehicle,0,214
1580007103463,large_vehicle,10,306
1567591421546,small_vehicle,3,55
1565856122061,small_vehicle,3,87
1564899955349,large_vehicle,10,159
1574981245137,small_vehicle,8,147
1578386028334,large_vehicle,2,34
1579917326999,large_vehicle,7,91
1574396263911,small_vehicle,1,218
1569127018127,small_vehicle,4,58
1573983376627,small_vehicle,3,278
1570301297334,small_vehicle,4,120
1574185019804,small_vehicle,8,266
1569229176394,large_vehicle,7,47
1576478781407,small_vehicle,4,37
1584679817239,small_vehicle,9,338
1583513790057,large_vehicle,3,308
1570200101407,large_vehicle,10,282
1577330207099,small_vehicle,1,63
1566077851271,small_vehicle,4,59
1570413886774,small_vehicle,5,9
1586088832386,small_vehicle,4,222
1567446873928,small_vehicle,6,213
1567997106667,large_vehicle,1,186
1569443523227,large_vehicle,4,148
1569392908580,large_vehicle,7,275
1577500782843,small_vehicle,1,185
1574461918349,small_vehicle,3,213
1585565590270,small_vehicle,5,335
1574236050333,small_vehicle,3,185
1571244281957,large_vehicle,9,91
1566037942868,large_vehicle,8,309
1572119006481,small_vehicle,10,60
1570577118159,large_vehicle,3,156
1574133455079,large_vehicle,4,264
1571808543489,small_vehicle,0,70
1568316431619,large_vehicle,10,321
1569480908894,large_vehicle,9,320
1570611384204,small_vehicle,6,0
1565496616650,small_vehicle,10,179
1585159507274,small_vehicle,10,171
1570054593286,small_vehicle,8,250
1567224346992,large_vehicle,7,265
1583244410551,large_vehicle,5,34
1571503602100,large_vehicle,4,83
1573961729828,large_vehicle,5,49
1582346459811,large_vehicle,8,347
1578461334916,small_vehicle,9,116
1572249798306,large_vehicle,2,155
1576061440248,small_vehicle,8,63
1569301837015,large_vehicle,5,290
1585145317150,large_vehicle,2,222
1578850410859,large_vehicle,5,36
1567995852668,large_vehicle,9,279
1570742862630,large_vehicle,8,101
1582243505991,small_vehicle,3,275
1586553535607,large_vehicle,2,25
1572373669562,large_vehicle,7,192
1571750322055,small_vehicle,5,317
1567156234221,large_vehicle,4,117
1569149914951,large_vehicle,1,198
1576457766675,small_vehicle,7,267
1566130903209,large_vehicle,3,119
1584000689949,large_vehicle,0,357
1577049010116,small_vehicle,2,309
1578528498762,large_vehicle,10,94
1568180562557,large_vehicle,0,137
1583569628275,large_vehicle,5,301
1585273090300,large_vehicle,4,38
1569759550103,large_vehicle,0,112
1571864175242,large_vehicle,9,148
1580912480194,small_vehicle,0,218
1572231951162,large_vehicle,3,91
1564952159512,small_vehicle,3,23
1581229982895,small_vehicle,10,45
1568785471178,large_vehicle,7,125
1581197820427,small_vehicle,0,266
1582354294743,small_vehicle,5,271
1570910498538,large_vehicle,0,181
1580384099846,small_vehicle,2,43
1576467252232,large_vehicle,1,234
1580066231038,large_vehicle,4,9
1567165489745,large_vehicle,6,200
1576274946809,small_vehicle,4,55
1572560673036,small_vehicle,0,236
1574096737041,small_vehicle,0,107
1573401789557,large_vehicle,0,341
1573571728229,small_vehicle,3,255
1574674255342,large_vehicle,5,347
1584731108144,large_vehicle,8,160
1564706621705,small_vehicle,4,300
1580665118168,small_vehicle,10,251
1576496081138,small_vehicle,0,172
1570085308755,large_vehicle,5,40
1574009639020,small_vehicle,8,296
1569830836675,large_vehicle,7,358
1574954952476,small_vehicle,0,178
1583598904729,small_vehicle,1,253
1574278193000,small_vehicle,10,149
1567048272231,small_vehicle,0,200
1569085589288,large_vehicle,0,312
1586715065910,small_vehicle,8,179
1575384693531,small_vehicle,9,139
1570538990331,large_vehicle,9,242
1577960767572,small_vehicle,0,127
1579754925997,large_vehicle,5,311
1568009084117,small_vehicle,10,41
1571099835758,large_vehicle,4,6
1577197907034,small_vehicle,0,345
1571185342825,small_vehicle,0,18
1573619756397,small_vehicle,4,246
1572206583088,small_vehicle,1,276
1586275573789,small_vehicle,1,90
1585324524143,small_vehicle,3,214
1573512642506,small_vehicle,9,348
1582169991124,small_vehicle,9,132
1565940222942,large_vehicle,5,84
1575798882409,large_vehicle,4,70
1571331958413,large_vehicle,4,276
1579570309453,small_vehicle,6,81
1586365771854,large_vehicle,0,23
1586521740119,large_vehicle,9,25
1565135281640,large_vehicle,1,219
1575986892407,small_vehicle,8,134
1566774746878,large_vehicle,5,252
1583084175357,large_vehicle,5,238
1574081176496,small_vehicle,0,241
1569703127119,small_vehicle,6,176
1580647860056,small_vehicle,4,85
1568950213253,large_vehicle,8,99
1574555667092,small_vehicle,1,277
1565064266737,small_vehicle,1,209
1568284910715,small_vehicle,10,119
1571670666974,small_vehicle,7,101
1575016443758,small_vehicle,7,217
1570788440072,small_vehicle,10,188
1580692359350,large_vehicle,10,274
1567452934332,large_vehicle,5,302
1571860160249,small_vehicle,10,252
1571871578721,large_vehicle,5,253
1566584439671,large_vehicle,0,322
1566867126752,large_vehicle,9,270
1575814608676,small_vehicle,9,98
1586277881234,small_vehicle,5,341
1573616079415,small_vehicle,8,114
1570475528324,large_vehicle,3,67
1573610267754,large_vehicle,5,182
1573031533858,small_vehicle,10,128
1571110591842,small_vehicle,3,135
1577172177434,large_vehicle,4,35
1581382893592,large_vehicle,8,337
1565750068995,large_vehicle,3,55
1584747338481,small_vehicle,7,129
1583038902724,small_vehicle,1,103
1576959932582,small_vehicle,3,115
1576924054947,large_vehicle,6,150
1567677046989,large_vehicle,9,102
1586401190961,small_vehicle,10,184
1585806455611,large_vehicle,7,280
1583954843289,large_vehicle,1,228
1578335763513,large_vehicle,1,171
1576953674041,small_vehicle,1,93
1576733694281,small_vehicle,4,94
1581248603314,small_vehicle,3,256
1567365758211,large_vehicle,7,275
1569541837452,small_vehicle,10,264
1570395871666,large_vehicle,3,101
1576975365260,small_vehicle,10,338
1574319610167,large_vehicle,4,1
1575471634556,large_vehicle,1,279
1573320561674,small_vehicle,2,96
1586374085378,small_vehicle,1,29
1565114537563,small_vehicle,7,113
1574000585681,large_vehicle,5,107
1573857846787,small_vehicle,0,268
1580171673175,small_vehicle,10,78
1574715863354,small_vehicle,0,212
1570553105303,small_vehicle,9,295
1584546590192,small_vehicle,6,174
1574108710032,small_vehicle,4,6
1576136527475,large_vehicle,0,18
1576337205337,small_vehicle,4,139
1583191681043,small_vehicle,10,230
1585753206463,small_vehicle,2,121
1573826426324,small_vehicle,7,118
1571103353741,large_vehicle,10,202
1579962067538,large_vehicle,2,126
1568038225564,large_vehicle,3,328
1577536650348,large_vehicle,8,358
1571351699198,small_vehicle,3,305
1571103701591,large_vehicle,7,318
1582772297980,large_vehicle,6,151
1572086635561,small_vehicle,6,42
1564734403417,large_vehicle,8,316
1584367792592,large_vehicle,5,249
1571686500877,small_vehicle,1,166
1569641773725,large_vehicle,9,152
1575622467314,large_vehicle,9,0
1577765095569,large_vehicle,7,56
1570248958734,small_vehicle,9,81
1569546985480,small_vehicle,6,283
1565225484356,large_vehicle,6,5
1569055864606,large_vehicle,6,285
1580300548705,small_vehicle,10,155
1566639662095,small_vehicle,1,10
1585143120798,large_vehicle,2,83
1578383067255,large_vehicle,5,100
1585332892668,small_vehicle,8,89
1583509454252,large_vehicle,6,169
1574939655108,small_vehicle,4,231
1573405360512,large_vehicle,1,317
1578663149273,small_vehicle,3,345
1585519538151,large_vehicle,10,271
1585797070206,large_vehicle,3,185
1566270814319,small_vehicle,0,316
1574193178305,small_vehicle,8,250
1573131834893,large_vehicle,8,231
1579207613379,small_vehicle,0,328
1581865264181,small_vehicle,6,120
1565970738598,large_vehicle,8,223
1568668371144,small_vehicle,7,36
1577296750981,large_vehicle,3,53
1568279901118,large_vehicle,2,170
1572816244638,small_vehicle,4,279
1574123222892,large_vehicle,9,49
1568124437099,large_vehicle,9,149
1583725717104,large_vehicle,5,168
1584055144006,large_vehicle,6,291
1570325023165,small_vehicle,10,110
1582625479603,large_vehicle,0,156
1583085024513,large_vehicle,10,22
1571848194584,large_vehicle,8,150
1576821908725,large_vehicle,10,61
1580686481818,small_vehicle,0,279
1583846563039,small_vehicle,1,147
1566524186737,small_vehicle,0,63
1581923152491,large_vehicle,1,51
1578800016475,large_vehicle,7,280
1582375237578,large_vehicle,0,326
1572948771305,large_vehicle,5,254
1584318254539,large_vehicle,10,336
1579712201120,large_vehicle,6,206
1584886814616,small_vehicle,7,24
1568554732203,large_vehicle,0,161
1581325116362,large_vehicle,2,85
1578635248294,small_vehicle,2,157
1575730338569,small_vehicle,9,161
1586094514871,large_vehicle,1,141
1585727377778,large_vehicle,1,140
1583094197845,large_vehicle,3,200
1582918463847,small_vehicle,5,178
1581701268015,large_vehicle,7,96
1573424466895,large_vehicle,2,57
1573980603368,large_vehicle,9,348
1571710572805,small_vehicle,8,64
1567473798735,small_vehicle,9,115
1577629497969,small_vehicle,7,263
1574519546866,small_vehicle,5,94
1577640953936,small_vehicle,7,55
1565828746516,small_vehicle,4,154
1576261076418,small_vehicle,1,60
1571077086478,large_vehicle,3,50
1571252073055,small_vehicle,7,354
1565716912244,small_vehicle,7,5
1578567837109,small_vehicle,10,199
1585667231448,small_vehicle,2,33
1569240559269,large_vehicle,5,289
1584984682408,large_vehicle,1,266
1575922104327,small_vehicle,9,274
1582558980521,small_vehicle,2,69
1579814535233,large_vehicle,10,38
1580211438148,large_vehicle,3,62
1583378745114,small_vehicle,6,301
1582153915389,small_vehicle,7,176
1570066763985,large_vehicle,8,258
1574292934575,small_vehicle,10,98
1573366231267,large_vehicle,9,1
1577283041297,small_vehicle,1,284
1574635814570,large_vehicle,10,36
1582486820914,small_vehicle,9,34
1581645853823,large_vehicle,4,38
1568725767367,large_vehicle,6,194
1576058522772,small_vehicle,10,193
1576005335542,small_vehicle,2,223
1578590491072,large_vehicle,4,86
1575528522242,small_vehicle,8,287
1565760658954,large_vehicle,10,201
1566148539929,small_vehicle,4,33
1579229025453,large_vehicle,6,318
1571839361713,large_vehicle,9,335
1579996393912,small_vehicle,10,351
1565803405542,large_vehicle,6,296
1581732501152,small_vehicle,8,328
1577660039093,large_vehicle,7,111
1572610816778,small_vehicle,0,245
1584648671462,large_vehicle,4,92
1566729887057,small_vehicle,7,191
1565217490665,small_vehicle,3,178
1570572301996,small_vehicle,6,254
1565847517747,large_vehicle,10,135
1572953696890,large_vehicle,2,88
1578696392510,small_vehicle,0,99
1577526108677,large_vehicle,7,146
1564793557332,small_vehicle,5,169
1571636704739,large_vehicle,0,342
1568984011449,large_vehicle,5,46
1581617681995,large_vehicle,3,294
1572856980259,large_vehicle,4,208
1579875305644,small_vehicle,1,76
1584122324251,large_vehicle,9,326
1570821902160,large_vehicle,2,64
1567765886201,large_vehicle,2,79
1572892977071,large_vehicle,3,64
1566048776270,small_vehicle,7,244
1571565384236,small_vehicle,8,39
1577335247440,small_vehicle,2,144
1567991680507,large_vehicle,3,28
1577266908375,small_vehicle,0,357
1586416664137,small_vehicle,0,142
1571245348259,small_vehicle,0,144
1579744600507,small_vehicle,8,226
1574974653894,small_vehicle,2,180
1584222839871,small_vehicle,9,161
1581910459100,small_vehicle,10,129
1568153220831,large_vehicle,1,136
1584300362482,small_vehicle,3,164
1568006917382,large_vehicle,10,42
1586727535635,small_vehicle,9,123
1565673193777,large_vehicle,4,225
1581794030424,small_vehicle,2,146
1571257884872,small_vehicle,2,111
1577178904245,large_vehicle,1,309
1578085144352,small_vehicle,1,9
1569242906416,small_vehicle,8,271
1582362107053,small_vehicle,2,84
1566951014747,small_vehicle,8,65
1567503439661,small_vehicle,6,224
1573839396729,large_vehicle,6,221
1566781199898,large_vehicle,9,81
1568438075621,small_vehicle,7,343
1570570547286,large_vehicle,9,252
1566537126675,small_vehicle,5,283
1575105681096,large_vehicle,2,12
1573766853977,small_vehicle,10,39
1577971228269,large_vehicle,8,245
1581688883920,large_vehicle,4,46
1576046739873,large_vehicle,7,96
1574396663328,large_vehicle,9,1
1580571647890,large_vehicle,3,272
1582882406311,large_vehicle,0,37
1569006116349,large_vehicle,10,13
1572547111154,large_vehicle,7,202
