1576754643028,large_vehicle,5,232
1574106322230,large_vehicle,2,271
1569740306581,large_vehicle,5,80
1569087356818,large_vehicle,10,344
1583389158631,large_vehicle,3,298
1578562379632,large_vehicle,4,85
1581420855490,small_vehicle,8,23
1584078229685,small_vehicle,5,81
1572773934671,large_vehicle,3,317
1568706369448,large_vehicle,6,58
1571776820500,large_vehicle,7,277
1567173663661,large_vehicle,8,289
1583855480941,small_vehicle,4,21
1579269160173,small_vehicle,4,256
1583033908726,large_vehicle,8,245
1583626203278,large_vehicle,9,323
1580190590680,large_vehicle,1,234
1574010701453,large_vehicle,8,335
1581990048198,large_vehicle,3,75
1579714268338,small_vehicle,9,346
1576776237302,large_vehicle,4,233
1577223263403,large_vehicle,5,237
1572533864362,small_vehicle,6,4
1572621337173,large_vehicle,2,140
1579054455088,small_vehicle,6,350
1574554033822,small_vehicle,0,286
1579566323003,small_vehicle,6,14
1573173984383,large_vehicle,6,3
1570359801476,large_vehicle,8,31
1566535669219,small_vehicle,8,336
1579268032959,large_vehicle,0,330
1566964360349,large_vehicle,6,34
1580324698103,large_vehicle,8,55
1573889709976,small_vehicle,0,273
1585209372041,small_vehicle,6,275
1585861335389,large_vehicle,10,178
1579341579314,small_vehicle,3,216
1569411304162,small_vehicle,2,166
1580015185863,small_vehicle,5,306
1577277371421,large_vehicle,2,265
1583650473256,large_vehicle,9,127
1585188506039,large_vehicle,9,200
1569662434456,large_vehicle,7,360
1572089728250,large_vehicle,1,360
1572259686729,small_vehicle,8,104
1566137402042,large_vehicle,10,337
1583384783702,small_vehicle,5,33
1569699269594,large_vehicle,3,73
1572465558086,large_vehicle,0,256
1584697791590,small_vehicle,4,22
1580071029178,large_vehicle,6,215
1574347653673,small_vehicle,8,9
1575544512780,small_vehicle,9,138
1566084843441,large_vehicle,4,84
1575248184016,small_vehicle,5,42
1586525118465,large_vehicle,6,243
1569979910706,large_vehicle,8,281
1581273012975,large_vehicle,4,269
1583754750565,large_vehicle,2,35
1571401737436,large_vehicle,1,279
1584294050792,large_vehicle,7,330
1585342642279,large_vehicle,1,106
1567791362057,large_vehicle,0,71
1571205953464,large_vehicle,7,348
1584556706510,large_vehicle,3,101
1567103364491,small_vehicle,4,151
1586003780962,large_vehicle,1,142
1575402658611,large_vehicle,10,346
1580592565061,large_vehicle,1,357
1570788849862,small_vehicle,2,285
1570688666649,small_vehicle,8,146
1580186813718,small_vehicle,5,295
1583132060244,small_vehicle,10,55
1577239694112,small_vehicle,1,221
1585923466068,large_vehicle,7,251
1586691307427,large_vehicle,3,9
1572113588783,small_vehicle,5,92
1576789478071,large_vehicle,2,45
1575053201914,small_vehicle,8,258
1584797585058,large_vehicle,1,284
1566407712058,large_vehicle,2,38
1576693959371,large_vehicle,7,302
1574918533434,small_vehicle,10,156
1573484293211,small_vehicle,8,172
1569676358630,large_vehicle,5,13
1568770964188,large_vehicle,3,197
1578977528216,small_vehicle,3,314
1566351003423,small_vehicle,6,11
1582170506575,small_vehicle,10,24
1577442146518,large_vehicle,0,85
1580819298897,small_vehicle,10,230
1571693447234,large_vehicle,2,135
1570798192096,large_vehicle,2,49
1569911253004,large_vehicle,0,74
1564848321682,large_vehicle,8,162
1574685068971,large_vehicle,4,236
1572032652650,large_vehicle,1,252
1565122435089,small_vehicle,1,318
1586189216713,small_vehicle,9,193
1573207100027,small_vehicle,9,59
1569716671218,large_vehicle,7,227
1568659475955,large_vehicle,8,53
1569736122686,large_vehicle,7,3
1580914307123,large_vehicle,2,188
1566230145390,large_vehicle,2,239
1583944001576,large_vehicle,9,139
1567487078828,large_vehicle,1,174
1569546432869,small_vehicle,1,134
1583308309457,large_vehicle,10,331
1569563066991,large_vehicle,10,112
1574247936830,large_vehicle,8,325
1583967546564,large_vehicle,5,282
1577864889486,small_vehicle,4,360
1581731652369,large_vehicle,3,250
1582695184449,small_vehicle,5,304
1584808968720,small_vehicle,9,153
1576979953463,large_vehicle,7,312
1571355935999,large_vehicle,2,37
1571808912961,large_vehicle,7,197
1577667942998,large_vehicle,1,16
1573584680709,large_vehicle,4,333
1569345807343,small_vehicle,3,22
1567818669077,large_vehicle,3,165
1579345027526,small_vehicle,2,237
1574385138309,small_vehicle,1,335
1571799924017,small_vehicle,10,190
1569314948833,large_vehicle,9,193
1583737116462,large_vehicle,6,29
1569862201884,large_vehicle,7,139
1569780442540,large_vehicle,10,129
1568021453363,large_vehicle,10,212
1584499098261,large_vehicle,6,144
1577660378559,large_vehicle,5,54
1565215767770,large_vehicle,10,353
1577075107665,small_vehicle,9,216
1582811034882,small_vehicle,8,293
1582038288041,small_vehicle,0,33
1583804207541,large_vehicle,3,89
1582712117793,small_vehicle,6,91
1565808599549,large_vehicle,0,91
1575932402586,small_vehicle,8,350
1585475835771,small_vehicle,7,303
1574217408251,large_vehicle,5,309
1578529200786,small_vehicle,1,136
1574829753427,small_vehicle,6,171
1572119181256,small_vehicle,2,159
1584246022579,large_vehicle,8,166
1572368038762,small_vehicle,9,114
1584089056509,large_vehicle,0,40
1573217620771,small_vehicle,7,252
1570243760862,small_vehicle,2,154
1584597986690,small_vehicle,2,167
1582518014186,small_vehicle,9,216
1566552648627,small_vehicle,0,202
1577765134202,large_vehicle,5,49
1577771948171,small_vehicle,1,267
1583638232838,large_vehicle,1,251
1583820198467,small_vehicle,3,264
1582621693420,small_vehicle,2,247
1572679236513,small_vehicle,1,63
1581561503554,large_vehicle,9,57
1582486603468,small_vehicle,1,142
1572244290562,small_vehicle,10,169
1585599274162,small_vehicle,7,88
1579039453769,large_vehicle,9,357
1570519674376,large_vehicle,4,347
1579149063030,small_vehicle,10,201
1569459756314,large_vehicle,6,201
1572042386907,large_vehicle,2,50
1572970607836,large_vehicle,4,58
1578741222668,small_vehicle,7,320
1577575234407,small_vehicle,10,100
1581496555041,small_vehicle,1,231
1577731287879,large_vehicle,8,148
1581726908810,large_vehicle,5,317
1569324036050,small_vehicle,7,144
1567014845725,large_vehicle,3,44
1582010741598,small_vehicle,9,252
1570630799624,small_vehicle,9,213
1569659388080,small_vehicle,0,186
1566099486092,small_vehicle,9,36
1571955283085,large_vehicle,3,173
1586578093085,large_vehicle,6,241
1579116350395,large_vehicle,7,250
1568546023520,small_vehicle,4,54
1585180249583,small_vehicle,2,130
1565416917138,small_vehicle,9,70
1575183824292,large_vehicle,6,235
1566849028509,large_vehicle,0,344
1574064595614,small_vehicle,6,76
1565969831447,large_vehicle,6,21
1585288086524,small_vehicle,0,168
1582919362393,large_vehicle,5,262
1564947332250,small_vehicle,6,206
1577953044727,large_vehicle,3,148
1578029585922,small_vehicle,2,300
1583364815481,large_vehicle,2,51
1576049042039,small_vehicle,3,10
1585650886592,large_vehicle,2,314
1564887200011,large_vehicle,3,242
1583314888718,large_vehicle,7,50
1580139955408,small_vehicle,10,29
1581251820406,large_vehicle,2,3
1582328112053,small_vehicle,1,197
1570367800231,large_vehicle,10,228
1586129876543,small_vehicle,4,48
1582055667761,small_vehicle,9,116
1570920818841,small_vehicle,10,242
1579782478238,large_vehicle,9,59
1574495874283,small_vehicle,7,326
1574471542941,large_vehicle,10,45
1573710924010,small_vehicle,0,303
1574394364081,small_vehicle,2,226
1581395470596,large_vehicle,6,225
1572706236023,large_vehicle,0,356
1579647700606,small_vehicle,6,324
1575925680650,large_vehicle,5,280
1574751912387,small_vehicle,9,34
1572212125627,large_vehicle,9,221
1581466423331,small_vehicle,7,250
1577423848214,small_vehicle,4,247
1574456747208,small_vehicle,4,150
1574859107345,large_vehicle,4,302
1584961914734,small_vehicle,2,154
1568015590447,large_vehicle,10,151
1573052480572,small_vehicle,10,205
1573301201494,large_vehicle,9,17
1574992859012,large_vehicle,5,309
1586424247985,small_vehicle,7,251
1566316653223,large_vehicle,9,79
1582174813451,large_vehicle,8,294
1564851379111,small_vehicle,10,250
1579424276358,small_vehicle,1,164
1569130701569,small_vehicle,0,183
1580820325408,large_vehicle,6,305
1568441830323,large_vehicle,10,30
1571851271670,small_vehicle,0,64
1579226033939,small_vehicle,7,79
1567105130670,small_vehicle,1,148
1568336535164,small_vehicle,10,130
1569317769715,large_vehicle,7,203
1568991062043,large_vehicle,0,88
1586492767011,large_vehicle,7,138
1574688914051,small_vehicle,4,39
1576036135213,small_vehicle,5,61
1583716451159,large_vehicle,1,63
1578138862548,small_vehicle,8,279
1577363846541,large_vehicle,5,237
1571528154180,small_vehicle,7,138
1576248683579,large_vehicle,8,264
1566148278064,large_vehicle,4,172
1582039518827,small_vehicle,0,15
1570753323293,small_vehicle,9,92
1584547357854,small_vehicle,0,356
1578038818914,large_vehicle,6,309
1574306876690,small_vehicle,1,88
1580204009229,small_vehicle,3,148
1580654380775,large_vehicle,1,169
1585978119319,small_vehicle,5,203
1565386224183,large_vehicle,1,80
1569134753470,large_vehicle,0,6
1569052900824,small_vehicle,9,145
1571371617301,large_vehicle,2,347
1565121586250,large_vehicle,3,244
1582906535153,small_vehicle,10,325
1569198726427,small_vehicle,10,42
1576385802267,large_vehicle,6,58
1581880634484,small_vehicle,1,196
1579739540451,large_vehicle,2,355
1583655673808,large_vehicle,1,301
1572208200878,small_vehicle,5,337
1578933406728,large_vehicle,1,223
1580227995891,small_vehicle,5,153
1572663169716,small_vehicle,4,73
1570194089622,small_vehicle,5,303
1570361803272,small_vehicle,8,321
1574043722553,small_vehicle,3,348
1569605521913,large_vehicle,1,265
1572096715938,small_vehicle,4,131
1570536216610,large_vehicle,2,5
1570219545893,small_vehicle,5,80
1584140121990,large_vehicle,1,227
1569362052584,small_vehicle,8,183
1565366332855,large_vehicle,0,82
1586352314593,large_vehicle,5,226
1573405528442,large_vehicle,6,244
1567566386895,large_vehicle,7,159
1566547401320,large_vehicle,9,113
1586165403810,small_vehicle,7,20
1573523699261,large_vehicle,5,94
1572801978339,small_vehicle,5,120
1586274712957,small_vehicle,7,248
1569167545984,large_vehicle,4,188
1582849845081,small_vehicle,9,328
1572450443217,small_vehicle,8,216
1568204726065,large_vehicle,7,304
1564942337386,small_vehicle,2,309
1584396014205,large_vehicle,5,295
1568718219998,large_vehicle,1,34
1578275815133,large_vehicle,6,160
1569763053337,small_vehicle,10,290
1565063286370,large_vehicle,9,74
1571064018261,small_vehicle,3,62
1570214132899,small_vehicle,4,12
1566475886037,large_vehicle,4,18
1574827180905,small_vehicle,7,115
1568251124475,small_vehicle,0,203
1566203764851,large_vehicle,5,24
1569500731973,small_vehicle,4,39
1570633544009,small_vehicle,6,269
1567500476059,large_vehicle,5,0
1580992926103,large_vehicle,2,57
1565200868131,small_vehicle,0,269
1575354390944,small_vehicle,6,129
1569605110962,large_vehicle,4,70
1568609648234,small_vehicle,7,300
1576541345624,large_vehicle,9,161
1581861182077,small_vehicle,10,62
1567491635148,large_vehicle,0,43
1574788223201,large_vehicle,7,193
1581114143378,large_vehicle,9,221
1573606960335,large_vehicle,4,20
1573674305618,small_vehicle,7,292
1575054713571,small_vehicle,6,232
1572391974913,small_vehicle,3,156
1582340266496,small_vehicle,4,219
1571896412808,small_vehicle,6,211
1585149901571,small_vehicle,5,5
1567880285548,small_vehicle,7,228
1569880918961,large_vehicle,3,31
1569553389420,large_vehicle,7,41
1576211185701,small_vehicle,4,142
1566766831695,small_vehicle,1,207
1576496869262,large_vehicle,4,207
1572530690489,small_vehicle,0,124
1580558254603,large_vehicle,6,243
1574944348696,large_vehicle,6,60
1573176582904,large_vehicle,2,323
1568372974177,small_vehicle,10,106
1577265063304,small_vehicle,0,180
1567267236037,small_vehicle,4,293
1584655000141,large_vehicle,2,150
1576833224045,small_vehicle,1,56
1569597724955,large_vehicle,1,200
1578081201280,small_vehicle,0,342
1574959315732,large_vehicle,1,210
1574503437391,small_vehicle,5,299
1578065565561,large_vehicle,3,266
1578134391917,small_vehicle,4,113
1575138572152,large_vehicle,8,113
1567012471166,small_vehicle,7,317
1571182349287,large_vehicle,7,203
1572896610362,large_vehicle,6,15
1574501793866,large_vehicle,1,317
1574109077461,large_vehicle,8,66
1569924274736,large_vehicle,3,52
1576079289803,small_vehicle,7,286
1579591126045,large_vehicle,6,213
1576725049335,small_vehicle,8,1
1572951557437,small_vehicle,4,13
1570277961938,large_vehicle,2,357
1566566589046,small_vehicle,2,81
1585865153234,large_vehicle,2,335
1582235294793,small_vehicle,3,281
1585463814929,small_vehicle,10,136
1566429417478,large_vehicle,9,305
1583332191027,large_vehicle,8,282
1569408846206,small_vehicle,5,206
1572048974765,large_vehicle,10,279
1581206009094,small_vehicle,3,172
1569737933183,large_vehicle,0,250
1566178055031,large_vehicle,4,326
1572833293776,large_vehicle,3,139
1570291273440,small_vehicle,9,164
1578790289381,small_vehicle,4,10
1567864368157,large_vehicle,1,156
1586567547543,small_vehicle,5,219
1572480795943,small_vehicle,4,329
1573930774005,small_vehicle,10,194
1582766450252,large_vehicle,8,228
1570341388822,large_vehicle,3,72
1579577260681,small_vehicle,2,242
1579982467515,large_vehicle,0,161
1569339515970,small_vehicle,1,214
1575248173354,small_vehicle,5,253
1574937316425,small_vehicle,0,349
1570678719202,small_vehicle,6,28
1585598845155,large_vehicle,0,81
1571455034420,large_vehicle,1,18
1576804293350,large_vehicle,0,136
1574924273745,large_vehicle,2,280
1571489234022,large_vehicle,5,292
1564833216539,small_vehicle,3,156
1576414926193,large_vehicle,8,307
1570662688267,small_vehicle,7,300
1570357331103,small_vehicle,1,145
1579524388195,large_vehicle,1,256
1568116838270,small_vehicle,5,340
1573370729459,small_vehicle,10,165
1573354521810,small_vehicle,0,127
1566396228165,small_vehicle,6,241
1568324230456,large_vehicle,2,205
1572020152098,small_vehicle,9,228
1583072141050,large_vehicle,1,316
1576499128881,large_vehicle,10,68
1565723952733,small_vehicle,3,48
1575503434525,large_vehicle,8,303
1569171265377,small_vehicle,3,183
1586682009323,large_vehicle,3,254
1565006119119,large_vehicle,9,281
1582059571438,large_vehicle,1,48
1584373586867,small_vehicle,7,282
1583836144449,large_vehicle,6,211
1565181435326,large_vehicle,10,178
1584388861353,small_vehicle,0,284
1583221270328,small_vehicle,2,94
1581438036535,small_vehicle,10,0
1574652106216,large_vehicle,6,332
1575059919744,large_vehicle,9,339
1565971041341,large_vehicle,5,275
1575521704486,large_vehicle,2,129
1582299222359,small_vehicle,5,113
1574818560083,large_vehicle,9,31
1582726956259,small_vehicle,1,13
1582788828334,small_vehicle,4,244
1570741292493,large_vehicle,0,317
1564886143716,large_vehicle,9,69
1568984299946,small_vehicle,0,289
1577851527239,small_vehicle,6,49
1581160364640,small_vehicle,0,226
1577889125635,small_vehicle,8,74
1584003775030,large_vehicle,3,133
1577370055487,small_vehicle,3,17
1579270285503,large_vehicle,9,23
1580361025198,small_vehicle,7,183
1578945331089,small_vehicle,1,82
1585164958354,small_vehicle,5,93
1584062578477,small_vehicle,1,283
1575071738057,large_vehicle,6,109
1580779645843,large_vehicle,6,297
1577455570894,small_vehicle,0,147
1578874852611,small_vehicle,1,332
1572518790952,large_vehicle,2,281
1575378018811,small_vehicle,5,304
1566817187157,small_vehicle,9,253
1577120247245,large_vehicle,1,28
1584783641409,small_vehicle,3,94
1578839607151,small_vehicle,1,7
1566748507292,small_vehicle,1,89
1580419801258,small_vehicle,4,182
1579445727231,small_vehicle,1,117
1578871285528,small_vehicle,2,68
1585841477979,large_vehicle,0,345
1581099386998,small_vehicle,10,270
1578450480208,small_vehicle,1,160
1580636985069,small_vehicle,7,282
1574672714416,large_vehicle,4,119
1566892887126,small_vehicle,7,320
1584385678679,large_vehicle,10,130
1575684345174,small_vehicle,10,143
1568245589974,large_vehicle,4,307
1580142226748,large_vehicle,5,272
1566467735142,small_vehicle,8,167
1565287484195,small_vehicle,5,277
1584989357077,small_vehicle,6,212
1577874317016,large_vehicle,2,202
1567758360498,large_vehicle,3,107
1574773123959,small_vehicle,1,102
1586454377314,small_vehicle,0,102
1572882658143,small_vehicle,10,6
1566578031822,small_vehicle,2,252
1572982686183,large_vehicle,6,217
1566442796368,large_vehicle,3,80
1579269314613,small_vehicle,4,220
1568406145236,small_vehicle,3,32
1582296938353,small_vehicle,1,287
1577836011185,large_vehicle,7,243
1574306906646,large_vehicle,10,295
1569024634210,large_vehicle,9,324
1583741349323,large_vehicle,8,246
1580729639821,large_vehicle,1,315
1566491863494,large_vehicle,10,42
1566578512108,small_vehicle,6,287
1580811598182,small_vehicle,9,269
1567074912456,large_vehicle,2,180
1568414819847,small_vehicle,3,275
1564801034739,small_vehicle,5,267
1583312353841,small_vehicle,8,162
1569185216804,small_vehicle,4,340
1584555478289,large_vehicle,2,31
1584609171847,large_vehicle,10,183
1565896966279,small_vehicle,0,132
1581731739327,large_vehicle,7,232
1584241771844,small_vehicle,3,193
1582061675796,small_vehicle,0,277
1570322205751,small_vehicle,10,90
1565051001393,large_vehicle,3,115
1579450094495,large_vehicle,6,298
1567192598405,large_vehicle,3,227
1569458352280,small_vehicle,8,182
1577425546338,large_vehicle,6,180
1565113533173,small_vehicle,5,335
1580476977171,large_vehicle,4,130
1574896221423,large_vehicle,6,244
1575077403049,large_vehicle,8,58
1575745952579,large_vehicle,3,19
1581417173986,small_vehicle,2,281
1568050678028,large_vehicle,3,69
1583835109907,small_vehicle,9,200
1571860094403,large_vehicle,0,127
1575512030576,small_vehicle,7,310
1580110589394,small_vehicle,8,20
1572937713462,large_vehicle,7,166
1579405436446,large_vehicle,2,20
1571060077111,small_vehicle,0,338
1583814695875,small_vehicle,5,216
1583654490892,small_vehicle,10,199
1585664138411,small_vehicle,2,59
1577479593267,small_vehicle,2,121
1575261014179,large_vehicle,3,22
1572687717675,large_vehicle,8,70
1586250798955,large_vehicle,9,52
1580822146903,small_vehicle,0,80
1568884826822,large_vehicle,9,261
1582047853308,small_vehicle,0,186
1573553481714,large_vehicle,6,105
1574205364472,large_vehicle,2,48
1566572968652,large_vehicle,10,344
1570130876272,small_vehicle,1,224
1576007164251,small_vehicle,4,85
1584765761586,small_vehicle,2,261
1573916895476,small_vehicle,7,338
1577678418677,small_vehicle,4,133
1577248885226,small_vehicle,4,56
1568849823133,small_vehicle,5,81
1570901437465,large_vehicle,4,181
1575941328965,small_vehicle,7,215
1579504996897,small_vehicle,0,194
1573680004201,large_vehicle,10,159
1586467364342,large_vehicle,3,61
1568413214916,large_vehicle,6,308
1572809810470,small_vehicle,8,74
1578590601763,small_vehicle,8,205
1584599046046,large_vehicle,6,207
1583907462820,small_vehicle,5,258
1568087810617,large_vehicle,4,56
1581100787795,large_vehicle,5,153
1577986673567,small_vehicle,5,23
1580612430018,large_vehicle,4,231
1585594687675,large_vehicle,6,89
1566484425467,small_vehicle,4,281
1580075368736,small_vehicle,1,30
1582486398810,small_vehicle,3,292
1581035258478,large_vehicle,5,206
1576155801479,small_vehicle,2,347
1578388975794,large_vehicle,7,347
1571466474830,large_vehicle,10,19
1584550971844,large_vehicle,2,279
1571205788982,small_vehicle,6,152
1567964846448,large_vehicle,2,84
1570161930875,small_vehicle,7,156
1580932759618,large_vehicle,7,284
1569565457477,large_vehicle,3,93
1574606461635,large_vehicle,4,94
1583606140849,small_vehicle,7,138
1585719720686,large_vehicle,0,338
1573019793919,large_vehicle,9,51
1578363689433,large_vehicle,3,179
1582265013094,small_vehicle,5,331
1584408155738,large_vehicle,3,350
1567118523618,small_vehicle,5,126
1586440518529,large_vehicle,4,216
1583748312521,large_vehicle,4,74
1571633729259,small_vehicle,6,2
1585771803943,small_vehicle,5,360
1569808453197,small_vehicle,2,255
1573755957662,small_vehicle,0,313
1573345065856,large_vehicle,1,258
1581797812173,large_vehicle,2,76
1571114835575,small_vehicle,5,107
1582982081728,small_vehicle,4,56
1578907434243,large_vehicle,6,36
1586370666408,large_vehicle,3,237
1565078757696,small_vehicle,8,137
1573244817416,large_vehicle,6,171
1574992676271,large_vehicle,2,74
1566917156090,small_vehicle,8,51
1565101880678,small_vehicle,3,331
1575276756317,small_vehicle,8,183
1586507826669,small_vehicle,9,137
1575870457968,small_vehicle,2,32
1577168906472,large_vehicle,6,185
1578946971795,small_vehicle,8,296
1574804098220,small_vehicle,6,225
1569331175519,large_vehicle,3,192
1569642078545,large_vehicle,10,38
1582061740380,small_vehicle,10,4
1569713083720,large_vehicle,6,248
1566960369128,small_vehicle,0,184
1582106986146,small_vehicle,1,181
1583367944289,small_vehicle,6,99
1568244981277,small_vehicle,0,297
1571990147399,small_vehicle,7,222
1569408002343,small_vehicle,5,150
1565988688068,small_vehicle,1,227
1573136610815,large_vehicle,0,88
1565561229936,small_vehicle,0,101
1578093001878,small_vehicle,8,277
1583012741787,small_vehicle,0,191
1576559333155,small_vehicle,0,202
1567548469188,large_vehicle,2,63
1583413157047,small_vehicle,4,338
1584656908750,large_vehicle,7,83
1569332046300,large_vehicle,7,89
1577585934675,large_vehicle,0,116
1586486416143,small_vehicle,6,10
1585782384585,large_vehicle,2,88
1586303271928,large_vehicle,8,88
1569122347559,small_vehicle,2,89
1569438378526,large_vehicle,4,302
1579874872251,large_vehicle,8,245
1565688467731,small_vehicle,9,277
1582675349356,small_vehicle,2,190
1581125835157,large_vehicle,1,108
1573198489490,small_vehicle,2,218
1571902611245,small_vehicle,0,311
1583942130228,small_vehicle,9,225
1576742778722,large_vehicle,0,166
1577710946991,large_vehicle,5,55
1577051213755,small_vehicle,9,239
1573223569385,large_vehicle,0,42
1573682142472,large_vehicle,6,278
1582159199960,small_vehicle,5,151
1584671946146,large_vehicle,9,262
1573408004536,large_vehicle,1,293
1568184350551,small_vehicle,0,8
1585377192894,small_vehicle,1,79
1576614256936,small_vehicle,9,12
1572557896467,large_vehicle,5,17
1576637082394,large_vehicle,4,181
1580858946923,small_vehicle,2,287
1566661983080,large_vehicle,8,356
1576405587041,large_vehicle,4,124
1579479037477,small_vehicle,3,208
1584076411327,small_vehicle,9,72
1581169520617,large_vehicle,1,196
1577848351018,large_vehicle,7,175
1576920065210,large_vehicle,2,143
1576540819982,small_vehicle,7,348
1577135509312,large_vehicle,9,104
1581919370403,large_vehicle,2,88
1585045440269,small_vehicle,5,170
1569984244481,small_vehicle,7,166
1579297711429,small_vehicle,7,124
1579276628721,small_vehicle,0,205
1570699717705,small_vehicle,2,308
1571567228830,small_vehicle,9,340
1567143174023,large_vehicle,8,59
1574701873951,small_vehicle,1,60
1578368542582,small_vehicle,5,95
1577952669859,small_vehicle,7,181
1571328254498,large_vehicle,8,27
1578772849046,large_vehicle,4,199
1568822421445,small_vehicle,7,6
1577287829163,small_vehicle,2,133
1567284434631,large_vehicle,9,229
1568948014227,large_vehicle,7,152
1580332876955,large_vehicle,8,125
1573536686338,small_vehicle,8,192
1582860991854,small_vehicle,2,76
1581307437027,small_vehicle,1,201
1570907507935,large_vehicle,0,251
1565109507476,large_vehicle,5,13
1571095324931,large_vehicle,0,19
1585653153234,large_vehicle,2,66
1586724187089,large_vehicle,9,38
1576922208704,large_vehicle,2,318
1582770169837,large_vehicle,1,160
1568882065684,large_vehicle,1,338
1568716572238,small_vehicle,3,51
1577524032884,small_vehicle,3,228
1566176412425,large_vehicle,4,326
1586569841109,small_vehicle,6,211
1565737212673,small_vehicle,1,88
1566173418897,small_vehicle,9,142
1575147684325,large_vehicle,6,219
1582864285910,large_vehicle,0,126
1585492654985,small_vehicle,2,215
1568469688007,large_vehicle,8,111
1573387743919,small_vehicle,2,6
1571236994624,large_vehicle,1,43
1578844290160,large_vehicle,0,122
1586696518245,small_vehicle,5,147
1571128218600,large_vehicle,1,78
1573587722633,small_vehicle,4,227
1566078698705,small_vehicle,0,226
1581116678522,large_vehicle,2,70
1574790484843,small_vehicle,0,139
1572022470639,large_vehicle,3,179
1578555927235,small_vehicle,3,185
1586560536276,small_vehicle,3,110
1579024498874,small_vehicle,2,263
1575200099714,large_vehicle,9,157
1576629416707,small_vehicle,7,170
1565304108109,large_vehicle,1,118
1572664186624,small_vehicle,0,62
1580476435643,small_vehicle,8,138
1581536304957,small_vehicle,1,289
1575505715811,large_vehicle,8,4
1569956677136,small_vehicle,10,103
1578182509687,small_vehicle,3,319
1566441799194,large_vehicle,7,222
1576508178336,small_vehicle,6,55
1567222819899,large_vehicle,4,287
1576681871304,small_vehicle,4,285
1574454135983,large_vehicle,6,223
1567710551067,small_vehicle,2,274
1576212127415,large_vehicle,7,323
1566190596172,large_vehicle,2,203
1583373442956,small_vehicle,3,306
1567834694545,large_vehicle,9,257
1568823875290,small_vehicle,7,13
1568642175842,small_vehicle,0,344
1574208211136,small_vehicle,3,3
1569324940534,small_vehicle,2,98
1582144286626,small_vehicle,10,258
1579311746593,small_vehicle,2,205
1573796489866,small_vehicle,6,79
1580961365801,large_vehicle,0,232
1576438806073,large_vehicle,1,135
1575648297600,small_vehicle,8,60
1585399013314,small_vehicle,6,359
1584189521501,large_vehicle,9,168
1582050456934,large_vehicle,2,35
1583532951408,large_vehicle,9,119
1567722077759,large_vehicle,7,92
1579936119953,large_vehicle,10,111
1574245760224,small_vehicle,8,107
1568473253132,large_vehicle,0,175
1575856414330,small_vehicle,5,343
1579786113421,small_vehicle,9,126
1579905724752,large_vehicle,4,71
1584411401241,large_vehicle,6,179
1573746085746,small_vehicle,6,139
1581817466568,large_vehicle,7,255
1572956014128,small_vehicle,3,309
1586518604232,large_vehicle,1,107
1581227135090,large_vehicle,3,186
1577399887710,small_vehicle,2,139
1582046711426,large_vehicle,7,320
1580182722012,small_vehicle,2,279
1573756480212,small_vehicle,9,48
1586286293908,small_vehicle,2,243
1567032080137,large_vehicle,1,179
1573906732803,small_vehicle,5,284
1583639723654,small_vehicle,4,200
1576970119647,small_vehicle,3,143
1567565919953,small_vehicle,5,148
1584508086445,small_vehicle,2,101
1568768512798,large_vehicle,1,190
1577617008715,large_vehicle,6,262
1576503070921,large_vehicle,1,315
1574767903210,small_vehicle,1,144
1586206611331,large_vehicle,0,36
1578423407635,small_vehicle,2,111
1582271925876,large_vehicle,6,114
1573293090424,large_vehicle,7,342
1577638575027,large_vehicle,8,347
1586661726835,large_vehicle,4,64
1571522681751,small_vehicle,8,53
1581072688591,small_vehicle,5,204
1570394650728,large_vehicle,3,93
1569780082367,large_vehicle,9,117
1582671712313,small_vehicle,1,155
1566547090240,large_vehicle,9,318
1581680681132,small_vehicle,7,146
1586188766726,large_vehicle,2,259
1570637324176,large_vehicle,2,331
1565652000656,large_vehicle,7,187
1570323495154,small_vehicle,1,118
1574905236340,large_vehicle,8,138
1585113726517,large_vehicle,2,5
1566508583320,large_vehicle,7,195
1578514927539,large_vehicle,6,133
1572590092560,large_vehicle,3,171
1580292077908,small_vehicle,3,340
1569113715284,large_vehicle,5,59
1569224907755,small_vehicle,0,254
1570500047185,small_vehicle,5,137
1567072080413,large_vehicle,6,113
1565605935874,large_vehicle,3,340
1566159445547,small_vehicle,4,109
1567649919323,large_vehicle,4,64
1583625479849,small_vehicle,5,65
1579213850792,large_vehicle,9,49
1581016177257,small_vehicle,9,346
1586218451766,small_vehicle,4,316
1586601314278,large_vehicle,4,314
1572227084482,large_vehicle,2,199
1571376271574,large_vehicle,10,10
1574829044606,small_vehicle,1,103
1581579833065,small_vehicle,6,116
1571077852117,small_vehicle,7,123
1586350142938,small_vehicle,10,338
1565091281134,large_vehicle,5,100
1577839062021,large_vehicle,7,355
1579282760654,large_vehicle,4,154
1582928158501,small_vehicle,0,56
1573068529684,large_vehicle,6,226
1565369878027,large_vehicle,9,109
1568406170090,large_vehicle,9,52
1564769302953,large_vehicle,7,277
1569039911767,large_vehicle,8,267
1579545169086,large_vehicle,7,355
1577315390946,large_vehicle,7,52
1582268895759,small_vehicle,6,161
1580551162721,small_vehicle,10,353
1578546875627,small_vehicle,7,223
1565143736840,large_vehicle,7,329
1568843702185,small_vehicle,6,258
1571695769139,large_vehicle,2,182
1567592903183,large_vehicle,10,134
1568769951486,large_vehicle,7,130
1568700067086,large_vehicle,0,225
1584939279313,small_vehicle,7,310
1574552252024,large_vehicle,7,161
1577177123785,large_vehicle,0,320
1582193116068,small_vehicle,8,90
1564689530856,large_vehicle,0,32
1569690198982,small_vehicle,4,96
1584879546514,large_vehicle,9,345
1584999837815,small_vehicle,7,19
1574092111654,large_vehicle,6,307
1574833802648,large_vehicle,10,215
1574444476384,large_vehicle,0,317
1586250488874,small_vehicle,7,87
1567462058502,small_vehicle,6,107
1573744688906,large_vehicle,7,350
1581897285123,large_vehicle,7,272
1566265731226,large_vehicle,2,136
1584059307338,small_vehicle,0,243
1577417162058,large_vehicle,9,338
1578258997692,large_vehicle,5,96
1567356700290,large_vehicle,6,244
1569676272849,large_vehicle,6,347
1571067432636,small_vehicle,5,118
1582433797031,small_vehicle,0,2
1585696131536,small_vehicle,4,265
1574664129746,large_vehicle,3,137
1564782423379,large_vehicle,8,190
1578676614966,large_vehicle,7,315
1579486409817,small_vehicle,1,22
1568083625128,small_vehicle,4,132
1567587409429,small_vehicle,5,311
1583345904739,small_vehicle,6,274
1580583159730,large_vehicle,0,177
1579238305015,large_vehicle,4,218
1565525710149,small_vehicle,10,239
1586592335125,small_vehicle,5,299
1574650789267,small_vehicle,0,245
1569846245082,large_vehicle,1,319
1568000907430,large_vehicle,6,12
1568950803892,large_vehicle,4,105
1573591432008,small_vehicle,9,208
1581287320224,large_vehicle,4,89
1580525071052,large_vehicle,5,85
1581175871333,large_vehicle,3,128
1574721516587,large_vehicle,5,61
1570711388802,large_vehicle,6,289
1577990172286,small_vehicle,4,161
1574608992255,small_vehicle,1,153
1582702245078,small_vehicle,7,198
1585390966631,large_vehicle,0,174
1577424464245,large_vehicle,8,163
1574141952004,large_vehicle,6,43
1572940263002,large_vehicle,0,118
1577390423305,small_vehicle,7,338
1584299335840,small_vehicle,2,310
1565147827677,small_vehicle,6,65
1575698420290,large_vehicle,8,305
1583398340038,small_vehicle,1,240
1566218279304,large_vehicle,7,196
1575942566234,large_vehicle,3,72
1574633539034,large_vehicle,8,226
1581105002596,small_vehicle,8,199
1568446514072,large_vehicle,4,150
1583637694924,large_vehicle,10,251
1579780087366,large_vehicle,9,352
1572631454468,large_vehicle,10,201
1569178274745,large_vehicle,0,77
1574811520608,small_vehicle,2,202
1574249652326,small_vehicle,6,281
1570053097688,large_vehicle,10,42
1566102475973,large_vehicle,10,91
1577109847954,small_vehicle,8,211
1566087910191,small_vehicle,8,200
1574711485067,small_vehicle,10,122
1575841728022,large_vehicle,1,180
1571422346767,large_vehicle,2,65
1569159920916,large_vehicle,1,356
1584494741861,large_vehicle,10,155
1582435987050,small_vehicle,4,347
1568262773075,small_vehicle,10,14
1577508178043,small_vehicle,2,56
1580413525523,large_vehicle,3,215
1568206234274,large_vehicle,4,131
1577289392030,small_vehicle,4,327
1581430149778,large_vehicle,1,56
1582063213918,large_vehicle,1,64
1574465820435,large_vehicle,4,298
1573875925779,small_vehicle,9,205
1582076998131,large_vehicle,5,317
1577161843692,small_vehicle,1,317
1567607536006,large_vehicle,0,104
1566527954109,large_vehicle,8,124
1585037532978,large_vehicle,0,354
1572471319371,small_vehicle,4,301
1575729543825,small_vehicle,2,197
1577484424269,large_vehicle,0,67
1582948331717,small_vehicle,10,224
1569027304040,large_vehicle,3,107
1566125886055,large_vehicle,7,154
1572647828530,small_vehicle,0,248
1577159156935,large_vehicle,1,208
1567371252722,large_vehicle,2,296
1580083217346,large_vehicle,1,119
1575467193054,large_vehicle,2,20
1586463226671,small_vehicle,4,241
1570708404643,small_vehicle,4,168
1573391411834,large_vehicle,7,60
1585400454434,large_vehicle,1,72
1572631608883,large_vehicle,9,125
1573436780479,large_vehicle,7,218
1573987064683,large_vehicle,5,162
1571100781657,large_vehicle,8,227
1567035441784,small_vehicle,6,209
1573127877333,large_vehicle,1,20
1582154699132,small_vehicle,9,60
1583267567653,small_vehicle,1,113
1584875301381,small_vehicle,10,235
1580907727282,small_vehicle,7,210
1584073998556,small_vehicle,7,232
1578586794290,small_vehicle,0,190
1583020841327,small_vehicle,7,283
1575309744476,small_vehicle,4,143
1583900392567,large_vehicle,7,87
1582368899049,small_vehicle,1,53
1576573011199,large_vehicle,1,119
1565688386045,large_vehicle,6,189
1581233254769,large_vehicle,6,177
1582507711908,large_vehicle,2,204
1569273818376,small_vehicle,1,327
1576379904654,small_vehicle,3,156
1578576019772,small_vehicle,9,330
1583726332898,small_vehicle,3,112
1580936031477,small_vehicle,2,98
1585884804709,large_vehicle,5,188
1578615046029,small_vehicle,10,169
1571473167061,large_vehicle,2,356
1567771197719,large_vehicle,1,162
1577806121708,large_vehicle,6,188
1572273915385,small_vehicle,9,47
1580774289477,small_vehicle,5,134
1573847278025,large_vehicle,3,8
1567720914207,large_vehicle,1,209
1583970247600,small_vehicle,2,185
1568920022984,large_vehicle,1,230
1577389263324,small_vehicle,3,53
1566162358026,large_vehicle,4,196
1565428654681,large_vehicle,6,231
1568593160462,small_vehicle,10,287
1577285961120,small_vehicle,5,171
1566325922114,small_vehicle,9,178
1585876594320,large_vehicle,1,343
1586300655607,large_vehicle,7,17
1573824129697,small_vehicle,4,182
1574476877665,small_vehicle,3,150
1580064663435,small_vehicle,8,252
1585626208298,large_vehicle,8,169
1581221075523,large_vehicle,8,342
1574064453419,small_vehicle,7,89
1566480540558,large_vehicle,5,269
1571497670090,large_vehicle,2,314
1580834833957,large_vehicle,5,57
1576564136603,small_vehicle,4,353
1579136797145,small_vehicle,0,206
1578055000729,large_vehicle,7,103
1584925345076,small_vehicle,8,88
1567092911957,small_vehicle,6,197
1572754531024,small_vehicle,6,234
1570885666446,small_vehicle,10,66
1567885831892,small_vehicle,6,108
1583719581690,small_vehicle,9,20
1570407367313,small_vehicle,2,269
1578693227564,large_vehicle,7,65
1576373310529,large_vehicle,5,71
1572106165782,large_vehicle,10,3
1569479444420,large_vehicle,6,247
1568630543229,large_vehicle,1,267
1576751744930,large_vehicle,4,248
