1566066223805,small_vehicle,7,277
1570255686199,large_vehicle,4,168
1575856036785,large_vehicle,4,176
1581079835769,small_vehicle,9,281
1579600859493,small_vehicle,8,138
1585393859867,large_vehicle,10,334
1565661594126,large_vehicle,5,117
1581189845714,small_vehicle,10,6
1583379331332,small_vehicle,1,194
1570307806518,small_vehicle,1,149
1584305510391,small_vehicle,5,60
1570338602820,large_vehicle,3,28
1586511556491,small_vehicle,9,101
1574458475077,small_vehicle,4,190
1566563405017,small_vehicle,4,63
1580038598658,small_vehicle,6,305
1575991376066,small_vehicle,7,229
1569476697133,small_vehicle,5,108
1586452907044,large_vehicle,0,56
1572044411028,small_vehicle,0,37
1564955633128,small_vehicle,4,29
1583608522268,small_vehicle,3,3
1575159087770,large_vehicle,6,303
1580231749119,small_vehicle,0,246
1584679488422,large_vehicle,2,279
1565775056977,large_vehicle,6,348
1564773005523,small_vehicle,10,21
1578036899233,large_vehicle,10,45
1572884026014,small_vehicle,5,302
1567464174215,large_vehicle,2,3
1566496689906,large_vehicle,0,41
1583236416970,small_vehicle,6,184
1584331139692,small_vehicle,3,148
1567660292854,small_vehicle,10,26
1573068293698,large_vehicle,5,328
1582919959491,small_vehicle,10,57
1580047595796,small_vehicle,7,72
1573645579478,small_vehicle,1,106
1577466960387,large_vehicle,10,317
1578582372116,large_vehicle,8,358
1574300236266,large_vehicle,4,66
1575347539421,small_vehicle,3,235
1582952069691,large_vehicle,5,252
1575225953266,large_vehicle,4,48
1575900601829,small_vehicle,9,310
1569347864342,large_vehicle,4,37
1580049461147,large_vehicle,1,275
1572242762088,small_vehicle,2,227
1571637885302,large_vehicle,9,135
1575599117130,small_vehicle,10,303
1577335533822,small_vehicle,7,178
1573298797498,small_vehicle,2,56
1567695711102,small_vehicle,0,112
1570622942176,small_vehicle,0,338
1579812274767,large_vehicle,5,298
1570488595059,small_vehicle,4,110
1566016861119,small_vehicle,3,350
1565834230881,large_vehicle,2,196
1576231579601,large_vehicle,2,60
1570818837263,small_vehicle,7,102
1578559137162,large_vehicle,1,227
1574352537066,large_vehicle,5,235
1576414671797,large_vehicle,0,322
1570637983607,small_vehicle,9,199
1566151001454,small_vehicle,4,338
1579904540942,small_vehicle,7,95
1581821728318,large_vehicle,3,201
1569369632835,large_vehicle,8,287
1574687253579,large_vehicle,5,258
1579072813439,small_vehicle,5,120
1584522444424,large_vehicle,5,99
1580259849018,small_vehicle,6,139
1577003854896,small_vehicle,1,142
1570130422797,large_vehicle,4,229
1564775257774,small_vehicle,7,287
1566763871963,large_vehicle,10,147
1571943092962,small_vehicle,7,37
1567827240396,large_vehicle,5,84
1581897150623,large_vehicle,1,221
1585368132180,small_vehicle,5,208
1572534072971,large_vehicle,2,12
1579059236152,large_vehicle,1,312
1569417386286,large_vehicle,7,88
1575906718935,large_vehicle,4,202
1585165127270,small_vehicle,3,3
1569581369070,small_vehicle,7,287
1567754120696,small_vehicle,8,148
1583649532007,large_vehicle,1,209
1581701045967,small_vehicle,9,75
1578655742482,large_vehicle,3,28
1581514821362,large_vehicle,10,108
1585234598938,large_vehicle,4,169
1571529272573,large_vehicle,0,96
1571914599380,large_vehicle,1,143
1567796238129,large_vehicle,2,77
1570154352212,large_vehicle,3,105
1579279473913,small_vehicle,7,317
1576328965013,small_vehicle,4,163
1570426980922,small_vehicle,1,240
1577265095348,small_vehicle,0,102
1566117260745,small_vehicle,4,40
1564912425997,small_vehicle,7,89
1577737903074,large_vehicle,1,340
1582727697920,large_vehicle,10,225
1578988609872,small_vehicle,0,3
1570848696886,small_vehicle,7,101
1585096718133,small_vehicle,8,106
1567880045509,small_vehicle,1,223
1571812790484,small_vehicle,6,358
1576739933665,large_vehicle,7,187
1569397810436,large_vehicle,10,286
1581550689847,small_vehicle,9,315
1577002603691,large_vehicle,4,349
1579828053739,large_vehicle,5,113
1567618529350,small_vehicle,9,268
1565253863760,large_vehicle,7,130
1583937445010,large_vehicle,7,353
1577633883921,large_vehicle,8,208
1582527951519,small_vehicle,10,283
1586722878531,large_vehicle,3,66
1581935979797,large_vehicle,6,246
1581177779086,large_vehicle,8,356
1570831080981,small_vehicle,10,167
1569968993467,large_vehicle,10,284
1567791721178,large_vehicle,1,60
1579967410615,large_vehicle,9,337
1565840961895,small_vehicle,8,193
1567690710819,large_vehicle,2,239
1565299455038,small_vehicle,6,121
1572768630855,large_vehicle,3,143
1569745578321,large_vehicle,5,259
1570211921327,small_vehicle,1,302
1585969184351,large_vehicle,1,104
1565219124736,small_vehicle,5,31
1581999695470,small_vehicle,0,235
1570271594827,large_vehicle,4,113
1583572699435,large_vehicle,4,264
1570703744443,large_vehicle,4,26
1585649378952,small_vehicle,3,34
1574315940992,small_vehicle,3,80
1572420862362,small_vehicle,3,356
1579974843727,small_vehicle,0,290
1572507649547,small_vehicle,0,236
1582938730241,large_vehicle,8,47
1571955859812,large_vehicle,4,52
1565346939168,large_vehicle,1,112
1572190697226,small_vehicle,3,285
1575881968832,large_vehicle,3,189
1584223974106,large_vehicle,2,59
1575247191648,large_vehicle,0,105
1584488183875,small_vehicle,0,227
1578774351372,large_vehicle,4,2
1577107279378,large_vehicle,10,263
1564986700984,small_vehicle,5,347
1582236667149,large_vehicle,3,59
1569322218145,large_vehicle,9,48
1580535776314,small_vehicle,5,27
1570926721967,large_vehicle,4,231
1573225137754,large_vehicle,6,32
1572906910971,small_vehicle,6,132
1575840916812,small_vehicle,0,168
1575180279030,small_vehicle,3,313
1574366893655,small_vehicle,7,206
1586138296993,large_vehicle,10,222
1574407047354,small_vehicle,10,0
1567508641357,large_vehicle,0,76
1574677631386,small_vehicle,1,199
1582957394426,small_vehicle,7,285
1571140853337,small_vehicle,8,244
1573681760344,small_vehicle,0,227
1583845296568,small_vehicle,8,347
1585518631677,small_vehicle,7,245
1585174525161,small_vehicle,7,79
1566788270506,small_vehicle,2,302
1585287551849,large_vehicle,7,326
1581796357709,small_vehicle,9,232
1575044169919,small_vehicle,6,314
1565005742086,large_vehicle,7,33
1567479329996,small_vehicle,8,99
1577376373467,small_vehicle,1,74
1571701144264,small_vehicle,1,106
1570335318811,small_vehicle,10,69
1569614994599,small_vehicle,10,119
1565226030277,small_vehicle,6,190
1572056973073,large_vehicle,6,52
1578716196157,large_vehicle,4,207
1585786662386,large_vehicle,2,75
1575643803220,small_vehicle,10,165
1567393930711,small_vehicle,6,316
1577596091747,large_vehicle,6,49
1566251067199,small_vehicle,9,301
1567759582882,large_vehicle,4,298
1569115245480,small_vehicle,9,162
1569987376801,large_vehicle,9,332
1580712932174,small_vehicle,0,237
1570676158767,small_vehicle,1,324
1574923641543,small_vehicle,9,236
1580816175640,large_vehicle,0,49
1581497326273,large_vehicle,1,221
1579897683091,small_vehicle,8,142
1572617866890,small_vehicle,9,148
1565531079854,large_vehicle,3,64
1577423607202,large_vehicle,5,327
1566251699891,small_vehicle,5,19
1573413616506,large_vehicle,4,53
1579443686123,large_vehicle,5,319
1578803432954,small_vehicle,5,111
1574272843090,large_vehicle,3,336
1577659422228,small_vehicle,10,226
1579228997709,small_vehicle,10,97
1583793651398,small_vehicle,1,104
1565268483073,small_vehicle,3,217
1569445160352,small_vehicle,6,152
1577612728966,large_vehicle,0,145
1581719390836,small_vehicle,9,35
1568739965782,large_vehicle,3,58
1572942894616,small_vehicle,5,230
1574297117232,large_vehicle,8,100
1583142044309,large_vehicle,0,222
1578181416683,small_vehicle,7,265
1570513805136,small_vehicle,7,189
1573290266131,large_vehicle,10,99
1576315463562,small_vehicle,9,237
1565627039568,large_vehicle,0,206
1570083231969,small_vehicle,2,110
1586264729170,large_vehicle,7,299
1580118939346,small_vehicle,9,201
1566204436151,large_vehicle,2,136
1582438982256,large_vehicle,10,187
1564761453168,small_vehicle,3,323
1582401962190,small_vehicle,7,231
1571368341808,large_vehicle,0,29
1575618130018,small_vehicle,4,254
1585729117419,small_vehicle,1,149
1576294255807,large_vehicle,6,85
1579180410015,large_vehicle,2,190
1574497882515,small_vehicle,4,153
1571683670208,small_vehicle,8,76
1581693378109,small_vehicle,0,9
1567005080573,large_vehicle,7,75
1569458590269,large_vehicle,10,127
1568632697011,large_vehicle,2,136
1577697414864,large_vehicle,3,31
1585667729345,large_vehicle,7,289
1584715593552,small_vehicle,0,288
1572387812865,large_vehicle,1,83
1581542831527,large_vehicle,0,130
1581955602831,small_vehicle,4,235
1586005273490,small_vehicle,4,96
1568225563207,large_vehicle,10,297
1573272642457,large_vehicle,3,98
1567670475358,large_vehicle,6,330
1573577770513,large_vehicle,3,343
1579230543000,large_vehicle,10,297
1579475265238,large_vehicle,9,232
1573913696881,large_vehicle,8,168
1580915807874,small_vehicle,0,149
1579839427489,small_vehicle,0,288
1581667345495,small_vehicle,8,120
1583263210337,large_vehicle,9,217
1574958315573,large_vehicle,8,80
1565338462443,small_vehicle,1,266
1577804616356,large_vehicle,1,86
1586409771597,small_vehicle,2,330
1583011865924,small_vehicle,8,277
1569456040532,small_vehicle,1,234
1585807183460,small_vehicle,7,140
1572115453600,small_vehicle,0,354
1567950624945,small_vehicle,1,354
1577677756773,small_vehicle,5,351
1586603855858,large_vehicle,0,244
1569382647642,large_vehicle,8,281
1570206305498,large_vehicle,3,276
1574517239707,small_vehicle,9,31
1581926430021,large_vehicle,3,226
1573513602419,small_vehicle,0,235
1574456132776,small_vehicle,10,263
1571263653162,large_vehicle,4,253
1585339715582,large_vehicle,3,94
1565376282107,large_vehicle,10,239
1579356093656,small_vehicle,6,11
1582409914340,small_vehicle,1,266
1576982662870,small_vehicle,0,317
1578571630690,small_vehicle,8,279
1565214724401,small_vehicle,4,271
1584052530064,large_vehicle,6,323
1572231234036,small_vehicle,8,87
1582846048992,small_vehicle,7,350
1565514171333,small_vehicle,6,294
1586069861555,small_vehicle,7,322
1567804290429,small_vehicle,1,189
1581444102153,small_vehicle,1,4
1578691620192,large_vehicle,6,321
1580610102613,large_vehicle,8,281
1569717064261,large_vehicle,6,126
1583682957944,small_vehicle,6,242
1584230418354,small_vehicle,3,349
1584037319899,small_vehicle,4,167
1565565299319,large_vehicle,6,49
1581263165064,small_vehicle,9,41
1567471542379,large_vehicle,7,109
1583000183347,large_vehicle,9,151
1564759429289,large_vehicle,1,247
1571537138749,small_vehicle,7,126
1586713553205,small_vehicle,9,169
1571595026925,small_vehicle,7,94
1567175961441,small_vehicle,10,237
1579241739427,small_vehicle,10,35
1570760954291,large_vehicle,9,300
1582400935142,large_vehicle,0,191
1586531565056,large_vehicle,1,138
1585424331125,small_vehicle,10,330
1575288738099,large_vehicle,4,133
1576483261883,small_vehicle,9,109
1572914515228,small_vehicle,7,254
1578798156006,large_vehicle,2,139
1565217279922,large_vehicle,4,79
1578619551150,small_vehicle,10,101
1582920136738,large_vehicle,10,2
1575034036698,small_vehicle,3,107
1576092422770,small_vehicle,5,274
1570725399426,large_vehicle,6,246
1578876750313,small_vehicle,4,118
1569971385868,large_vehicle,10,295
1586032474958,small_vehicle,9,109
1565563239993,large_vehicle,4,350
1585150979349,large_vehicle,3,184
1585661767225,small_vehicle,3,125
1586480496266,small_vehicle,4,338
1571964892406,small_vehicle,9,270
1574919404360,large_vehicle,8,60
1572168233577,small_vehicle,1,290
1564754104559,large_vehicle,2,323
1571326107959,small_vehicle,4,157
1575055705975,large_vehicle,8,34
1584440631681,large_vehicle,2,232
1575726158079,large_vehicle,2,267
1577651301805,small_vehicle,2,240
1581477461236,small_vehicle,6,130
1573964730864,small_vehicle,9,202
1581554015815,small_vehicle,6,28
1572483304375,small_vehicle,5,232
1586166753461,small_vehicle,2,36
1576678564306,large_vehicle,10,303
1578581216337,large_vehicle,8,288
1575275719674,large_vehicle,7,266
1584239478381,large_vehicle,1,278
1575063448317,small_vehicle,6,123
1586376184034,small_vehicle,4,188
1580965018650,large_vehicle,4,102
1569194591645,small_vehicle,1,298
1582559234750,large_vehicle,3,260
1567405842190,large_vehicle,7,274
1565572019357,small_vehicle,0,51
1572485980164,small_vehicle,4,349
1570234150444,large_vehicle,5,107
1570171693680,small_vehicle,4,16
1575685847654,small_vehicle,10,18
1574544577657,large_vehicle,2,99
1578692442585,large_vehicle,4,357
1575235754591,large_vehicle,4,126
1572607348708,large_vehicle,8,203
1576577782324,small_vehicle,1,298
1578847779323,large_vehicle,1,131
1565456339870,small_vehicle,7,12
1575546122201,small_vehicle,5,248
1576673420633,large_vehicle,4,259
1582070200109,large_vehicle,6,55
1576862907589,small_vehicle,7,223
1583784900630,large_vehicle,2,177
1575203483759,small_vehicle,9,203
1575675311248,large_vehicle,9,150
1567282124107,small_vehicle,2,12
1571154731671,large_vehicle,0,256
1575607085049,small_vehicle,10,61
1586418499374,large_vehicle,0,140
1565056045746,small_vehicle,8,274
1576945831109,small_vehicle,3,23
1580802720568,large_vehicle,0,118
1570117313804,small_vehicle,2,125
1570080125232,large_vehicle,4,262
1577223073940,small_vehicle,10,195
1574330409884,small_vehicle,9,302
1578011594235,small_vehicle,3,275
1570257990687,small_vehicle,6,126
1570862344320,large_vehicle,9,105
1585134921303,small_vehicle,10,71
1577562760129,large_vehicle,0,102
1568046866791,large_vehicle,10,217
1575306598705,small_vehicle,0,231
1578644896457,large_vehicle,4,311
1568369943150,small_vehicle,9,161
1571685271591,small_vehicle,7,160
1572036451879,large_vehicle,0,160
1567825241458,small_vehicle,3,263
1570878696913,large_vehicle,7,305
1584587390388,large_vehicle,3,324
1572065096944,large_vehicle,1,60
1581792725974,large_vehicle,2,253
1570643273846,large_vehicle,6,190
1582955533813,small_vehicle,8,46
1576678434241,large_vehicle,0,358
1581925154118,large_vehicle,1,178
1567429227315,large_vehicle,1,82
1577248626590,small_vehicle,10,190
1575947113901,large_vehicle,3,165
1577012852963,small_vehicle,7,49
1579040248282,large_vehicle,8,207
1572542688999,large_vehicle,10,22
1571667109384,small_vehicle,8,55
1581168612083,small_vehicle,6,46
1571361448797,small_vehicle,8,139
1584094138566,large_vehicle,4,194
1575577571388,large_vehicle,6,96
1569836662796,small_vehicle,8,144
1576205205538,small_vehicle,0,66
1581488378813,large_vehicle,2,121
1566197335728,large_vehicle,1,235
1572196084383,small_vehicle,9,305
1567622899171,small_vehicle,4,219
1578893336330,small_vehicle,2,264
1574660160116,large_vehicle,2,209
1582393531376,small_vehicle,0,68
1572623091237,small_vehicle,8,201
1584773144804,small_vehicle,8,320
1578706898191,large_vehicle,6,354
1578953886798,small_vehicle,4,33
1576501997813,large_vehicle,7,139
1576710826961,small_vehicle,2,310
1581689629229,large_vehicle,1,206
1568995394399,small_vehicle,8,143
1570916991013,large_vehicle,6,151
1567444773866,small_vehicle,8,94
1567020133313,large_vehicle,10,248
1585795123982,small_vehicle,8,53
1577581828505,small_vehicle,8,150
1574014482678,large_vehicle,7,263
1571305148945,large_vehicle,9,103
1581375605268,large_vehicle,8,127
1575657509210,small_vehicle,2,79
1573087245108,large_vehicle,4,103
1583883703165,large_vehicle,0,180
1578358181801,small_vehicle,4,35
1571608180761,small_vehicle,4,186
1567149332344,large_vehicle,0,234
1583513507706,small_vehicle,2,172
1580236236517,small_vehicle,0,236
1576547296081,small_vehicle,6,27
1586468609972,small_vehicle,4,98
1586183988879,small_vehicle,9,166
1578755083580,large_vehicle,1,15
1574984033477,large_vehicle,0,274
1571432949744,large_vehicle,4,143
1581181418510,small_vehicle,0,176
1570689046506,large_vehicle,3,276
1570604974379,large_vehicle,3,303
1567185039379,small_vehicle,9,151
1576175360282,small_vehicle,10,55
1584935886661,large_vehicle,2,241
1585766069621,small_vehicle,5,62
1580666048664,large_vehicle,2,2
1586112449707,small_vehicle,2,132
1580845974174,small_vehicle,2,327
1566765538470,large_vehicle,0,72
1568336890367,small_vehicle,2,18
1585216937690,small_vehicle,1,147
1584714559844,small_vehicle,1,158
1566240289467,small_vehicle,2,281
1565476677439,large_vehicle,3,45
1566360431873,small_vehicle,0,86
1566236960032,small_vehicle,1,230
1573142675951,small_vehicle,6,233
1578364019113,large_vehicle,9,200
1578665636858,small_vehicle,8,249
1581589943297,large_vehicle,9,29
1585855917178,small_vehicle,7,3
1565470667450,small_vehicle,2,237
1565736994291,small_vehicle,8,336
1579420566223,large_vehicle,2,57
1564698520099,large_vehicle,9,18
1566770393535,small_vehicle,2,256
1579027136145,small_vehicle,2,9
1585028815631,large_vehicle,9,184
1578930842426,small_vehicle,2,164
1576651273318,small_vehicle,4,112
1568077400384,large_vehicle,3,94
1565986706888,small_vehicle,7,136
1581362871911,large_vehicle,6,76
1585248509700,small_vehicle,0,80
1574253254977,large_vehicle,3,300
1574504265541,small_vehicle,3,188
1582109215815,small_vehicle,6,258
1565906940284,small_vehicle,10,325
1580717405245,large_vehicle,5,314
1585248985674,small_vehicle,6,210
1566101256515,small_vehicle,9,268
1568654679999,large_vehicle,6,143
1570450933551,large_vehicle,3,153
1573614179381,small_vehicle,1,210
1579564674952,large_vehicle,3,141
1571730202486,large_vehicle,7,275
1577788203825,small_vehicle,6,79
1581707283119,small_vehicle,2,8
1577769268867,large_vehicle,2,84
1582313057294,large_vehicle,10,259
1565739441231,large_vehicle,3,227
1577358972497,small_vehicle,4,112
1583659115691,small_vehicle,3,333
1568580196238,large_vehicle,9,355
1568264895314,small_vehicle,3,11
1569550020020,large_vehicle,5,197
1583584021626,large_vehicle,10,309
1570555190820,large_vehicle,4,5
1564919856372,small_vehicle,9,323
1575655722617,small_vehicle,8,65
1577671878941,small_vehicle,4,118
1568433967245,small_vehicle,7,178
1577432541631,large_vehicle,7,140
1572065133738,large_vehicle,10,15
1575627684622,small_vehicle,4,350
1576640505814,small_vehicle,8,228
1585920075515,large_vehicle,0,358
1566608334893,large_vehicle,0,52
1576627553198,large_vehicle,0,238
1585855647964,small_vehicle,4,97
1572420728861,small_vehicle,0,119
1572574961720,large_vehicle,0,160
1574968000548,small_vehicle,8,129
1586366218703,large_vehicle,9,288
1566624228018,large_vehicle,9,194
1579654412847,large_vehicle,4,126
1570763596250,small_vehicle,2,327
1577360457446,large_vehicle,5,32
1577058635794,small_vehicle,4,27
1577829208448,small_vehicle,7,312
1580354388968,large_vehicle,8,184
1582380271757,small_vehicle,10,354
1569048072608,large_vehicle,1,222
1570103535755,small_vehicle,7,241
1575855375075,large_vehicle,2,232
1570573708911,small_vehicle,7,238
1574219849661,small_vehicle,4,348
1579288838258,small_vehicle,2,221
1579451218236,large_vehicle,5,305
1567952027479,large_vehicle,5,95
1582846824830,large_vehicle,2,109
1568871735818,small_vehicle,3,330
1582772032448,small_vehicle,1,230
1585551096190,large_vehicle,3,55
1572355306340,large_vehicle,4,341
1577040265205,large_vehicle,4,151
1571333293405,large_vehicle,10,88
1576293008924,small_vehicle,6,342
1580047064265,small_vehicle,8,252
1573451832728,large_vehicle,4,111
1577136443951,small_vehicle,4,255
1578279660349,large_vehicle,7,322
1565061609693,small_vehicle,0,217
1573328665405,small_vehicle,2,121
1585539992575,large_vehicle,7,312
1565847295864,small_vehicle,3,342
1569538371435,large_vehicle,2,226
1575777627285,small_vehicle,2,236
1573843790882,large_vehicle,2,309
1565779927932,large_vehicle,6,10
1572410587631,large_vehicle,5,206
1581002422213,large_vehicle,6,16
1565080008892,large_vehicle,2,177
1573295536876,small_vehicle,8,121
1578022060547,large_vehicle,8,119
1568841142912,small_vehicle,10,149
1569496877862,large_vehicle,8,216
1575278684314,large_vehicle,8,352
1584602017846,small_vehicle,9,150
1578914618169,small_vehicle,5,26
1581661861224,small_vehicle,5,49
1572842778716,small_vehicle,7,116
1570041539444,large_vehicle,0,107
1569462337389,small_vehicle,10,145
1585159249982,large_vehicle,10,177
1573415042272,small_vehicle,2,326
1569905215683,large_vehicle,6,61
1582074702781,small_vehicle,3,207
1582110303309,small_vehicle,3,211
1574909777047,small_vehicle,7,228
1571349270949,large_vehicle,7,274
1576712140296,small_vehicle,10,309
1573260359374,small_vehicle,2,280
1578087682198,small_vehicle,3,45
1585411758846,large_vehicle,0,2
1584679645712,large_vehicle,0,257
1568220771488,large_vehicle,4,112
1565375390014,large_vehicle,7,97
1577471928948,large_vehicle,0,57
1583304997727,small_vehicle,10,32
1567693767341,large_vehicle,10,66
1583760586112,small_vehicle,6,88
1576622937569,small_vehicle,4,278
1574983221165,small_vehicle,0,333
1576459593477,large_vehicle,8,308
1581168994464,small_vehicle,1,158
1576021632975,small_vehicle,6,276
1571580304886,large_vehicle,4,295
1576062128839,small_vehicle,10,224
1576353353246,small_vehicle,1,186
1576722596009,small_vehicle,3,310
1568360775268,large_vehicle,5,156
1586060178871,large_vehicle,4,61
1584985252132,small_vehicle,6,209
1572261870353,large_vehicle,0,127
1571005006275,small_vehicle,7,26
1576247312044,small_vehicle,2,10
1584204506445,small_vehicle,1,248
1585582833583,large_vehicle,3,117
1579684158614,small_vehicle,0,267
1568694521286,small_vehicle,9,89
1579480380745,small_vehicle,3,191
1582923962371,small_vehicle,5,275
1579735738562,small_vehicle,3,119
1574242815201,large_vehicle,0,264
1586257844683,small_vehicle,10,309
1586642177180,small_vehicle,9,164
1577884308398,large_vehicle,10,57
1572264859713,large_vehicle,3,152
1574844825592,large_vehicle,4,343
1579959894220,small_vehicle,6,197
1565672282445,large_vehicle,2,75
1566933784374,large_vehicle,0,90
1567835973431,large_vehicle,5,234
1568157124545,large_vehicle,6,194
1565346981492,small_vehicle,5,299
1571334410832,large_vehicle,2,265
1569702087891,small_vehicle,5,105
1570633627330,large_vehicle,0,59
1567587996592,large_vehicle,10,320
1576943521155,small_vehicle,7,297
1584974971793,large_vehicle,8,146
1566966856950,small_vehicle,7,69
1577863397934,large_vehicle,5,198
1565794631199,small_vehicle,2,8
1572199680644,large_vehicle,10,302
1574229751122,large_vehicle,1,136
1566393018901,small_vehicle,10,354
1586137941705,large_vehicle,10,308
1581650729652,small_vehicle,8,201
1580313120531,small_vehicle,0,165
1565365472445,small_vehicle,0,273
1580788230547,large_vehicle,9,127
1582371985049,large_vehicle,3,261
1574472456064,small_vehicle,9,107
1580573118490,small_vehicle,5,109
1575132629905,large_vehicle,2,275
1584930918017,small_vehicle,5,178
1582574424428,large_vehicle,4,151
1572414827417,small_vehicle,0,293
1575324517742,small_vehicle,0,196
1578827264370,small_vehicle,3,277
1575835525602,large_vehicle,3,254
1584067424174,large_vehicle,9,323
1578255536423,large_vehicle,10,251
1565033445443,large_vehicle,4,210
1584889903096,small_vehicle,0,356
1584257549408,large_vehicle,2,3
1573982169806,small_vehicle,5,47
1575706364872,large_vehicle,1,199
1578000191306,small_vehicle,9,17
1582758247676,large_vehicle,0,139
1568438459833,small_vehicle,10,2
1575623060992,large_vehicle,8,137
1582700814997,small_vehicle,10,332
1580129154630,large_vehicle,4,160
1583170545002,small_vehicle,9,70
1567123142893,small_vehicle,2,26
1583184408473,large_vehicle,1,324
1583416952294,small_vehicle,5,175
1586292799078,large_vehicle,10,157
1580897144045,large_vehicle,3,108
1581141366172,large_vehicle,8,13
1565531886512,large_vehicle,2,222
1574984349990,small_vehicle,2,187
1564755062587,small_vehicle,7,241
1578628890535,large_vehicle,4,262
1583450453305,large_vehicle,6,40
1574155827757,large_vehicle,0,155
1577344973634,large_vehicle,9,76
1581193682038,small_vehicle,2,145
1580379519614,small_vehicle,3,163
1576768596675,small_vehicle,8,176
1575532931185,large_vehicle,7,200
1572273500366,small_vehicle,8,137
1568724189058,small_vehicle,0,250
1575466029790,large_vehicle,0,150
1574960778905,small_vehicle,5,125
1574271462444,large_vehicle,5,18
1578012464667,small_vehicle,5,145
1584095517129,small_vehicle,9,110
1573018954865,large_vehicle,5,44
1578256574067,small_vehicle,9,192
1582188867418,large_vehicle,2,164
1570641330254,small_vehicle,9,26
1585408640105,large_vehicle,8,321
1570155768623,small_vehicle,6,85
1575091875080,small_vehicle,9,104
1568360285448,large_vehicle,8,34
1580142462528,small_vehicle,1,157
1570006242210,small_vehicle,2,313
1568414862364,small_vehicle,0,67
1571684849726,large_vehicle,5,321
1582223210608,small_vehicle,10,43
1566043046596,large_vehicle,8,244
1574276981255,large_vehicle,2,45
1583310574865,small_vehicle,9,192
1581443054588,small_vehicle,8,221
1575282836404,small_vehicle,10,113
1580365153304,small_vehicle,10,126
1574730441717,large_vehicle,7,180
1578144536531,small_vehicle,10,230
1566850172750,small_vehicle,8,51
1584256372342,large_vehicle,5,15
1566737735281,large_vehicle,8,347
1581836563433,large_vehicle,9,40
1581227121652,large_vehicle,0,211
1580059078387,large_vehicle,4,15
1566341775671,small_vehicle,3,61
1571725699877,small_vehicle,5,237
1576744808006,small_vehicle,9,30
1574386397895,small_vehicle,4,285
1570543484230,large_vehicle,10,232
1576497029143,small_vehicle,6,174
1584237436388,large_vehicle,0,145
1585415500315,large_vehicle,4,165
1583607607926,large_vehicle,4,198
1564966261650,small_vehicle,6,77
1567580777237,small_vehicle,2,131
1565220059684,large_vehicle,2,263
1578680088927,small_vehicle,9,304
1581011549328,large_vehicle,8,79
1565651972737,large_vehicle,5,48
1583258156355,small_vehicle,7,360
1584174007477,small_vehicle,3,196
1585387079473,small_vehicle,2,92
1586379849125,large_vehicle,7,175
1578724775819,small_vehicle,2,212
1564727763367,small_vehicle,3,61
1566000619566,large_vehicle,0,90
1583138459458,small_vehicle,9,258
1574615497294,small_vehicle,3,18
1565663372221,small_vehicle,9,178
1573089964728,small_vehicle,7,316
1568549998440,large_vehicle,5,304
1571119983333,large_vehicle,7,250
1580763177193,large_vehicle,0,285
1578283135647,large_vehicle,4,272
1586543261525,small_vehicle,3,30
1581144413072,small_vehicle,0,214
1574385292937,small_vehicle,5,109
1570634191567,small_vehicle,9,303
1573872583702,large_vehicle,0,112
1572231920445,small_vehicle,3,61
1567563698587,small_vehicle,6,184
1578190682583,large_vehicle,10,59
1566990941904,large_vehicle,1,76
1583051243348,large_vehicle,5,83
1568496095159,large_vehicle,1,143
1570751709579,large_vehicle,4,235
1586211796554,small_vehicle,3,134
1579541438640,large_vehicle,5,326
1585093793405,small_vehicle,6,2
1573154182560,small_vehicle,1,209
1574476517901,small_vehicle,10,233
1568149791981,large_vehicle,4,187
1574955437350,large_vehicle,6,242
1584823927016,small_vehicle,5,120
1568631418233,large_vehicle,1,63
1575148073738,small_vehicle,10,21
1577129231513,small_vehicle,3,117
1586198319986,small_vehicle,2,292
1579529282326,large_vehicle,10,184
1580032981973,small_vehicle,9,119
1575075185040,large_vehicle,6,264
1581461362725,small_vehicle,4,9
1579122460177,small_vehicle,1,204
1582426962821,small_vehicle,3,354
1572678863775,small_vehicle,10,298
1574787571939,small_vehicle,4,193
1578634717391,large_vehicle,3,323
1567907405972,small_vehicle,5,145
1586187680596,small_vehicle,0,217
1576832874652,large_vehicle,10,34
1578886765462,large_vehicle,6,113
1578610192732,small_vehicle,8,280
1586722473803,small_vehicle,6,182
1568537274918,large_vehicle,1,35
1568197404584,small_vehicle,5,59
1585901866193,large_vehicle,3,222
1574404237094,large_vehicle,8,97
1568518059451,large_vehicle,4,79
1571120727590,large_vehicle,1,24
1578500209637,small_vehicle,10,248
1578193635595,large_vehicle,0,120
1572014327576,small_vehicle,2,172
1568780670971,large_vehicle,5,2
1564759900121,small_vehicle,5,330
1566850285379,small_vehicle,2,286
1566840527823,small_vehicle,5,1
1568674014705,small_vehicle,4,101
1572368343499,small_vehicle,10,222
1571197437620,small_vehicle,10,201
1579909181036,large_vehicle,6,24
1577162645250,small_vehicle,4,4
1581294878058,small_vehicle,10,88
1571145200916,large_vehicle,4,253
1585129819958,small_vehicle,0,217
1575883512927,small_vehicle,1,315
1568947927437,large_vehicle,3,108
1577233294024,large_vehicle,6,283
1570287339683,small_vehicle,1,102
1586673923615,large_vehicle,5,106
1567589346278,small_vehicle,9,295
1586159963437,large_vehicle,0,277
1582285623184,small_vehicle,6,238
1575122079699,large_vehicle,8,100
1575447105776,large_vehicle,10,281
1586607212558,large_vehicle,0,48
1579361753148,large_vehicle,4,170
1566751680368,small_vehicle,1,190
1586025297602,small_vehicle,0,109
1585534665756,large_vehicle,0,1
1576265077997,large_vehicle,4,182
1570304469163,large_vehicle,8,191
1573811990558,small_vehicle,4,101
1568944589027,small_vehicle,10,287
1577939145582,small_vehicle,3,1
1571123783564,large_vehicle,5,67
1585932508041,small_vehicle,1,312
1582064357967,large_vehicle,10,308
1564665698875,small_vehicle,2,37
1569339756131,large_vehicle,6,336
1584610980073,large_vehicle,7,63
1572907200867,small_vehicle,6,46
1575706537873,large_vehicle,10,193
1565244817528,large_vehicle,5,276
1580302720268,large_vehicle,8,243
1584422210358,large_vehicle,4,50
1571425826339,small_vehicle,7,89
1576935931331,large_vehicle,8,156
1578110703443,small_vehicle,4,288
1564801212940,small_vehicle,9,240
1581643390451,small_vehicle,10,213
1567425243814,small_vehicle,9,72
1586531824682,large_vehicle,8,325
1585200948191,large_vehicle,4,219
1572290983721,small_vehicle,0,197
1586588556785,large_vehicle,5,7
1569845064677,small_vehicle,6,201
1581828408390,small_vehicle,2,138
1582551528037,small_vehicle,3,178
1564962369814,large_vehicle,7,205
1577383083053,small_vehicle,2,323
1577381224741,small_vehicle,10,170
1586144914863,large_vehicle,5,82
1570064011317,large_vehicle,5,54
1572970825429,small_vehicle,0,234
1580471705017,small_vehicle,8,157
1569923289268,large_vehicle,6,106
1572855052367,large_vehicle,8,112
1569946164375,small_vehicle,5,210
1585113244010,small_vehicle,6,116
1571400042083,large_vehicle,2,240
1566946146975,small_vehicle,9,328
1575177199451,small_vehicle,1,171
1574175366516,large_vehicle,2,115
1566842891820,large_vehicle,4,32
1584405832358,large_vehicle,1,114
1570198447197,large_vehicle,7,340
1571533925993,large_vehicle,10,198
1576190030606,large_vehicle,0,347
1571123319296,large_vehicle,6,247
1570151811319,small_vehicle,7,53
1573800841688,small_vehicle,5,313
1572750064474,small_vehicle,5,67
1576846692407,large_vehicle,5,166
1572775398137,small_vehicle,8,103
1571612774429,large_vehicle,2,196
1583017618076,large_vehicle,1,9
1581623999713,small_vehicle,10,130
1584619299103,small_vehicle,4,343
1582581106508,large_vehicle,10,332
1581869120990,small_vehicle,9,176
1572499241020,large_vehicle,0,26
1584142674946,large_vehicle,2,350
1580775683839,large_vehicle,8,328
1579525416834,large_vehicle,2,9
1572113070610,small_vehicle,0,65
1566356855432,small_vehicle,7,174
1567730627352,small_vehicle,2,352
1577426332770,large_vehicle,4,46
1565934767966,large_vehicle,7,286
1573250892971,small_vehicle,6,288
1573554081176,small_vehicle,4,178
1585424334886,small_vehicle,4,44
1565053063583,small_vehicle,1,358
1569041246182,large_vehicle,5,16
1566658792121,large_vehicle,3,6
1566691347106,large_vehicle,4,344
1578854748489,small_vehicle,2,256
1574548760622,small_vehicle,0,274
1564678270698,small_vehicle,1,320
1569888884295,small_vehicle,7,128
1568378737034,small_vehicle,8,5
1568695446964,large_vehicle,5,347
1576537692438,small_vehicle,3,323
1581139814414,small_vehicle,8,330
1584109201035,small_vehicle,0,177
1580825316351,large_vehicle,2,265
1573068002339,small_vehicle,9,301
1576795105761,large_vehicle,0,66
1586013086768,large_vehicle,8,346
1581204851641,small_vehicle,8,44
1577383629125,small_vehicle,2,281
1582537889910,small_vehicle,0,327
1583397883506,large_vehicle,2,342
1585867372264,large_vehicle,2,276
1578846059976,large_vehicle,1,222
1583035689001,large_vehicle,9,68
1567290880487,large_vehicle,6,256
1578625328938,small_vehicle,6,140
1579591202579,large_vehicle,2,263
1581494896926,large_vehicle,6,259
1586279025073,small_vehicle,8,53
1570974051886,large_vehicle,7,69
1569635965263,small_vehicle,9,163
1568327628933,large_vehicle,7,360
1581709974672,large_vehicle,0,33
1583109984236,small_vehicle,3,32
1565939832652,small_vehicle,4,126
1576198364426,small_vehicle,0,348
1565041424830,large_vehicle,8,281
1585357309154,small_vehicle,7,141
1572875702887,small_vehicle,6,239
1565265646516,small_vehicle,7,118
1579180826228,small_vehicle,2,35
1576837723674,small_vehicle,8,145
1570782780746,small_vehicle,9,191
1573182610840,small_vehicle,1,64
1571551200209,small_vehicle,7,74
1581672421532,large_vehicle,9,134
1566541913383,small_vehicle,0,212
1580375405935,large_vehicle,8,248
1584616468701,large_vehicle,2,228
1582060938216,large_vehicle,8,83
1573149193771,large_vehicle,3,120
1576205647779,large_vehicle,6,137
1567964878580,small_vehicle,4,124
1580188719304,large_vehicle,4,288
1568303716693,large_vehicle,2,166
1581176037355,small_vehicle,1,202
1570398209356,small_vehicle,8,32
1584037163385,large_vehicle,5,54
1570243851055,large_vehicle,6,253
1566491607518,small_vehicle,1,65
1567958491835,small_vehicle,2,73
1578313608794,small_vehicle,8,43
1576982424001,large_vehicle,7,17
1586210484452,large_vehicle,9,268
1566913935969,small_vehicle,10,122
1573583817259,large_vehicle,6,147
1583120651312,small_vehicle,8,171
1576643249962,small_vehicle,3,230
1573267856385,large_vehicle,5,352
1581478075489,small_vehicle,4,44
1564848891899,large_vehicle,4,185
1576860644117,small_vehicle,4,54
1583973802605,large_vehicle,5,93
1586343864558,large_vehicle,4,254
1570961832393,large_vehicle,3,203
1575243313710,large_vehicle,2,86
1565884827034,small_vehicle,0,209
1576659193527,large_vehicle,8,278
1584530076806,small_vehicle,10,136
1583426912750,large_vehicle,2,43
1579608097048,small_vehicle,9,229
1575337023912,small_vehicle,1,14
1586311015518,small_vehicle,0,205
1569574697788,large_vehicle,9,160
1569525679040,small_vehicle,0,45
1584115151787,small_vehicle,2,62
1585841740237,small_vehicle,1,126
1580296537969,large_vehicle,2,320
1573452088045,large_vehicle,10,11
1579188813713,small_vehicle,10,207
1569250601078,small_vehicle,4,59
1576574940861,small_vehicle,5,189
1579571236134,large_vehicle,9,52
1567738205620,small_vehicle,6,37
1579218982044,small_vehicle,5,70
1586310723700,small_vehicle,3,340
1582701325367,small_vehicle,3,118
1575441981106,large_vehicle,8,238
1575879397604,large_vehicle,2,275
