1566613224096,small_vehicle,8,236
1572628356921,small_vehicle,9,326
1582868151220,large_vehicle,5,162
1585271861636,small_vehicle,10,324
1576478871296,large_vehicle,8,265
1586070980301,large_vehicle,4,168
1569159536223,large_vehicle,2,102
1571210672104,small_vehicle,6,239
1582305902256,large_vehicle,6,261
1566356864915,small_vehicle,8,86
1583616843943,large_vehicle,2,192
1580635382704,large_vehicle,8,224
1567043021830,small_vehicle,8,275
1586534202885,large_vehicle,6,177
1570161493975,large_vehicle,0,109
1566262874230,small_vehicle,0,162
1573934348570,large_vehicle,8,27
1578865910748,large_vehicle,8,230
1568492276351,large_vehicle,7,164
1574901101355,large_vehicle,3,327
1564831569494,small_vehicle,8,159
1581194911437,large_vehicle,3,316
1586195670333,small_vehicle,7,30
1567935982458,small_vehicle,10,351
1568335779685,large_vehicle,6,223
1575948822280,small_vehicle,0,160
1578622874023,large_vehicle,1,104
1576562453103,large_vehicle,7,270
1575601884598,small_vehicle,1,153
1580007712177,small_vehicle,7,329
1582846727209,small_vehicle,8,225
1582570718646,small_vehicle,5,270
1581698829685,large_vehicle,0,346
1577372928583,small_vehicle,1,74
1573906377927,small_vehicle,9,301
1567902987066,large_vehicle,3,230
1575571268326,small_vehicle,2,248
1579979808325,large_vehicle,0,120
1572348012923,small_vehicle,10,105
1571655205979,small_vehicle,4,117
1580295117649,small_vehicle,10,73
1584716911010,large_vehicle,2,100
1585090635990,small_vehicle,0,278
1583979708614,small_vehicle,10,177
1585690625528,large_vehicle,10,233
1585991498584,small_vehicle,2,171
1564696622099,small_vehicle,10,99
1584090315730,large_vehicle,0,257
1584710939134,large_vehicle,3,22
1570838021254,large_vehicle,8,274
1586407908610,large_vehicle,7,223
1581417628260,large_vehicle,7,29
1581701807102,small_vehicle,4,284
1579135884434,small_vehicle,2,325
1577780450946,large_vehicle,0,36
1566240587473,small_vehicle,10,350
1577322314085,large_vehicle,5,259
1583560290782,large_vehicle,4,16
1573737156160,large_vehicle,7,189
1574381981557,small_vehicle,2,151
1581871743411,large_vehicle,5,81
1568166621904,small_vehicle,4,115
1579768200796,large_vehicle,9,96
1565440931888,large_vehicle,4,234
1569438387446,large_vehicle,4,209
1569186787223,large_vehicle,5,126
1583246655116,small_vehicle,0,249
1571226855208,large_vehicle,5,257
1569478954475,small_vehicle,0,247
1569662655359,large_vehicle,3,337
1571441150360,large_vehicle,4,287
1577730694390,large_vehicle,0,172
1569883255242,large_vehicle,3,69
1567743260624,small_vehicle,1,319
1567316839796,small_vehicle,0,22
1572047345120,large_vehicle,2,262
1567429215986,large_vehicle,10,120
1574860936365,small_vehicle,4,340
1569488198066,small_vehicle,4,232
1585202639403,small_vehicle,8,301
1566719656530,large_vehicle,1,180
1584311693661,large_vehicle,0,226
1580445862076,large_vehicle,7,229
1568523580659,small_vehicle,2,13
1564648432902,small_vehicle,0,189
1580464723471,large_vehicle,8,40
1574786589238,large_vehicle,3,321
1575792454745,large_vehicle,4,303
1583916519030,large_vehicle,9,26
1576741536708,large_vehicle,1,80
1574192536132,large_vehicle,0,82
1583423926775,large_vehicle,1,146
1574009761010,small_vehicle,2,121
1585072173519,large_vehicle,3,127
1567771603821,large_vehicle,1,222
1584178732214,small_vehicle,4,153
1579553876781,large_vehicle,5,217
1583549936894,large_vehicle,9,153
1569696513337,large_vehicle,0,159
1581919273136,large_vehicle,4,0
1571912479258,large_vehicle,3,14
1575219991379,large_vehicle,0,326
1574854807579,large_vehicle,2,37
1574850845576,large_vehicle,10,87
1583498761444,large_vehicle,6,18
1580256471924,large_vehicle,5,321
1567323489566,large_vehicle,1,195
1584508037113,large_vehicle,3,119
1566004131816,large_vehicle,4,146
1574454632704,small_vehicle,10,231
1582770572459,large_vehicle,0,284
1567814177346,large_vehicle,7,124
1571733987413,large_vehicle,3,121
1567736874069,small_vehicle,1,213
1583485057704,large_vehicle,10,245
1575825777004,small_vehicle,4,86
1575825475369,large_vehicle,8,94
1578544862661,large_vehicle,9,121
1567389902922,small_vehicle,6,90
1570554356482,large_vehicle,8,63
1580783466736,small_vehicle,2,149
1565065143788,large_vehicle,3,352
1569090622769,small_vehicle,7,159
1570326834260,small_vehicle,2,270
1586547604467,large_vehicle,6,241
1571714777918,large_vehicle,8,164
1574955674948,large_vehicle,5,273
1576832532847,large_vehicle,6,126
1569287600423,small_vehicle,1,319
1583296184321,small_vehicle,2,61
1566892570550,small_vehicle,10,22
1569522653252,small_vehicle,7,94
1571104255049,large_vehicle,6,11
1584092962847,small_vehicle,3,213
1580506359564,large_vehicle,7,199
1570568430937,large_vehicle,0,7
1578976980081,small_vehicle,10,20
1573506755363,small_vehicle,1,74
1573180041742,small_vehicle,3,288
1586225710863,large_vehicle,2,306
1572512814708,large_vehicle,3,159
1572123336602,large_vehicle,1,87
1577256800532,large_vehicle,4,191
1580158340812,large_vehicle,9,58
1566381305828,small_vehicle,8,2
1568565637409,small_vehicle,6,329
1579241793214,small_vehicle,8,242
1573663926572,large_vehicle,0,264
1580329897052,small_vehicle,9,329
1565467495778,large_vehicle,10,134
1584517639886,large_vehicle,10,202
1576390519603,large_vehicle,6,13
1578782973515,small_vehicle,4,220
1570613605432,large_vehicle,10,329
1584160918822,large_vehicle,7,111
1574100834043,large_vehicle,10,5
1584366001150,large_vehicle,10,168
1573360394111,small_vehicle,2,189
1566857639838,small_vehicle,2,344
1565663327725,large_vehicle,1,234
1569585318357,large_vehicle,4,115
1581245132951,large_vehicle,8,104
1564724558614,small_vehicle,10,113
1568645653054,large_vehicle,7,331
1565372284997,large_vehicle,9,87
1577515567874,large_vehicle,3,346
1573292671383,large_vehicle,9,286
1582081292493,large_vehicle,0,282
1571730283124,large_vehicle,3,123
1570110849009,large_vehicle,7,280
1586262305242,small_vehicle,6,39
1574124602121,large_vehicle,10,23
1580347110410,small_vehicle,8,28
1585220777119,large_vehicle,6,326
1582614459806,small_vehicle,2,170
1583202477855,small_vehicle,10,134
1580078986933,small_vehicle,5,52
1571339038815,small_vehicle,0,80
1581881654107,large_vehicle,7,92
1574732017404,small_vehicle,4,223
1583728681576,large_vehicle,6,25
1565426154691,small_vehicle,7,330
1566574034279,large_vehicle,7,69
1581639001130,small_vehicle,0,17
1585965957391,large_vehicle,3,208
1576597915105,large_vehicle,5,186
1576633517212,large_vehicle,5,55
1579218316718,small_vehicle,7,174
1577268143954,small_vehicle,0,352
1566553353077,large_vehicle,6,251
1576317621850,small_vehicle,6,249
1569235930263,large_vehicle,6,59
1569652126748,large_vehicle,8,117
1578512742451,small_vehicle,4,272
1566101155717,small_vehicle,9,228
1586403799685,small_vehicle,7,108
1581347996745,large_vehicle,6,11
1570895920758,large_vehicle,7,223
1570867010934,large_vehicle,4,159
1577439714370,large_vehicle,7,165
1565856508701,small_vehicle,4,309
1582610414220,large_vehicle,2,310
1572778130177,large_vehicle,10,190
1571366035636,small_vehicle,9,72
1567573856583,large_vehicle,6,301
1571928915037,small_vehicle,5,181
1572029661613,small_vehicle,9,35
1572554006104,small_vehicle,9,354
1580207498854,large_vehicle,10,70
1574210427090,small_vehicle,1,211
1585087425657,large_vehicle,5,342
1577688667344,small_vehicle,7,350
1565765824931,small_vehicle,6,170
1585117846293,small_vehicle,9,246
1567460154887,large_vehicle,1,286
1573465332091,small_vehicle,10,308
1583682585248,small_vehicle,4,126
1572661150210,large_vehicle,9,160
1575168590732,large_vehicle,4,39
1571394663959,small_vehicle,4,105
1575159511650,small_vehicle,4,306
1578060320343,small_vehicle,8,276
1572882114923,large_vehicle,1,281
1571348461738,small_vehicle,8,19
1572999878693,small_vehicle,3,125
1564752799878,large_vehicle,7,193
1583295549419,large_vehicle,6,195
1586270277344,large_vehicle,10,197
1581439012095,large_vehicle,3,50
1572232449367,small_vehicle,8,46
1586676910872,small_vehicle,8,134
1585597407373,large_vehicle,8,226
1584454560070,small_vehicle,3,327
1580682700421,small_vehicle,8,284
1568558414228,small_vehicle,3,353
1585306482959,small_vehicle,8,268
1582289980414,small_vehicle,7,323
1565615056774,small_vehicle,7,177
1576282486113,large_vehicle,4,45
1583804396169,small_vehicle,6,125
1564980763048,small_vehicle,0,315
1570338124971,small_vehicle,6,354
1578259942181,large_vehicle,6,3
1581259563222,large_vehicle,4,142
1576090623867,small_vehicle,6,344
1567203386691,large_vehicle,4,127
1577926054815,large_vehicle,1,194
1567600147483,large_vehicle,6,133
1583073601745,small_vehicle,6,34
1583994164531,large_vehicle,2,272
1580675320531,large_vehicle,7,55
1577350366351,large_vehicle,0,104
1581389289240,small_vehicle,10,266
1565476073001,large_vehicle,9,77
1581634773095,small_vehicle,2,124
1578132411021,small_vehicle,6,63
1576496871761,small_vehicle,8,244
1566172547719,small_vehicle,2,209
1580467578630,small_vehicle,2,169
1579816987410,small_vehicle,1,127
1569591721632,small_vehicle,4,256
1585280486292,small_vehicle,1,286
1575056299432,small_vehicle,9,149
1582008474072,small_vehicle,5,162
1566169844687,small_vehicle,3,261
1568121564887,small_vehicle,1,187
1581756590861,small_vehicle,4,125
1582446931612,small_vehicle,0,316
1575772175748,large_vehicle,9,284
1568125435736,small_vehicle,5,179
1580062725722,large_vehicle,9,307
1571374813478,small_vehicle,1,297
1572613027569,small_vehicle,1,105
1583369407145,large_vehicle,3,95
1578148155363,small_vehicle,10,189
1568219047106,small_vehicle,8,56
1585077278676,small_vehicle,2,39
1567660456159,small_vehicle,7,237
1579845712952,large_vehicle,2,193
1577777596331,small_vehicle,1,160
1579137809126,large_vehicle,9,44
1585523792571,small_vehicle,2,93
1586362460615,small_vehicle,6,295
1569752990321,small_vehicle,2,270
1586080469934,small_vehicle,8,82
1577362640679,small_vehicle,2,148
1585205969866,large_vehicle,3,124
1570554586312,large_vehicle,1,41
1576875772642,small_vehicle,0,297
1582732588196,small_vehicle,3,110
1566203859482,small_vehicle,1,214
1583131686763,large_vehicle,8,145
1575911428062,large_vehicle,3,33
1582884738852,small_vehicle,10,241
1578347747475,small_vehicle,5,208
1572302811110,small_vehicle,0,294
1579506167781,large_vehicle,4,84
1581909474036,small_vehicle,7,251
1575862046040,small_vehicle,5,146
1582649751376,large_vehicle,3,248
1581757482946,small_vehicle,3,187
1569808273562,large_vehicle,4,40
1581126258144,large_vehicle,5,106
1580024132591,small_vehicle,5,155
1568575700615,small_vehicle,8,65
1580586714335,small_vehicle,5,293
1576454449181,large_vehicle,9,227
1581240070749,large_vehicle,7,316
1586720039463,small_vehicle,9,33
1566454339299,small_vehicle,10,116
1575361194189,small_vehicle,3,40
1576449336816,small_vehicle,0,138
1577975424936,small_vehicle,2,236
1574022015701,small_vehicle,8,64
1573654982001,large_vehicle,10,49
1577808265253,small_vehicle,4,319
1566726550796,small_vehicle,6,58
1582559096869,large_vehicle,10,207
1582601049188,large_vehicle,5,301
1578705782308,small_vehicle,4,195
1586436223128,large_vehicle,6,274
1577472527799,small_vehicle,0,231
1570081746972,small_vehicle,7,123
1581142111670,small_vehicle,7,209
1572317012975,large_vehicle,8,308
1580153822724,large_vehicle,4,66
1566105784898,large_vehicle,9,346
1576489356784,small_vehicle,4,44
1584925487642,large_vehicle,6,50
1568255145524,small_vehicle,7,305
1569498377165,small_vehicle,10,124
1583840429861,small_vehicle,3,44
1574687819991,small_vehicle,9,85
1585923639427,small_vehicle,5,213
1567007395114,large_vehicle,5,203
1583277631887,small_vehicle,6,165
1570309982334,small_vehicle,2,140
1584025449170,large_vehicle,1,289
1570490049477,small_vehicle,8,121
1578190067776,large_vehicle,9,131
1566809911301,small_vehicle,6,307
1576638778531,large_vehicle,3,60
1566841568797,small_vehicle,9,253
1572179317391,large_vehicle,4,167
1586436576354,small_vehicle,10,233
1581430403359,small_vehicle,1,223
1586559914942,large_vehicle,6,14
1573659922718,large_vehicle,9,121
1578491178996,small_vehicle,6,349
1569525592843,small_vehicle,3,136
1585610339232,large_vehicle,2,85
1577546767724,large_vehicle,2,258
1576564970707,small_vehicle,3,100
1582195617893,large_vehicle,4,240
1581991985693,large_vehicle,4,109
1577942684086,large_vehicle,10,226
1565109569740,small_vehicle,8,18
1574672112359,small_vehicle,5,211
1568032471378,small_vehicle,10,37
1586723319962,small_vehicle,8,332
1567629979222,small_vehicle,4,71
1582169799066,small_vehicle,1,28
1566770076037,small_vehicle,5,161
1572256644898,large_vehicle,3,64
1568914399357,large_vehicle,10,200
1574750850688,small_vehicle,5,208
1584170854880,small_vehicle,9,347
1579648415613,large_vehicle,0,249
1571216012485,small_vehicle,3,47
1576619235214,small_vehicle,5,58
1574552233093,small_vehicle,9,193
1572486512601,large_vehicle,3,37
1579915497715,small_vehicle,4,177
1579306454897,large_vehicle,1,130
1583312485192,small_vehicle,3,161
1575686668727,large_vehicle,1,33
1565060752251,large_vehicle,7,133
1565533412699,small_vehicle,10,168
1584803697619,small_vehicle,8,335
1571753540146,small_vehicle,10,281
1579242289623,large_vehicle,7,310
1574695328744,large_vehicle,7,25
1581056818088,large_vehicle,10,191
1577716434459,large_vehicle,7,337
1576859397961,large_vehicle,5,218
1564797539329,large_vehicle,8,223
1586129951172,small_vehicle,7,115
1586124468165,large_vehicle,7,192
1581554932392,small_vehicle,10,323
1575011637963,large_vehicle,0,113
1585532394739,large_vehicle,5,124
1574669875836,small_vehicle,3,105
1575497115881,large_vehicle,2,279
1578394754184,small_vehicle,5,180
1565751130876,large_vehicle,5,154
1566869752211,small_vehicle,6,273
1582878948322,small_vehicle,5,90
1571679765378,large_vehicle,5,30
1581958503022,large_vehicle,2,356
1574530584995,small_vehicle,9,246
1571934346323,small_vehicle,3,186
1583531856519,small_vehicle,9,9
1570555560023,small_vehicle,5,304
1583296492856,small_vehicle,5,58
1581236079037,small_vehicle,6,348
1581732044675,small_vehicle,9,293
1576774884988,small_vehicle,8,340
1576574257514,small_vehicle,1,260
1577218147429,small_vehicle,9,77
1582252771978,large_vehicle,5,48
1575118495629,large_vehicle,1,64
1571803345418,small_vehicle,1,139
1575007011012,large_vehicle,7,184
1576218885883,small_vehicle,5,360
1584482618546,small_vehicle,3,313
1567999527859,large_vehicle,7,239
1566458987109,small_vehicle,9,277
1578820369447,small_vehicle,6,230
1575067279617,large_vehicle,4,124
1579549028057,large_vehicle,2,58
1568282433339,large_vehicle,7,229
1568869316016,large_vehicle,4,142
1569906747162,large_vehicle,0,222
1579504099552,small_vehicle,6,202
1575577182008,large_vehicle,1,129
1572790260532,large_vehicle,8,247
1581259826170,large_vehicle,0,260
1582461827887,small_vehicle,9,74
1583117621478,small_vehicle,1,246
1579081592737,large_vehicle,6,193
1581302664929,large_vehicle,6,133
1567397778265,small_vehicle,0,191
1566219290358,large_vehicle,1,262
1579365377032,large_vehicle,3,7
1573388763720,small_vehicle,10,214
1569211402500,large_vehicle,2,208
1564821317705,large_vehicle,7,104
1568011419759,small_vehicle,7,281
1578897968856,large_vehicle,0,176
1584254267615,small_vehicle,3,144
1585208527966,large_vehicle,3,255
1582185732089,small_vehicle,0,159
1581091912163,large_vehicle,5,67
1572599979768,small_vehicle,7,56
1569692128368,large_vehicle,6,66
1577400111497,small_vehicle,2,355
1574408907914,large_vehicle,4,130
1569662303242,small_vehicle,3,185
1581496788859,large_vehicle,0,323
1576374563944,large_vehicle,7,302
1577585275624,large_vehicle,7,304
1566484619604,large_vehicle,3,147
1579306580708,large_vehicle,9,235
1569037620671,large_vehicle,6,240
1581341963021,small_vehicle,6,329
1577648337271,large_vehicle,8,182
1572776145413,small_vehicle,7,318
1579930561080,small_vehicle,7,132
1579103172635,small_vehicle,10,283
1578863905487,small_vehicle,0,127
1579041518375,small_vehicle,8,148
1565942612125,large_vehicle,3,52
1567166050688,large_vehicle,7,286
1568206719039,large_vehicle,3,57
1568572161025,large_vehicle,10,110
1575857032655,large_vehicle,8,70
1582960671020,large_vehicle,2,263
1586539154364,small_vehicle,0,148
1575341605166,large_vehicle,4,95
1583270124478,large_vehicle,9,99
1578313198380,large_vehicle,3,54
1570184576289,small_vehicle,3,5
1583808721689,small_vehicle,6,259
1580180274536,small_vehicle,6,116
1575707877066,large_vehicle,8,214
1579318934882,large_vehicle,5,246
1576514672404,large_vehicle,3,342
1575751770177,large_vehicle,7,297
1580098255311,small_vehicle,4,40
1572576702010,large_vehicle,0,131
1582418081877,small_vehicle,1,340
1581408625090,large_vehicle,2,135
1586443578308,small_vehicle,6,245
1586319673194,large_vehicle,2,169
1578921812021,small_vehicle,5,57
1581502564228,large_vehicle,9,243
1580869878402,small_vehicle,6,15
1580121708994,large_vehicle,9,142
1568437864564,large_vehicle,6,169
1578002724681,large_vehicle,8,148
1578209385266,large_vehicle,9,71
1570701761290,small_vehicle,9,81
1577988780498,large_vehicle,0,154
1578804382215,small_vehicle,2,178
1567847235242,small_vehicle,3,22
1584115665170,small_vehicle,3,95
1567966002719,large_vehicle,2,282
1569453631230,large_vehicle,6,165
1576778967049,large_vehicle,3,319
1583459338640,large_vehicle,9,199
1581651803289,large_vehicle,4,144
1583920137263,small_vehicle,5,200
1570632627049,small_vehicle,5,86
1570634662715,large_vehicle,0,90
1579726059485,large_vehicle,0,202
1571558539450,large_vehicle,9,200
1579405894597,small_vehicle,3,73
1586006084813,small_vehicle,6,282
1580883490769,small_vehicle,1,230
1571889850571,large_vehicle,4,85
1567033817137,large_vehicle,9,348
1577221130757,small_vehicle,0,238
1586278439359,large_vehicle,5,213
1573460123203,large_vehicle,3,22
1577689845943,small_vehicle,8,238
1578210331103,large_vehicle,5,58
1565249854993,large_vehicle,1,237
1584014255360,small_vehicle,8,10
1566615234356,large_vehicle,9,329
1569376296432,small_vehicle,2,12
1582530440582,small_vehicle,3,85
1574855960896,small_vehicle,2,258
1574110438193,large_vehicle,7,141
1581399897878,large_vehicle,3,315
1570151476911,large_vehicle,8,144
1567559892760,small_vehicle,1,342
1571893364177,small_vehicle,9,131
1575551663141,small_vehicle,0,220
1574021891742,small_vehicle,2,46
1569092164038,large_vehicle,6,42
1577355488303,small_vehicle,10,203
1566758796677,large_vehicle,1,122
1576667899945,small_vehicle,2,115
1572824753090,small_vehicle,1,258
1579670133947,small_vehicle,0,158
1574659883660,small_vehicle,5,120
1567333005716,large_vehicle,9,283
1580905723381,small_vehicle,6,311
1569792534776,small_vehicle,3,96
1568999874765,large_vehicle,6,265
1573648435818,large_vehicle,10,310
1567882261784,small_vehicle,4,353
1580945040796,small_vehicle,3,33
1568694553271,small_vehicle,4,175
1585486436340,small_vehicle,4,174
1581111147491,small_vehicle,2,41
1574635832224,large_vehicle,0,141
1572818053770,small_vehicle,2,57
1575129029310,small_vehicle,4,54
1579005877934,large_vehicle,7,71
1578404975479,small_vehicle,0,12
1573089885259,small_vehicle,9,5
1581913268507,small_vehicle,2,319
1580202292271,large_vehicle,10,70
1567577272465,large_vehicle,9,48
1566003910728,small_vehicle,4,197
1573343313499,small_vehicle,5,175
1570039088325,small_vehicle,5,242
1576174850103,large_vehicle,4,192
1575742287765,small_vehicle,7,67
1575618454714,small_vehicle,3,113
1580942224835,small_vehicle,7,182
1580568106178,large_vehicle,5,12
1580788788171,small_vehicle,9,94
1580795493965,large_vehicle,4,192
1575045718998,small_vehicle,3,249
1580307722414,large_vehicle,10,276
1583847199939,large_vehicle,7,121
1574060639995,large_vehicle,2,54
1575008297838,large_vehicle,10,9
1579945307792,large_vehicle,5,200
1585836608229,small_vehicle,1,358
1575531637246,small_vehicle,10,318
1567480433873,large_vehicle,4,225
1578833656049,small_vehicle,5,341
1564651762651,large_vehicle,6,344
1584262468309,small_vehicle,6,5
1574036231473,large_vehicle,0,37
1574959810649,large_vehicle,0,144
1567533054862,large_vehicle,4,183
1579510064483,large_vehicle,5,310
1585978826185,small_vehicle,2,137
1567686962921,small_vehicle,3,271
1578409626677,large_vehicle,3,59
1573857347500,large_vehicle,5,352
1576166857005,small_vehicle,0,86
1574719976764,small_vehicle,9,6
1585673624741,large_vehicle,5,158
1580244357666,small_vehicle,9,355
1569126773389,small_vehicle,2,36
1581927357808,small_vehicle,0,355
1571841225655,small_vehicle,9,298
1582092746474,small_vehicle,7,300
1580171774112,large_vehicle,4,353
1585066184381,large_vehicle,8,328
1583977157121,small_vehicle,1,226
1577764437855,large_vehicle,5,84
1568477502003,large_vehicle,6,105
1567708505793,small_vehicle,8,85
1582529004700,large_vehicle,5,239
1584743770865,small_vehicle,9,162
1586086490458,large_vehicle,6,145
1584324360154,large_vehicle,1,17
1584949318663,large_vehicle,0,96
1564995752511,small_vehicle,9,336
1569150437358,large_vehicle,6,14
1567531974417,small_vehicle,5,276
1571230417250,large_vehicle,8,115
1572521977689,large_vehicle,10,214
1577293729555,small_vehicle,5,28
1567486165695,large_vehicle,6,199
1582678967032,small_vehicle,0,137
1580906258283,small_vehicle,2,285
1566685070680,small_vehicle,8,77
1574585528511,large_vehicle,10,207
1568733149129,small_vehicle,2,348
1582762912490,large_vehicle,7,319
1584962451364,small_vehicle,7,67
1581923724184,large_vehicle,0,187
1577241412182,small_vehicle,7,203
1572460298625,small_vehicle,7,186
1575846761429,large_vehicle,5,141
1585718025257,large_vehicle,2,31
1565386923148,small_vehicle,10,200
1586605540150,large_vehicle,6,107
1571478072686,large_vehicle,0,340
1573097523381,large_vehicle,7,280
1570911801794,small_vehicle,0,3
1574350908849,small_vehicle,6,76
1576119378824,small_vehicle,8,92
1577244930927,large_vehicle,1,340
1582142301230,small_vehicle,4,90
1576107798853,large_vehicle,10,217
1570503447181,large_vehicle,2,133
1576177064902,small_vehicle,10,201
1573606571121,large_vehicle,4,57
1579865976088,large_vehicle,2,319
1582648538081,large_vehicle,3,337
1580038004574,large_vehicle,4,76
1579722344271,large_vehicle,8,198
1572736885120,large_vehicle,0,67
1566299122143,large_vehicle,8,120
1578995765822,small_vehicle,3,274
1569132590823,large_vehicle,8,336
1577867858070,large_vehicle,5,354
1564660403782,small_vehicle,9,85
1572470963089,small_vehicle,3,283
1573045243147,small_vehicle,4,256
1580222829428,small_vehicle,2,206
1569830893808,small_vehicle,5,297
1585872134336,small_vehicle,1,155
1567470624795,large_vehicle,1,19
1565355147430,large_vehicle,10,11
1574078976257,small_vehicle,7,74
1570415091705,small_vehicle,2,71
1574835328158,large_vehicle,5,170
1569516405247,small_vehicle,4,107
1564775807393,small_vehicle,2,198
1574242942280,small_vehicle,8,125
1581615129979,large_vehicle,9,27
1586140300919,small_vehicle,1,176
1572805262326,large_vehicle,1,180
1566736151370,small_vehicle,10,224
1572801306721,small_vehicle,8,119
1576184990210,large_vehicle,6,289
1567616479766,small_vehicle,9,160
1568945953953,small_vehicle,3,226
1567415620020,large_vehicle,7,240
1570735490228,large_vehicle,9,26
1568445272428,small_vehicle,10,174
1578667724103,small_vehicle,10,330
1582728603064,small_vehicle,6,232
1581849663413,small_vehicle,5,134
1578645856763,large_vehicle,9,133
1569092980059,small_vehicle,1,157
1568018507334,small_vehicle,5,171
1575928985936,large_vehicle,3,260
1579837397649,small_vehicle,3,83
1568040414654,small_vehicle,3,293
1568884196839,small_vehicle,3,285
1576345959677,small_vehicle,1,271
1586103433759,large_vehicle,1,90
1573668186238,small_vehicle,6,286
1578118568688,small_vehicle,2,291
1578706039076,small_vehicle,5,146
1580368972663,large_vehicle,7,89
1581274665439,small_vehicle,9,130
1577316653535,large_vehicle,6,4
1576727914144,large_vehicle,7,350
1583264756742,large_vehicle,1,358
1575288174805,small_vehicle,10,300
1580992355734,large_vehicle,3,306
1586446525523,small_vehicle,3,136
1580231246591,small_vehicle,2,45
1573638637306,small_vehicle,1,97
1583777499931,large_vehicle,5,264
1578957190571,small_vehicle,9,336
1581572151578,small_vehicle,0,283
1567751441484,small_vehicle,2,278
1582210993680,small_vehicle,10,262
1582500131468,large_vehicle,10,56
1582164635461,small_vehicle,7,51
1580147152942,small_vehicle,4,211
1581616351810,small_vehicle,5,183
1579924967342,small_vehicle,8,164
1578833507491,small_vehicle,8,25
1574992589111,small_vehicle,0,196
1564737883470,small_vehicle,3,280
1582294288881,large_vehicle,9,335
1564730998788,small_vehicle,10,148
1582717522255,large_vehicle,2,35
1579105498560,small_vehicle,3,213
1566577447687,large_vehicle,10,158
1569788637590,small_vehicle,9,68
1571838714120,small_vehicle,2,22
1572224223657,large_vehicle,8,240
1577599230517,large_vehicle,0,280
1577984611209,small_vehicle,9,122
1575587185271,small_vehicle,2,79
1565379757698,small_vehicle,7,265
1569044735524,large_vehicle,10,230
1581292532960,small_vehicle,10,160
1576282669759,large_vehicle,3,49
1586479510249,small_vehicle,6,242
1583736301003,small_vehicle,1,102
1583124242730,small_vehicle,0,258
1569566034720,small_vehicle,2,270
1575477833229,small_vehicle,5,208
1571209138806,small_vehicle,9,130
1571782274015,small_vehicle,2,42
1584933055405,large_vehicle,6,221
1565444374639,large_vehicle,6,189
1584231824902,large_vehicle,8,52
1576837492625,large_vehicle,5,132
1569835349089,small_vehicle,10,245
1580790622230,large_vehicle,8,146
1564913197681,small_vehicle,2,54
1575536557301,large_vehicle,5,268
1570988078448,large_vehicle,5,283
1567620636201,large_vehicle,4,2
1578779713076,small_vehicle,7,291
1570948685956,large_vehicle,7,305
1564676145220,small_vehicle,3,107
1586657544311,small_vehicle,7,65
1572404440153,small_vehicle,8,345
1566734966316,large_vehicle,9,356
1575459393599,small_vehicle,6,246
1566892094743,large_vehicle,7,345
1579605313866,large_vehicle,0,178
1585922766486,small_vehicle,3,206
1571545569242,large_vehicle,8,309
1577430240627,small_vehicle,8,208
1568313878962,small_vehicle,0,61
1571166742899,large_vehicle,7,106
1574243482848,small_vehicle,3,323
1586058062849,large_vehicle,8,276
1579261117835,large_vehicle,4,195
1567040492265,large_vehicle,10,140
1569967676372,small_vehicle,2,350
1576744580238,small_vehicle,8,181
1574531907108,large_vehicle,8,145
1574523592207,small_vehicle,6,164
1565690758613,large_vehicle,8,356
1578383833751,small_vehicle,7,355
1585575606197,large_vehicle,6,87
1571369767859,small_vehicle,10,183
1578721451096,small_vehicle,6,218
1573566647628,large_vehicle,3,209
1567849636024,small_vehicle,5,23
1578311246923,small_vehicle,10,11
1566063749161,large_vehicle,6,213
1570857737129,large_vehicle,1,299
1577442899472,small_vehicle,2,212
1581313896856,large_vehicle,8,130
1583340909911,large_vehicle,5,92
1567526219936,large_vehicle,2,41
1570439315171,small_vehicle,7,270
1581529049072,large_vehicle,10,353
1575764080780,small_vehicle,7,140
1582158403171,small_vehicle,1,298
1581373415293,small_vehicle,5,20
1565918000923,large_vehicle,0,223
1571276089029,large_vehicle,3,120
1584146867876,small_vehicle,6,125
1575585726877,small_vehicle,3,144
1576146478972,large_vehicle,1,258
1565470213674,small_vehicle,1,166
1585993159078,small_vehicle,0,266
1580062378784,large_vehicle,4,65
1585978486170,small_vehicle,10,244
1564894749583,small_vehicle,1,10
1577264210716,large_vehicle,3,344
1586251958989,small_vehicle,5,222
1566032998352,small_vehicle,7,9
1570933791261,large_vehicle,6,27
1575736971700,large_vehicle,2,271
1578711829111,small_vehicle,6,229
1585493649711,small_vehicle,1,98
1583915916240,large_vehicle,0,324
1571513801678,large_vehicle,9,225
1580886856188,large_vehicle,0,16
1565910220530,small_vehicle,10,154
1572542315990,small_vehicle,8,91
1569084989099,large_vehicle,6,258
1582625316696,small_vehicle,6,29
1570970908900,large_vehicle,8,19
1586018695876,small_vehicle,6,285
1572812417341,small_vehicle,0,340
1568874181753,large_vehicle,8,354
1579689550925,small_vehicle,0,136
1581151225399,small_vehicle,1,119
1583425228695,large_vehicle,4,261
1581117541708,small_vehicle,7,32
1567047891243,small_vehicle,3,333
1570505534634,large_vehicle,5,183
1583371786783,small_vehicle,5,265
1586703220171,large_vehicle,4,88
1571875031987,large_vehicle,8,262
1581226638982,small_vehicle,5,123
1583227908623,small_vehicle,9,232
1581875603115,large_vehicle,3,279
1567675848164,small_vehicle,0,356
1586339112985,small_vehicle,3,227
1586018753877,small_vehicle,8,164
1568194420255,small_vehicle,8,267
1574312454429,small_vehicle,8,241
1572531497400,large_vehicle,3,305
1585360849358,small_vehicle,4,72
1565028385684,large_vehicle,5,162
1566795760275,small_vehicle,9,310
1580232127824,large_vehicle,6,146
1578769274655,small_vehicle,0,110
1573143234884,large_vehicle,6,13
1573437681561,large_vehicle,9,132
1567911750481,large_vehicle,5,10
1585463959094,large_vehicle,9,300
1564919258816,small_vehicle,3,146
1580213923886,large_vehicle,10,302
1577323708831,large_vehicle,1,252
1578967990243,small_vehicle,8,281
1578676600920,large_vehicle,1,266
1581042367846,large_vehicle,9,24
1565391999821,large_vehicle,2,211
1577656194029,large_vehicle,1,210
1573206762512,large_vehicle,9,155
1575019859699,small_vehicle,4,132
1580112495026,small_vehicle,10,253
1574435801610,large_vehicle,6,301
1581820595447,large_vehicle,1,159
1572693414009,large_vehicle,4,27
1566545139406,large_vehicle,10,70
1569626863671,small_vehicle,9,223
1565191714046,large_vehicle,2,195
1581470540006,small_vehicle,1,199
1570825542636,small_vehicle,4,151
1581861780938,large_vehicle,5,191
1571184980235,small_vehicle,5,39
1572998847822,small_vehicle,7,349
1578593616828,small_vehicle,3,317
1585595333008,small_vehicle,10,229
1570487451334,large_vehicle,2,248
1570177022476,small_vehicle,5,144
1567524533481,large_vehicle,8,243
1580966160144,small_vehicle,6,133
1585115977393,small_vehicle,6,355
1585421564918,large_vehicle,10,178
1568841721938,large_vehicle,8,3
1578479813543,large_vehicle,10,304
1565204377382,large_vehicle,1,47
1566059586027,large_vehicle,1,44
1581565990011,large_vehicle,5,51
1582493062890,small_vehicle,10,46
1575581576453,large_vehicle,5,345
1576611113899,large_vehicle,2,171
1582011468259,large_vehicle,4,292
1582787282926,small_vehicle,0,329
1582759365268,small_vehicle,0,31
1568767290865,large_vehicle,4,72
1574690250409,small_vehicle,6,313
1581135409390,large_vehicle,4,238
1575617184203,small_vehicle,3,45
1566504602581,large_vehicle,8,249
1576901400453,large_vehicle,3,348
1579306722580,large_vehicle,9,86
1571431824458,small_vehicle,8,299
1581595201917,small_vehicle,5,74
1574615700801,large_vehicle,6,204
1577815306151,small_vehicle,5,74
1570413851286,small_vehicle,2,354
1581720873516,large_vehicle,0,302
1575340352468,large_vehicle,1,123
1579005092624,small_vehicle,10,95
1570794838746,small_vehicle,1,343
1567040597878,small_vehicle,7,171
1584205215842,small_vehicle,5,352
1581080244135,small_vehicle,10,190
1582966884175,small_vehicle,2,204
1577358052020,small_vehicle,0,219
1568988145857,small_vehicle,5,357
1568818494553,small_vehicle,4,299
1571155435767,large_vehicle,9,258
1566880788387,large_vehicle,8,178
1567758165324,large_vehicle,9,144
1577151545789,small_vehicle,5,17
1565559080048,large_vehicle,0,209
1582185507780,small_vehicle,5,255
1582883886806,large_vehicle,10,296
1572616901505,large_vehicle,5,340
1580760981164,small_vehicle,8,234
1568919193126,small_vehicle,5,239
1578838728418,small_vehicle,2,230
1572536625805,small_vehicle,4,167
1574206441262,small_vehicle,6,136
1572959661133,small_vehicle,8,357
1575790316799,small_vehicle,6,138
1584570547817,small_vehicle,0,20
1566966919077,small_vehicle,2,304
1570091400440,small_vehicle,7,332
1573748722769,large_vehicle,2,271
1566528633583,small_vehicle,8,106
1572705434070,large_vehicle,4,175
1571444706952,large_vehicle,8,144
1582949255101,large_vehicle,1,206
1566237588060,small_vehicle,7,232
1569882952950,small_vehicle,8,253
1571155886191,small_vehicle,5,46
1579635050795,large_vehicle,8,7
1585189691250,large_vehicle,5,86
1565808632858,small_vehicle,3,353
1567751945982,small_vehicle,1,170
1578843473872,large_vehicle,9,24
1572224941510,small_vehicle,2,132
1579753427041,small_vehicle,1,211
1572979670802,large_vehicle,0,109
1581143199650,large_vehicle,9,210
1585175661131,small_vehicle,9,334
1577827290458,small_vehicle,9,253
1578301008712,small_vehicle,8,201
1571825907929,large_vehicle,1,288
1570424583345,large_vehicle,10,220
1582878486335,small_vehicle,0,218
1583429692272,large_vehicle,9,80
1575930431338,small_vehicle,6,170
1565949852864,large_vehicle,3,226
1582970970786,small_vehicle,4,134
1581674464361,large_vehicle,6,254
1584798101246,large_vehicle,0,127
1577100308436,large_vehicle,2,348
1581369594620,large_vehicle,5,97
1582076293902,small_vehicle,9,279
1586065619912,small_vehicle,2,84
1584285482860,small_vehicle,7,249
1577543714947,large_vehicle,9,141
1573575245682,small_vehicle,0,193
1577472744278,small_vehicle,10,51
1583949928463,small_vehicle,0,234
1573575117545,small_vehicle,10,163
1582308764418,large_vehicle,3,62
1577807618098,large_vehicle,6,199
1574852390916,small_vehicle,2,81
1577860785046,small_vehicle,0,189
1581998279704,small_vehicle,9,14
1578125149593,large_vehicle,5,167
1575420764452,small_vehicle,6,112
1566121730010,small_vehicle,5,324
1567458209045,small_vehicle,6,298
1566616372932,large_vehicle,7,176
1572889477191,small_vehicle,4,66
1578772951360,small_vehicle,9,357
1575017552199,small_vehicle,10,13
1570827438752,large_vehicle,9,244
1577518854027,small_vehicle,4,11
1573962291819,small_vehicle,8,313
1573915158941,large_vehicle,3,189
1565179410176,small_vehicle,4,181
1583570132162,small_vehicle,10,35
1571417407991,large_vehicle,10,284
1574545974241,large_vehicle,1,170
1571718127595,large_vehicle,8,50
1582294380725,small_vehicle,1,214
1565333710944,small_vehicle,7,352
1579641550981,large_vehicle,9,59
1569181899937,small_vehicle,5,110
1585723768861,small_vehicle,10,355
1575490621380,small_vehicle,4,341
1576328752069,large_vehicle,0,125
1584117725975,small_vehicle,8,2
1568845201749,small_vehicle,5,191
1582126978365,small_vehicle,0,131
1569742777301,small_vehicle,10,75
1583365126798,small_vehicle,4,40
1584524739927,large_vehicle,2,345
1565396344153,large_vehicle,6,231
1570583391176,large_vehicle,8,143
1571425824491,small_vehicle,10,286
1568279575409,large_vehicle,10,187
1584311520234,small_vehicle,5,109
1570247193067,small_vehicle,2,245
1573009764104,small_vehicle,10,157
1567702066121,large_vehicle,2,230
