1564798613090,small_vehicle,5,83
1566775654153,large_vehicle,4,179
1577328755900,small_vehicle,1,345
1576841031792,large_vehicle,7,295
1578482760471,large_vehicle,8,147
1573088083378,large_vehicle,10,189
1565242675216,small_vehicle,10,271
1575310731522,large_vehicle,5,348
1566296283947,small_vehicle,3,59
1577222074572,small_vehicle,6,79
1579731294920,small_vehicle,7,232
1577302922522,small_vehicle,10,230
1571344401446,small_vehicle,0,7
1580903558125,small_vehicle,7,30
1571452859520,small_vehicle,5,22
1566066072529,small_vehicle,9,222
1575829629907,small_vehicle,0,84
1585554600545,large_vehicle,9,142
1568183175694,small_vehicle,1,81
1579210434246,large_vehicle,10,58
1566736367338,small_vehicle,10,140
1574357784882,small_vehicle,6,239
1571393943269,large_vehicle,10,102
1565026834298,small_vehicle,7,221
1579899319417,small_vehicle,9,74
1574152263970,small_vehicle,10,132
1573713025101,small_vehicle,9,32
1580379854389,large_vehicle,0,191
1572244845640,large_vehicle,0,158
1578228387685,large_vehicle,10,57
1580441102904,small_vehicle,10,294
1568201131956,small_vehicle,10,159
1567900224673,large_vehicle,8,352
1569686068547,small_vehicle,8,157
1573865302470,large_vehicle,4,71
1565225666281,large_vehicle,2,111
1565353999557,small_vehicle,0,228
1569754540671,small_vehicle,9,264
1583825583851,large_vehicle,3,147
1566295985991,large_vehicle,10,52
1572557044636,small_vehicle,3,238
1581498031469,small_vehicle,9,276
1567912385874,large_vehicle,5,149
1585274712735,large_vehicle,9,144
1583361931327,small_vehicle,7,141
1580769993523,large_vehicle,4,189
1577380216625,small_vehicle,8,185
1582533557643,large_vehicle,3,159
1573143941032,small_vehicle,8,211
1565944043345,large_vehicle,2,205
1567073815719,large_vehicle,6,245
1575725373856,large_vehicle,1,84
1575782962788,small_vehicle,0,117
1574096275252,small_vehicle,7,331
1572410712208,small_vehicle,0,105
1580024722058,large_vehicle,1,227
1583430892324,small_vehicle,7,298
1578756986820,large_vehicle,10,216
1570661495530,small_vehicle,8,245
1586505778711,small_vehicle,3,165
1572938869919,small_vehicle,4,358
1586114205787,small_vehicle,7,119
1580163135887,small_vehicle,0,334
1582143182141,small_vehicle,2,191
1585757961008,large_vehicle,4,235
1584595755978,small_vehicle,1,171
1565531387746,large_vehicle,0,283
1578327001314,small_vehicle,6,245
1566936349933,small_vehicle,9,19
1579237628372,large_vehicle,9,166
1578228471016,small_vehicle,7,85
1579016777766,large_vehicle,2,0
1570975425109,large_vehicle,5,339
1581518453922,large_vehicle,0,208
1583616175294,small_vehicle,2,104
1566064314276,large_vehicle,9,178
1571371143112,large_vehicle,5,336
1578732818275,small_vehicle,10,124
1573908645451,large_vehicle,5,231
1585545839684,small_vehicle,4,120
1571826880622,small_vehicle,4,323
1580253293378,small_vehicle,4,109
1581492167815,small_vehicle,2,271
1565902122538,small_vehicle,3,301
1582888863702,large_vehicle,0,129
1579424937160,small_vehicle,2,6
1579363980858,large_vehicle,10,179
1579290598890,large_vehicle,0,5
1584119162373,small_vehicle,2,143
1581316094619,large_vehicle,6,20
1580143978561,large_vehicle,4,301
1574811734212,large_vehicle,9,259
1578414719098,small_vehicle,1,62
1578198042345,large_vehicle,10,351
1572378124330,small_vehicle,4,86
1584960121471,large_vehicle,9,317
1569968473748,large_vehicle,3,139
1585880306743,small_vehicle,6,282
1578407139349,small_vehicle,6,19
1570328091633,small_vehicle,2,151
1575933181153,large_vehicle,1,103
1570256575391,small_vehicle,4,281
1576370051031,large_vehicle,10,260
1577346548571,large_vehicle,9,191
1579261795291,large_vehicle,1,230
1579969264337,small_vehicle,2,275
1574144216442,large_vehicle,9,53
1576218484978,small_vehicle,8,314
1574584854249,small_vehicle,5,78
1586598772995,large_vehicle,10,184
1572295127153,small_vehicle,5,32
1577626890699,small_vehicle,5,181
1576665843714,small_vehicle,3,195
1569685726800,large_vehicle,3,304
1576045448734,large_vehicle,7,13
1569593356954,small_vehicle,1,182
1577782866830,small_vehicle,8,156
1566293702655,large_vehicle,8,317
1585968810806,large_vehicle,8,1
1567817921795,small_vehicle,0,180
1577070113042,small_vehicle,3,169
1576549226661,small_vehicle,3,182
1573004311908,small_vehicle,2,91
1575428190247,small_vehicle,10,97
1579867358821,large_vehicle,5,260
1578428071432,large_vehicle,0,153
1581960786491,large_vehicle,1,312
1586191011996,large_vehicle,0,75
1580972830083,small_vehicle,2,64
1581605877977,small_vehicle,9,2
1581485995381,small_vehicle,6,191
1566703571763,large_vehicle,4,136
1582487731791,large_vehicle,0,30
1566265874162,small_vehicle,6,3
1577557260364,small_vehicle,7,310
1572893581382,large_vehicle,6,207
1577930205628,large_vehicle,8,281
1572789298412,small_vehicle,3,144
1584128251483,large_vehicle,3,340
1573921153233,small_vehicle,1,135
1582584050551,small_vehicle,7,209
1583850260474,small_vehicle,4,291
1575708855636,small_vehicle,5,18
1572454746224,small_vehicle,7,94
1568689865293,large_vehicle,6,307
1580907439386,large_vehicle,6,290
1574877455469,large_vehicle,10,283
1575701880924,small_vehicle,1,198
1580581160094,small_vehicle,6,176
1583289038197,small_vehicle,3,120
1576884522764,large_vehicle,7,31
1584016515796,large_vehicle,0,161
1576454212765,small_vehicle,9,268
1584434523819,small_vehicle,7,327
1583437656126,large_vehicle,8,140
1571844454500,small_vehicle,4,300
1568967606618,small_vehicle,6,17
1570049541888,large_vehicle,5,170
1567799030852,small_vehicle,0,215
1586309325267,large_vehicle,9,215
1576188367779,large_vehicle,5,252
1585435064308,large_vehicle,5,123
1567268246205,large_vehicle,7,353
1579830936496,small_vehicle,2,290
1580691642196,small_vehicle,10,342
1575907605705,large_vehicle,7,11
1577449155570,large_vehicle,5,264
1576786339921,large_vehicle,9,54
1586432631763,large_vehicle,8,228
1572018422405,small_vehicle,1,326
1570653212878,small_vehicle,1,228
1582856283370,small_vehicle,7,357
1574440668131,large_vehicle,8,110
1582521860910,large_vehicle,6,11
1578332832955,small_vehicle,9,40
1586543994407,large_vehicle,8,140
1571032857159,small_vehicle,7,40
1585766247472,large_vehicle,6,297
1566314092279,small_vehicle,9,184
1564864430378,large_vehicle,5,15
1584660950306,small_vehicle,5,283
1574777576223,large_vehicle,0,223
1581532811997,small_vehicle,2,1
1570100150867,large_vehicle,8,267
1566210827371,large_vehicle,8,143
1569608239723,small_vehicle,0,79
1570446781949,small_vehicle,8,242
1569592142745,small_vehicle,4,337
1577999642960,large_vehicle,2,0
1585750229173,large_vehicle,9,27
1581663900216,small_vehicle,7,176
1575607865998,large_vehicle,3,237
1579493150611,small_vehicle,6,191
1582263378485,small_vehicle,8,217
1580434419741,small_vehicle,5,286
1571953698386,large_vehicle,9,159
1571126011745,small_vehicle,0,114
1574733507327,large_vehicle,5,355
1586319805006,large_vehicle,6,137
1584551003878,large_vehicle,2,123
1582748461448,small_vehicle,5,293
1567843024030,large_vehicle,1,20
1585942662738,large_vehicle,8,302
1574974962767,small_vehicle,10,205
1573088029317,large_vehicle,4,249
1577897724163,large_vehicle,3,306
1570849910281,small_vehicle,2,7
1573298161996,small_vehicle,2,70
1577251500716,large_vehicle,2,50
1574134857159,large_vehicle,8,323
1583709807695,large_vehicle,7,117
1578612504893,small_vehicle,3,27
1578546386564,large_vehicle,6,123
1586033755111,large_vehicle,10,226
1565092683684,large_vehicle,4,222
1578271352502,small_vehicle,8,282
1571196279389,large_vehicle,5,75
1574920350729,small_vehicle,10,261
1569935679595,small_vehicle,9,168
1576714637025,small_vehicle,10,143
1581845080384,small_vehicle,7,105
1575510141947,large_vehicle,1,69
1571245217702,large_vehicle,10,5
1576634921928,small_vehicle,10,30
1568636206766,large_vehicle,6,75
1582741579809,large_vehicle,10,133
1564964222504,small_vehicle,10,199
1566609554180,large_vehicle,0,230
1584846296209,large_vehicle,10,1
1581674723941,small_vehicle,6,9
1573075784463,large_vehicle,4,188
1585323902946,small_vehicle,8,48
1581517538503,small_vehicle,9,169
1581947021412,small_vehicle,7,109
1576448094908,small_vehicle,7,190
1573555065348,large_vehicle,7,346
1576631942695,large_vehicle,5,343
1585726359816,small_vehicle,7,278
1580508303204,large_vehicle,9,315
1575528354272,large_vehicle,3,206
1581399806903,small_vehicle,3,45
1576155902622,large_vehicle,5,66
1586024742740,small_vehicle,5,280
1584268620868,small_vehicle,2,61
1581781466278,small_vehicle,8,79
1586033997059,small_vehicle,8,208
1572709135653,large_vehicle,8,256
1586190572119,small_vehicle,7,111
1579857293747,small_vehicle,2,83
1575599614922,small_vehicle,5,103
1566841478659,small_vehicle,4,298
1580199970164,large_vehicle,2,12
1577192967439,large_vehicle,7,271
1574417671200,large_vehicle,8,97
1574601269764,small_vehicle,0,75
1580258209857,small_vehicle,7,32
1585498216899,large_vehicle,2,288
1564682763789,small_vehicle,8,194
1581893310301,small_vehicle,4,54
1583474146879,small_vehicle,7,281
1573554775178,small_vehicle,3,223
1575198892537,small_vehicle,4,242
1579163958854,small_vehicle,8,117
1581719733139,large_vehicle,8,166
1576282608399,small_vehicle,6,326
1583585855518,large_vehicle,8,329
1582649661403,small_vehicle,2,149
1586024188550,large_vehicle,5,315
1585171901191,large_vehicle,1,119
1583359901429,small_vehicle,6,133
1581992412776,small_vehicle,0,31
1581858531953,small_vehicle,10,141
1565350321159,large_vehicle,2,131
1586184463759,small_vehicle,0,306
1565341497803,large_vehicle,6,125
1565318308849,small_vehicle,10,169
1571147402614,large_vehicle,9,27
1575654177344,large_vehicle,0,341
1572179527386,small_vehicle,7,45
1576330297077,small_vehicle,0,306
1578051552090,large_vehicle,7,86
1582449923345,small_vehicle,4,191
1572988551427,large_vehicle,7,288
1572317803903,large_vehicle,4,282
1582117218887,small_vehicle,7,309
1577195207594,large_vehicle,2,259
1575260590197,small_vehicle,0,236
1566477580031,large_vehicle,0,204
1567255033674,large_vehicle,5,112
1578599871041,large_vehicle,9,7
1580815017841,small_vehicle,1,168
1571851738909,small_vehicle,0,26
1573257862257,small_vehicle,3,67
1571395961559,large_vehicle,3,257
1569902986906,large_vehicle,1,99
1566045175330,small_vehicle,10,289
1579848948676,large_vehicle,6,278
1567113650552,small_vehicle,6,271
1583372851867,large_vehicle,3,95
1585997165368,small_vehicle,5,190
1583793225388,large_vehicle,1,4
1584834157454,small_vehicle,2,269
1575546794051,large_vehicle,9,161
1583023117657,small_vehicle,9,92
1581191160430,small_vehicle,2,350
1569641841669,small_vehicle,3,344
1565918347820,small_vehicle,8,266
1579875713936,small_vehicle,6,231
1579908328783,small_vehicle,2,230
1566002256752,small_vehicle,0,32
1584926263341,large_vehicle,1,75
1573427726550,small_vehicle,3,187
1581607892777,large_vehicle,1,177
1570862047038,large_vehicle,3,72
1568323388512,large_vehicle,5,146
1565113880235,large_vehicle,2,151
1570965297387,small_vehicle,0,159
1571130428893,small_vehicle,0,213
1573498525993,large_vehicle,2,299
1583133787723,small_vehicle,0,183
1580295368183,large_vehicle,7,110
1575240927387,large_vehicle,4,279
1579418986149,small_vehicle,0,140
1574820347319,small_vehicle,9,308
1578794449276,large_vehicle,10,176
1573564048167,large_vehicle,0,238
1576435805730,small_vehicle,1,168
1584565865726,small_vehicle,1,227
1571978808817,small_vehicle,1,280
1566173203498,large_vehicle,1,155
1586244489642,large_vehicle,9,226
1584283335441,large_vehicle,3,344
1579366746364,large_vehicle,9,350
1584626779562,small_vehicle,9,25
1583546266213,small_vehicle,2,331
1567024255513,large_vehicle,5,360
1569195518829,small_vehicle,8,159
1568674057492,small_vehicle,0,166
1575835567357,large_vehicle,5,170
1567019230227,large_vehicle,9,241
1585340063205,large_vehicle,10,225
1568592540849,large_vehicle,0,310
1576392832786,large_vehicle,1,188
1574066441864,small_vehicle,7,59
1581471003277,small_vehicle,7,296
1579503620331,small_vehicle,10,270
1565261206376,small_vehicle,9,69
1585256002751,small_vehicle,10,322
1577050381955,large_vehicle,7,82
1585160793403,large_vehicle,4,338
1565469371416,large_vehicle,3,5
1569954005954,small_vehicle,7,280
1573033801527,large_vehicle,10,220
1570458426371,large_vehicle,4,78
1565813631964,large_vehicle,8,166
1584694289569,large_vehicle,5,46
1585520395575,small_vehicle,7,274
1577820232085,large_vehicle,4,301
1578447072129,small_vehicle,10,31
1578108252968,large_vehicle,6,118
1586036095406,large_vehicle,7,18
1583747011037,small_vehicle,8,323
1571173640970,small_vehicle,3,153
1569967323411,large_vehicle,9,107
1568665350337,small_vehicle,7,335
1575337792078,small_vehicle,4,3
1571680351198,small_vehicle,4,34
1585515741583,large_vehicle,3,63
1580256067151,small_vehicle,10,133
1575686947242,large_vehicle,8,265
1579743632248,small_vehicle,3,79
1568644377401,small_vehicle,2,129
1571745890617,small_vehicle,4,311
1575599750926,small_vehicle,7,245
1579220217357,large_vehicle,5,104
1585704326333,large_vehicle,10,67
1583572290217,small_vehicle,4,196
1580175939229,large_vehicle,6,329
1569253386611,small_vehicle,4,121
1575956505838,large_vehicle,5,359
1577074333152,large_vehicle,0,266
1572472629330,small_vehicle,5,161
1585426069912,large_vehicle,8,166
1564874336871,large_vehicle,10,298
1583140253057,large_vehicle,3,275
1581139751595,small_vehicle,4,298
1570164068185,large_vehicle,5,8
1586314166208,small_vehicle,3,50
1567558752579,small_vehicle,8,90
1579856207300,large_vehicle,10,340
1580004994219,small_vehicle,4,285
1566121025455,small_vehicle,4,45
1586575541140,small_vehicle,3,183
1583538935584,large_vehicle,10,324
1577455796848,small_vehicle,0,287
1564991765728,large_vehicle,2,269
1585907898449,small_vehicle,6,225
1584836123548,small_vehicle,0,285
1582315653541,small_vehicle,0,130
1586107208046,small_vehicle,1,177
1584105624014,large_vehicle,3,333
1565643005869,large_vehicle,8,221
1575557000369,large_vehicle,1,133
1574701963982,large_vehicle,10,155
1577207230968,small_vehicle,5,253
1571097954817,small_vehicle,10,295
1585574203686,large_vehicle,7,5
1566714760076,large_vehicle,10,249
1569667238050,small_vehicle,2,205
1568709216404,small_vehicle,7,292
1571216141430,large_vehicle,4,47
1581409148645,small_vehicle,9,69
1572088766701,large_vehicle,8,307
1581053772381,small_vehicle,7,107
1566500974061,large_vehicle,6,99
1569227115393,small_vehicle,3,95
1581235393244,large_vehicle,7,212
1572316320494,small_vehicle,4,80
1570932674088,small_vehicle,10,261
1569384789454,small_vehicle,4,275
1586341630579,small_vehicle,0,130
1574089948537,large_vehicle,9,208
1579944893274,large_vehicle,3,7
1582928270508,small_vehicle,4,229
1584229903611,small_vehicle,4,66
1580040944809,small_vehicle,0,268
1585367205256,large_vehicle,8,211
1580545452980,small_vehicle,9,236
1579096528833,small_vehicle,1,288
1567232522550,large_vehicle,0,97
1583317431002,small_vehicle,2,237
1583106254357,large_vehicle,10,114
1586261348952,small_vehicle,5,118
1580552020506,small_vehicle,7,249
1575877647217,small_vehicle,10,75
1586347860396,small_vehicle,10,353
1581775028872,large_vehicle,6,223
1580328589257,small_vehicle,8,184
1572654042135,small_vehicle,0,7
1577801916459,large_vehicle,3,160
1571917607505,small_vehicle,6,346
1565861036849,small_vehicle,9,32
1577409037321,small_vehicle,1,171
1581454967191,large_vehicle,2,61
1581207948627,small_vehicle,5,289
1565440552307,large_vehicle,8,62
1586440705674,small_vehicle,0,289
1565180274976,small_vehicle,3,187
1578275077661,large_vehicle,9,14
1577671615869,small_vehicle,3,277
1582429340062,large_vehicle,2,175
1566278148190,small_vehicle,4,11
1576991235326,large_vehicle,9,292
1570594352807,large_vehicle,5,8
1577339265264,small_vehicle,5,84
1569770435228,small_vehicle,4,94
1583284124188,small_vehicle,9,99
1568921837568,large_vehicle,9,256
1580378261868,large_vehicle,10,256
1581884398293,large_vehicle,8,334
1580536133372,large_vehicle,5,11
1574141402357,large_vehicle,10,335
1577599801079,small_vehicle,2,234
1565773897047,large_vehicle,8,351
1565213503628,large_vehicle,2,286
1586370035640,small_vehicle,10,165
1572543578625,small_vehicle,3,100
1584503433759,small_vehicle,5,29
1574536349012,large_vehicle,3,283
1564737146203,small_vehicle,6,12
1566687113267,large_vehicle,8,295
1579852873286,small_vehicle,10,204
1574224414556,small_vehicle,3,185
1581584758719,large_vehicle,5,238
1575689373067,small_vehicle,7,272
1580265335258,large_vehicle,7,93
1585388740546,large_vehicle,6,194
1565907493993,large_vehicle,9,126
1576254756792,small_vehicle,8,88
1575857906390,small_vehicle,10,45
1569269151732,large_vehicle,10,208
1565437184654,large_vehicle,6,63
1565046154119,small_vehicle,5,224
1570331123151,small_vehicle,7,206
1565003818360,large_vehicle,5,179
1571901005209,small_vehicle,0,279
1573980325682,small_vehicle,0,253
1571067949123,large_vehicle,3,156
1565396716156,small_vehicle,4,315
1570727077487,small_vehicle,6,63
1575351941210,small_vehicle,8,216
1577998003497,large_vehicle,8,294
1576977964484,large_vehicle,2,289
1569215068108,small_vehicle,1,172
1576925758758,small_vehicle,6,259
1571696840277,large_vehicle,9,165
1575319055497,small_vehicle,9,85
1586147845336,large_vehicle,1,311
1573186903546,small_vehicle,2,76
1566328051717,small_vehicle,0,338
1564699383958,small_vehicle,0,81
1581806928334,small_vehicle,3,143
1565923480846,large_vehicle,0,351
1565790386197,large_vehicle,8,222
1580766570702,large_vehicle,3,226
1576446409105,large_vehicle,8,263
1568837391330,large_vehicle,5,82
1579189452471,small_vehicle,6,356
1582593323535,small_vehicle,3,59
1584458264955,small_vehicle,4,190
1579705281766,large_vehicle,2,260
1574126883312,large_vehicle,9,223
1582217454912,small_vehicle,10,338
1579197156953,large_vehicle,1,298
1572070244759,large_vehicle,5,126
1575115036812,small_vehicle,3,170
1575007970761,small_vehicle,9,359
1578551635694,large_vehicle,1,307
1574276406511,small_vehicle,4,322
1582283568413,small_vehicle,3,25
1577267053986,large_vehicle,4,283
1580610074377,small_vehicle,5,270
1570907765473,large_vehicle,6,343
1585854912661,small_vehicle,6,70
1575166793449,large_vehicle,10,219
1574876932811,large_vehicle,8,151
1582369171716,large_vehicle,8,309
1569235427324,small_vehicle,1,290
1572720878008,small_vehicle,1,108
1575565776371,large_vehicle,9,49
1583599931130,small_vehicle,10,113
1571793668483,large_vehicle,3,289
1572381463359,small_vehicle,10,60
1565503100175,large_vehicle,7,127
1572567384401,small_vehicle,2,346
1570112306906,large_vehicle,3,33
1581515096594,small_vehicle,3,100
1565676987880,small_vehicle,9,236
1569245283558,small_vehicle,9,32
1581832584903,small_vehicle,0,233
1571876183120,small_vehicle,5,276
1566748754240,large_vehicle,7,87
1576184348252,small_vehicle,8,275
1573664093941,small_vehicle,2,183
1569909886274,small_vehicle,9,243
1577394476488,large_vehicle,10,72
1574386044297,small_vehicle,10,243
1577592955220,small_vehicle,10,255
1570826098662,small_vehicle,5,34
1585196636755,small_vehicle,9,175
1571597925760,large_vehicle,6,140
1576064180199,small_vehicle,3,322
1565132704630,large_vehicle,0,52
1575834823081,small_vehicle,8,305
1584777898807,large_vehicle,4,44
1584202520094,large_vehicle,10,347
1581045668089,large_vehicle,2,246
1586521152036,small_vehicle,3,210
1573117376766,small_vehicle,6,76
1577091635401,small_vehicle,9,330
1566889059332,small_vehicle,9,307
1565580157013,small_vehicle,10,348
1578828065870,large_vehicle,0,115
1584848869456,large_vehicle,2,343
1567511441064,small_vehicle,6,21
1582629507460,small_vehicle,0,264
1581010790245,small_vehicle,6,305
1566501906504,large_vehicle,5,24
1582426624544,large_vehicle,10,101
1570130944728,large_vehicle,1,27
1584273242380,small_vehicle,4,328
1569019016024,large_vehicle,2,18
1575059094916,large_vehicle,6,103
1581600281246,small_vehicle,6,167
1564644726383,small_vehicle,10,219
1572370107715,large_vehicle,1,311
1583502168867,large_vehicle,1,238
1584026983195,large_vehicle,4,174
1576183105606,small_vehicle,3,191
1580937219254,small_vehicle,1,306
1572660030689,large_vehicle,6,141
1586582741571,large_vehicle,2,271
1576264572225,large_vehicle,2,179
1572785117729,large_vehicle,1,255
1575532577574,large_vehicle,7,109
1579094056576,large_vehicle,9,175
1582603032731,large_vehicle,1,312
1578995463552,small_vehicle,2,97
1568601045334,large_vehicle,9,235
1579331646221,large_vehicle,3,328
1576460000795,small_vehicle,7,273
1568848621282,large_vehicle,1,146
1573538863342,large_vehicle,0,95
1577433305512,large_vehicle,0,31
1583221027880,large_vehicle,2,299
1579638095663,small_vehicle,8,288
1576890639152,small_vehicle,5,293
1573843496689,small_vehicle,7,358
1582784911303,large_vehicle,4,223
1566833782793,small_vehicle,0,47
1570399012827,small_vehicle,1,192
1581132832909,small_vehicle,2,195
1574142328028,large_vehicle,3,1
1576878056833,large_vehicle,5,302
1568808208438,small_vehicle,6,199
1568220700917,large_vehicle,1,15
1570961280482,large_vehicle,6,183
1567475115165,small_vehicle,5,159
1578437565736,small_vehicle,1,81
1577462360007,small_vehicle,0,3
1574725202981,large_vehicle,7,214
1565651958528,small_vehicle,4,1
1571830818767,large_vehicle,3,45
1585274667056,small_vehicle,9,133
1574655364051,large_vehicle,1,127
1570282100793,small_vehicle,1,304
1567076793441,small_vehicle,6,300
1586505180008,small_vehicle,4,302
1582802419911,large_vehicle,2,133
1577260678110,small_vehicle,10,98
1583212811634,large_vehicle,3,302
1573545152626,large_vehicle,5,249
1570338994404,small_vehicle,6,219
1582464635881,small_vehicle,5,47
1577277160053,small_vehicle,0,210
1566251444574,small_vehicle,4,96
1567862977664,large_vehicle,2,153
1582768583832,small_vehicle,5,218
1579744341118,small_vehicle,6,299
1578435238075,large_vehicle,9,177
1579905548195,large_vehicle,10,124
1568962131591,large_vehicle,1,238
1565705443542,large_vehicle,1,156
1581373250320,small_vehicle,7,39
1578444904887,small_vehicle,8,184
1584759221457,large_vehicle,1,160
1583320525090,large_vehicle,6,24
1568799192759,large_vehicle,0,125
1568860519807,large_vehicle,9,59
1565178234540,large_vehicle,0,27
1573899355937,large_vehicle,4,149
1568464543524,small_vehicle,8,21
1578670788567,small_vehicle,5,49
1568145105184,small_vehicle,0,41
1585126246646,large_vehicle,3,212
1582500507421,large_vehicle,9,340
1575072025468,large_vehicle,2,177
1577725137511,small_vehicle,0,360
1576932160116,small_vehicle,0,57
1565345207387,large_vehicle,1,33
1578910483862,small_vehicle,8,22
1580944005835,large_vehicle,7,202
1566495788705,large_vehicle,3,289
1578682799699,small_vehicle,6,129
1584393353108,large_vehicle,9,355
1579209764840,large_vehicle,5,321
1569317235639,large_vehicle,0,169
1572326047990,small_vehicle,7,134
1568159696180,large_vehicle,8,255
1583848084804,large_vehicle,2,21
1583851867759,small_vehicle,8,208
1581244142249,large_vehicle,1,317
1573987687727,small_vehicle,2,233
1579124267443,large_vehicle,5,290
1580186149498,large_vehicle,9,49
1572768676671,large_vehicle,10,209
1566297443002,large_vehicle,9,263
1566674772687,large_vehicle,6,159
1571731007890,small_vehicle,4,291
1579526642818,large_vehicle,6,21
1581967099946,small_vehicle,7,75
1581303789662,small_vehicle,6,317
1578442317417,large_vehicle,2,347
1572449417829,small_vehicle,4,158
1583428703075,large_vehicle,10,323
1568327109504,large_vehicle,6,120
1575584789522,small_vehicle,0,76
1580314739360,large_vehicle,3,152
1582909570980,small_vehicle,3,251
1584219528073,large_vehicle,2,142
1570179559237,large_vehicle,7,221
1571785245374,large_vehicle,0,229
1574154781607,small_vehicle,8,81
1580011329681,small_vehicle,3,72
1569828560162,small_vehicle,4,165
1580926894539,small_vehicle,7,194
1567156885514,large_vehicle,0,95
1581189252296,large_vehicle,1,1
1573859005054,large_vehicle,2,295
1575102225558,large_vehicle,0,70
1568805180149,large_vehicle,6,298
1578724136703,large_vehicle,6,193
1576473147096,large_vehicle,5,331
1568521481547,small_vehicle,2,304
1576621170894,small_vehicle,2,186
1584824692398,large_vehicle,2,121
1576592792288,large_vehicle,2,82
1582515579032,small_vehicle,10,224
1574095593117,large_vehicle,7,180
1586013411636,large_vehicle,9,140
1580406098424,large_vehicle,1,193
1582245279339,large_vehicle,7,42
1574819909845,small_vehicle,1,142
1574222399915,large_vehicle,10,322
1578425485291,small_vehicle,3,257
1566385831022,large_vehicle,8,204
1583822476323,large_vehicle,3,346
1576976559026,small_vehicle,3,22
1570585385127,small_vehicle,10,167
1573525348291,large_vehicle,6,38
1570287842574,small_vehicle,5,201
1573604070178,small_vehicle,10,167
1585750283091,large_vehicle,5,209
1574630405842,large_vehicle,10,38
1583318033815,small_vehicle,4,224
1576864790377,small_vehicle,2,285
1573529798300,large_vehicle,10,275
1569186030532,small_vehicle,8,190
1567000654126,large_vehicle,9,201
1581298912901,small_vehicle,4,261
1567806552130,large_vehicle,5,356
1581366519832,small_vehicle,5,204
1579650097433,small_vehicle,1,17
1585106544471,large_vehicle,2,323
1569577112738,large_vehicle,3,308
1578980181584,large_vehicle,2,211
1578519317083,small_vehicle,1,326
1574253924150,large_vehicle,10,91
1565017146768,small_vehicle,5,56
1580290985087,large_vehicle,8,255
1585929028960,large_vehicle,7,269
1568196452499,small_vehicle,6,246
1566344698472,large_vehicle,8,139
1575898880997,small_vehicle,10,43
1580270721939,large_vehicle,2,147
1578605370768,large_vehicle,7,115
1568861060141,large_vehicle,9,316
1581735345857,small_vehicle,4,9
1570983597454,large_vehicle,1,72
1565870941794,small_vehicle,1,284
1575110389602,small_vehicle,5,299
1565070005776,small_vehicle,9,90
1568676806653,small_vehicle,1,158
1571131004909,small_vehicle,10,15
1567044675640,large_vehicle,7,128
1583212965607,large_vehicle,9,266
1569892868819,large_vehicle,9,320
1583783764569,large_vehicle,7,170
1567304522350,small_vehicle,4,155
1573559605141,small_vehicle,1,256
1572640331671,large_vehicle,1,16
1575779453539,small_vehicle,6,232
1583842663216,small_vehicle,5,65
1582850285784,large_vehicle,9,337
1584913662981,large_vehicle,10,97
1577551740601,large_vehicle,2,55
1580075526184,small_vehicle,5,111
1584557356731,large_vehicle,4,179
1570185718269,large_vehicle,6,9
1577883431280,large_vehicle,1,338
1567701810832,large_vehicle,5,90
1568967113265,large_vehicle,5,193
1583749982531,large_vehicle,0,268
1567263880626,small_vehicle,2,303
1575089183481,small_vehicle,9,319
1567945540346,large_vehicle,1,274
1568059971627,large_vehicle,8,307
1581270359498,small_vehicle,9,142
1566485526924,large_vehicle,5,296
1577826014288,small_vehicle,2,120
1570421863882,small_vehicle,4,227
1580570200400,large_vehicle,8,359
1573631322529,large_vehicle,4,250
1569353611727,large_vehicle,7,105
1583836369222,small_vehicle,3,188
1565484944419,large_vehicle,9,184
1576176202406,small_vehicle,4,38
1574069855290,large_vehicle,3,27
1567517327944,large_vehicle,3,290
1568304145270,large_vehicle,2,243
1586722647932,large_vehicle,6,69
1586257308235,large_vehicle,10,289
1565653880423,large_vehicle,0,18
1585041991787,small_vehicle,2,227
1576978088543,large_vehicle,6,7
1573821316329,large_vehicle,10,228
1577321042965,large_vehicle,2,18
1573597791079,small_vehicle,2,215
1572789921040,large_vehicle,7,227
1584243804480,large_vehicle,8,203
1584818622959,small_vehicle,7,4
1577001432917,small_vehicle,1,70
1585535769418,small_vehicle,8,302
1571256463382,large_vehicle,9,24
1566824340682,large_vehicle,6,90
1567457876525,small_vehicle,0,317
1572049162076,small_vehicle,6,154
1565406388981,small_vehicle,2,79
1567231070655,small_vehicle,9,208
1567274149236,small_vehicle,7,295
1585747647896,small_vehicle,10,359
1583184344417,large_vehicle,5,261
1574505872113,large_vehicle,5,282
1574751845321,large_vehicle,1,136
1582163742922,small_vehicle,0,206
1565609734623,large_vehicle,10,281
1569047278302,large_vehicle,8,72
1566185221559,large_vehicle,5,346
1575567970329,small_vehicle,3,207
1579361852309,small_vehicle,3,26
1565250698127,small_vehicle,9,354
1564737046789,large_vehicle,10,287
1574963479524,small_vehicle,4,212
1571609578109,large_vehicle,10,85
1572569222357,small_vehicle,2,174
1575124378055,large_vehicle,1,72
1571060266387,large_vehicle,3,256
1574593456363,small_vehicle,5,133
1565198757265,large_vehicle,1,237
1571959158243,small_vehicle,6,50
1573264730226,large_vehicle,9,15
1583696742501,large_vehicle,7,273
1584126687169,small_vehicle,5,231
1573425746647,small_vehicle,6,107
1581037681556,small_vehicle,6,303
1571619623287,small_vehicle,10,178
1584351674251,small_vehicle,9,48
1571584373352,large_vehicle,3,300
1566809601462,small_vehicle,10,35
1581731030451,small_vehicle,3,8
1584078511806,large_vehicle,10,351
1583869191418,small_vehicle,9,248
1578123111689,large_vehicle,8,125
1575792288967,small_vehicle,6,244
1567261578930,small_vehicle,8,97
1586648035909,small_vehicle,7,108
1584081609247,small_vehicle,10,73
1565966102011,large_vehicle,9,334
1568451033189,small_vehicle,1,274
1583382372537,small_vehicle,7,189
1575783998432,small_vehicle,5,103
1576398675377,large_vehicle,8,354
1583718759760,large_vehicle,1,357
1580440084949,small_vehicle,8,356
1570494458769,small_vehicle,4,316
1573800104264,small_vehicle,7,310
1573615470576,large_vehicle,10,18
1575167468848,large_vehicle,4,279
1565102146486,small_vehicle,8,292
1570631141537,small_vehicle,10,26
1580077536946,large_vehicle,4,138
1567889158002,large_vehicle,5,162
1578242476201,small_vehicle,2,15
1577063508503,small_vehicle,4,52
1574577449703,large_vehicle,8,42
1574105523797,small_vehicle,6,266
1577710615838,small_vehicle,9,242
1572373996957,small_vehicle,7,52
1584269828537,large_vehicle,2,129
1575697210492,small_vehicle,3,212
1574791270702,small_vehicle,1,299
1584753482189,large_vehicle,6,240
1569927862643,small_vehicle,2,322
1570057745975,small_vehicle,6,326
1583941088926,small_vehicle,0,170
1574720501780,large_vehicle,2,151
1578351645752,large_vehicle,10,147
1583875592470,large_vehicle,3,38
1585584211775,small_vehicle,2,260
1567216304953,large_vehicle,0,309
1574262099425,small_vehicle,0,26
1566769691668,small_vehicle,0,86
1580824411272,large_vehicle,1,300
1569839559916,large_vehicle,7,276
1574782690663,large_vehicle,3,36
1580973529663,large_vehicle,1,315
1585940289752,small_vehicle,1,247
1577506970932,large_vehicle,3,290
1575999308721,large_vehicle,1,142
1576157509318,small_vehicle,4,356
1580993941085,large_vehicle,4,254
1566870135149,small_vehicle,2,128
1582853772304,large_vehicle,9,306
1580637252269,large_vehicle,5,350
1573429598759,small_vehicle,8,118
1574882364434,large_vehicle,1,226
1572372347529,large_vehicle,2,2
1569726514824,large_vehicle,8,38
1567383025678,large_vehicle,6,9
1578014090176,small_vehicle,1,154
1565403920660,large_vehicle,6,129
1567806154108,small_vehicle,6,170
1573450954004,large_vehicle,3,157
1574865764885,small_vehicle,6,89
1582200620176,large_vehicle,4,274
1569609285600,small_vehicle,6,92
1578275054818,large_vehicle,1,349
1579521327108,large_vehicle,3,341
1574656506221,large_vehicle,7,296
1585286228420,large_vehicle,2,78
1566824065876,large_vehicle,2,157
1570937687103,small_vehicle,5,256
1566597638667,small_vehicle,2,230
1567316546942,large_vehicle,0,125
1564897566096,large_vehicle,6,340
1572275849643,small_vehicle,5,339
1569704557703,large_vehicle,5,351
1586635067027,small_vehicle,1,57
1572341832411,small_vehicle,5,47
1581725778255,small_vehicle,3,177
1582374224727,small_vehicle,4,279
1568957594996,large_vehicle,8,286
1573092142166,small_vehicle,3,183
1566056422334,small_vehicle,2,183
1568272337788,small_vehicle,2,343
1569609798508,small_vehicle,9,214
1568976248172,large_vehicle,1,281
1575916842535,small_vehicle,1,142
1582163008863,small_vehicle,5,206
1567793670122,small_vehicle,6,292
1567893103395,large_vehicle,4,137
1566483146213,large_vehicle,3,43
1577671810268,small_vehicle,2,232
1570933381557,small_vehicle,7,332
1567538836671,large_vehicle,1,236
1574163845640,large_vehicle,10,170
1567926568630,large_vehicle,9,256
1581190899815,large_vehicle,4,229
1569025108352,large_vehicle,7,104
1565173077225,small_vehicle,5,295
1567646239708,small_vehicle,2,4
1566625250863,small_vehicle,4,319
1582153080748,large_vehicle,10,357
1576505346829,small_vehicle,1,270
1572454039407,large_vehicle,2,148
1573693554567,large_vehicle,0,86
1566918544059,large_vehicle,4,125
1575001261639,large_vehicle,9,49
1568873582854,small_vehicle,5,7
1576145861846,small_vehicle,0,347
1577921242616,small_vehicle,10,352
1579622137366,large_vehicle,10,45
1572132796680,large_vehicle,6,93
1573115117452,large_vehicle,6,184
1572870538508,large_vehicle,5,264
1569730145053,small_vehicle,4,238
1573416760335,large_vehicle,10,302
1569164992423,small_vehicle,6,169
1582352912574,small_vehicle,0,125
1573108833946,small_vehicle,3,359
1570686849059,small_vehicle,5,75
1573519192907,large_vehicle,8,227
1567370990648,small_vehicle,7,42
1582966695995,large_vehicle,0,277
1570090859163,large_vehicle,6,64
1565094608750,small_vehicle,9,219
1568180700604,large_vehicle,0,89
1566899786635,small_vehicle,1,147
1571067404304,small_vehicle,7,159
1582081285490,small_vehicle,0,87
1579198581343,large_vehicle,10,229
1585784920264,small_vehicle,3,117
1564775203204,large_vehicle,7,297
1576210039219,small_vehicle,10,29
1586021267519,small_vehicle,6,103
1585052921083,large_vehicle,5,51
1574935584028,large_vehicle,10,335
1583263457753,large_vehicle,7,116
1583313445018,small_vehicle,2,309
1573918344870,small_vehicle,1,172
1586684432877,large_vehicle,4,111
1567248752599,small_vehicle,1,228
1580105621939,small_vehicle,9,212
1567839483055,large_vehicle,3,177
1566018933254,large_vehicle,1,298
1565738278357,large_vehicle,9,118
1579580274003,large_vehicle,2,262
1584424602326,small_vehicle,5,136
1579564620112,small_vehicle,1,174
1584012102271,small_vehicle,8,80
1583668315863,large_vehicle,4,34
1571435210936,large_vehicle,4,226
1582676854182,large_vehicle,4,65
1576925972824,large_vehicle,1,54
1564833345632,small_vehicle,10,360
1582749567355,large_vehicle,8,147
1578207954713,small_vehicle,10,182
1586121318165,large_vehicle,2,103
1584402235591,large_vehicle,0,247
1585788183358,large_vehicle,2,299
1565475871295,small_vehicle,0,316
1579929417556,small_vehicle,0,211
1569465917774,small_vehicle,0,151
1568915693177,large_vehicle,1,236
1575510715047,small_vehicle,8,230
1577709312555,small_vehicle,4,267
1571796879726,small_vehicle,3,116
1585440680254,small_vehicle,3,195
1579927737507,large_vehicle,7,224
1573895773292,small_vehicle,2,353
