1567748732354,large_vehicle,6,252
1570907572791,large_vehicle,7,4
1566609317987,large_vehicle,10,26
1576205100056,large_vehicle,7,270
1568939960364,small_vehicle,5,300
1570625028651,large_vehicle,0,66
1586636122053,small_vehicle,9,69
1564945877684,large_vehicle,9,128
1582119961160,small_vehicle,3,65
1566157341049,large_vehicle,7,265
1578152116840,large_vehicle,8,155
1581151576912,small_vehicle,6,327
1580012227126,large_vehicle,0,208
1579503117400,large_vehicle,0,20
1574522194120,large_vehicle,1,102
1579819475687,large_vehicle,0,77
1569589854993,large_vehicle,2,338
1569355060593,large_vehicle,10,68
1574140437476,small_vehicle,1,140
1576328217672,large_vehicle,8,274
1584117742314,large_vehicle,7,287
1584587076578,small_vehicle,7,210
1570367437031,small_vehicle,7,252
1574569334251,small_vehicle,5,44
1573844912241,small_vehicle,5,135
1578811339865,large_vehicle,1,40
1582447338766,large_vehicle,5,98
1564715152769,large_vehicle,0,267
1582275599547,large_vehicle,2,48
1574394517939,large_vehicle,6,281
1570140630415,large_vehicle,6,40
1581389674243,large_vehicle,7,163
1571083794787,small_vehicle,7,115
1584954842355,small_vehicle,9,262
1583119372423,large_vehicle,7,298
1579568894165,large_vehicle,4,136
1572505801068,small_vehicle,10,95
1566782850702,small_vehicle,10,66
1583601372294,small_vehicle,7,323
1568158003323,small_vehicle,4,27
1569168029931,large_vehicle,1,215
1582167592005,small_vehicle,2,103
1584911558199,large_vehicle,3,23
1582627260367,large_vehicle,10,110
1580329060820,small_vehicle,2,330
1580429617329,large_vehicle,1,87
1581982096019,small_vehicle,8,293
1570894733782,large_vehicle,2,15
1566029768303,large_vehicle,9,142
1574803913496,large_vehicle,9,67
1568225875706,large_vehicle,5,78
1580924828192,small_vehicle,1,42
1574209405429,small_vehicle,3,303
1585354234220,large_vehicle,9,134
1576548038916,large_vehicle,8,87
1581523901711,small_vehicle,0,188
1578928528305,small_vehicle,2,157
1585499111958,large_vehicle,2,42
1567100405130,small_vehicle,7,117
1570990483142,large_vehicle,9,357
1586688606350,large_vehicle,8,5
1570425263005,small_vehicle,1,169
1581657814738,small_vehicle,0,66
1579421959894,large_vehicle,10,331
1583238771159,small_vehicle,10,226
1573404792508,small_vehicle,10,231
1577412963443,large_vehicle,3,24
1576968240307,small_vehicle,10,277
1584840526254,small_vehicle,6,210
1574567117933,large_vehicle,3,272
1576688240650,small_vehicle,6,44
1576619176764,small_vehicle,7,349
1575982751412,small_vehicle,4,149
1583061514224,small_vehicle,8,256
1576197768311,small_vehicle,4,15
1565667156635,small_vehicle,3,133
1584252439365,large_vehicle,1,273
1571849903629,large_vehicle,1,306
1569894604870,small_vehicle,2,175
1579177218849,small_vehicle,3,82
1572248022446,large_vehicle,1,193
1574847399970,large_vehicle,4,64
1583746643484,large_vehicle,0,182
1577422928887,small_vehicle,0,100
1581703221411,large_vehicle,3,328
1569970262838,large_vehicle,6,241
1572746011628,small_vehicle,4,17
1573611930969,small_vehicle,3,229
1577771044823,large_vehicle,8,359
1586632640937,large_vehicle,7,338
1573879808053,large_vehicle,6,186
1585598369467,large_vehicle,7,208
1577470690895,small_vehicle,0,322
1581195783011,small_vehicle,8,200
1579034178521,large_vehicle,9,329
1576746731645,small_vehicle,4,266
1566443490044,small_vehicle,5,258
1568704609709,large_vehicle,7,272
1570391656536,large_vehicle,4,312
1565787177908,large_vehicle,8,134
1580011635466,large_vehicle,9,347
1568536273359,large_vehicle,6,311
1583582833630,small_vehicle,7,67
1583583303263,large_vehicle,1,70
1575569128461,large_vehicle,6,275
1580782933765,large_vehicle,4,169
1578270877519,small_vehicle,1,273
1579446454858,small_vehicle,7,307
1568894607799,small_vehicle,9,205
1572119652931,small_vehicle,10,166
1580547957016,large_vehicle,9,360
1582585904893,large_vehicle,2,272
1571296612237,small_vehicle,0,175
1566872856388,small_vehicle,8,348
1574796917753,small_vehicle,9,187
1568554145865,large_vehicle,7,255
1574068585231,small_vehicle,4,118
1570834551695,small_vehicle,3,140
1566033678577,small_vehicle,0,167
1577839157147,small_vehicle,8,63
1571296241922,small_vehicle,5,355
1579240782705,large_vehicle,10,71
1577419400671,small_vehicle,5,318
1586378989189,small_vehicle,0,37
1581887407039,small_vehicle,10,281
1575024085472,large_vehicle,10,104
1583816236846,large_vehicle,6,239
1569105807292,small_vehicle,7,278
1574394550459,large_vehicle,5,339
1586545488155,small_vehicle,0,204
1564816587468,small_vehicle,8,87
1584166247902,large_vehicle,4,28
1577055032761,small_vehicle,7,343
1580333124215,small_vehicle,9,121
1565850030651,large_vehicle,10,247
1577363667588,large_vehicle,4,122
1584905795332,large_vehicle,4,66
1579881394773,small_vehicle,8,125
1570671146627,small_vehicle,10,275
1579977957578,large_vehicle,0,183
1585108524988,small_vehicle,8,170
1585973017583,large_vehicle,4,122
1577126562781,large_vehicle,0,326
1582619097863,large_vehicle,0,82
1583350326746,small_vehicle,1,329
1566950267020,large_vehicle,6,104
1584138390779,large_vehicle,0,0
1575213668465,small_vehicle,10,327
1575832865956,large_vehicle,0,100
1576408579062,large_vehicle,3,280
1578982764535,large_vehicle,0,260
1571539053274,large_vehicle,4,315
1572657989155,small_vehicle,10,150
1569174502300,small_vehicle,8,303
1579378754752,small_vehicle,4,147
1577536083106,large_vehicle,7,302
1564682946343,small_vehicle,8,204
1576692336253,large_vehicle,2,201
1567340471296,large_vehicle,0,288
1584997284655,small_vehicle,3,333
1567831199601,small_vehicle,4,230
1585024126208,small_vehicle,7,232
1581465152099,large_vehicle,3,66
1580956459504,small_vehicle,6,191
1572507387413,large_vehicle,0,226
1579513934038,large_vehicle,7,201
1585312124713,large_vehicle,5,58
1565887094665,small_vehicle,1,243
1568617394277,large_vehicle,2,357
1576899156637,small_vehicle,10,170
1565427559488,small_vehicle,3,141
1583176556435,small_vehicle,6,255
1567927047663,small_vehicle,8,91
1573763843321,large_vehicle,2,232
1580597913503,small_vehicle,10,4
1578413987696,small_vehicle,6,27
1583699585865,small_vehicle,4,262
1576582444195,large_vehicle,9,288
1585134700599,small_vehicle,4,53
1572224461156,large_vehicle,1,242
1564817792870,small_vehicle,3,351
1567555494569,small_vehicle,9,118
1565262847293,small_vehicle,0,206
1582192758375,small_vehicle,9,338
1578154467308,large_vehicle,10,203
1580308715864,small_vehicle,8,62
1571866458391,small_vehicle,3,315
1582099128652,large_vehicle,1,148
1573683005142,large_vehicle,5,23
1574988944075,small_vehicle,3,304
1582734569935,small_vehicle,9,56
1585747835539,small_vehicle,4,42
1572607859883,small_vehicle,6,258
1575013017801,large_vehicle,9,232
1583726706271,large_vehicle,4,124
1567700160559,large_vehicle,4,297
1583128862210,large_vehicle,8,42
1568440743856,small_vehicle,5,207
1575164026321,small_vehicle,4,249
1566746314375,large_vehicle,2,188
1582910933995,large_vehicle,6,273
1575352611295,small_vehicle,3,221
1572910766634,small_vehicle,3,16
1583553988109,small_vehicle,5,343
1575287470174,small_vehicle,8,159
1570945352956,large_vehicle,2,314
1582058832153,large_vehicle,2,197
1570063575065,large_vehicle,7,109
1579649826411,small_vehicle,8,46
1582304245806,small_vehicle,5,6
1566110376079,small_vehicle,10,103
1584696756357,large_vehicle,9,181
1575782610303,small_vehicle,6,223
1566183789710,large_vehicle,10,1
1565055859990,small_vehicle,7,10
1569615906498,small_vehicle,3,257
1583089194137,small_vehicle,6,52
1580022417776,large_vehicle,8,182
1572832067647,small_vehicle,4,167
1582535221189,small_vehicle,7,146
1583019827172,small_vehicle,6,316
1567267866664,large_vehicle,6,350
1575869504978,large_vehicle,5,192
1576122491294,large_vehicle,10,84
1572840283309,small_vehicle,10,50
1574451561263,large_vehicle,7,266
1576120491151,small_vehicle,2,88
1583441478237,small_vehicle,4,231
1584274325562,large_vehicle,7,258
1585540094828,large_vehicle,2,176
1568248156863,large_vehicle,5,35
1568215309816,large_vehicle,3,253
1566004700980,large_vehicle,5,69
1577332945360,small_vehicle,2,77
1579152475460,large_vehicle,9,20
1564773728075,large_vehicle,4,308
1574171325835,large_vehicle,5,253
1579464716914,small_vehicle,7,353
1573304026997,large_vehicle,6,121
1574327730455,small_vehicle,2,127
1568226428709,large_vehicle,3,247
1584148121936,small_vehicle,6,162
1578513589459,large_vehicle,3,243
1579272060513,large_vehicle,7,103
1578199464906,large_vehicle,2,153
1585688864800,small_vehicle,5,241
1569651993895,small_vehicle,10,135
1573920550176,large_vehicle,2,105
1585093023895,small_vehicle,1,89
1576091507836,large_vehicle,6,215
1585313152536,small_vehicle,1,216
1581000016537,large_vehicle,7,248
1583489180960,small_vehicle,2,151
1572134004334,small_vehicle,5,268
1578748521345,small_vehicle,6,327
1582618329091,small_vehicle,0,209
1579032411179,small_vehicle,4,283
1578535406862,small_vehicle,1,267
1580025966043,small_vehicle,6,29
1580608606005,small_vehicle,6,301
1574466153043,small_vehicle,3,195
1567440288962,large_vehicle,10,88
1569486602941,large_vehicle,9,11
1583071134888,small_vehicle,6,220
1578166756230,small_vehicle,1,239
1564910241133,large_vehicle,5,231
1578416765386,small_vehicle,3,178
1583970038565,large_vehicle,2,140
1579393525373,large_vehicle,4,211
1582594880928,large_vehicle,2,186
1581359089993,small_vehicle,9,281
1567933818715,large_vehicle,8,145
1578073114346,large_vehicle,4,76
1578389772356,large_vehicle,2,33
1586082808491,small_vehicle,9,38
1575106738534,large_vehicle,1,338
1569027115701,large_vehicle,5,210
1571220623793,small_vehicle,10,6
1566818614494,small_vehicle,4,5
1569016742293,large_vehicle,0,331
1577669482582,large_vehicle,5,345
1581388517810,small_vehicle,3,197
1578346062597,large_vehicle,10,20
1581865095311,large_vehicle,0,329
1568104843241,large_vehicle,3,112
1565082143189,large_vehicle,5,311
1575856894704,small_vehicle,7,344
1577325152594,large_vehicle,5,236
1569585752872,large_vehicle,4,52
1585084324736,large_vehicle,9,335
1580228650559,small_vehicle,9,36
1582575279320,small_vehicle,0,210
1577883008537,large_vehicle,4,296
1570077826736,large_vehicle,0,219
1574613451982,small_vehicle,2,88
1580050249751,large_vehicle,1,186
1576036544630,small_vehicle,10,125
1578618246497,small_vehicle,7,300
1571924861866,small_vehicle,3,27
1574876750248,small_vehicle,10,268
1573202570430,large_vehicle,1,192
1574612569713,small_vehicle,5,11
1572462602764,large_vehicle,9,46
1584969832276,small_vehicle,2,239
1585415460437,large_vehicle,10,65
1568731812978,large_vehicle,5,292
1574467436715,small_vehicle,5,248
1579206627401,small_vehicle,10,81
1573351968158,large_vehicle,10,84
1583991660974,small_vehicle,7,154
1576301698931,large_vehicle,10,333
1576618990576,large_vehicle,9,96
1571205688973,large_vehicle,10,47
1578395611855,small_vehicle,8,51
1577469952584,large_vehicle,7,306
1566552639854,small_vehicle,10,334
1570844947168,small_vehicle,8,191
1568410660824,small_vehicle,0,272
1567380301944,large_vehicle,8,315
1569288732715,large_vehicle,1,190
1581372835636,small_vehicle,6,242
1578569038114,large_vehicle,6,134
1573402052104,large_vehicle,5,85
1576591754710,large_vehicle,8,81
1570820810568,large_vehicle,4,311
1565020929219,large_vehicle,1,142
1579311547169,large_vehicle,2,75
1580048202754,large_vehicle,4,314
1583648956482,large_vehicle,6,86
1578620482133,small_vehicle,4,222
1572140297346,small_vehicle,4,127
1565400086219,small_vehicle,10,342
1569562452711,small_vehicle,9,229
1566508776289,large_vehicle,2,201
1579656331293,small_vehicle,7,31
1582296320368,small_vehicle,0,38
1564694462352,large_vehicle,7,257
1578832159234,large_vehicle,9,346
1584978926317,large_vehicle,1,44
1570985928428,small_vehicle,10,260
1585678743704,small_vehicle,1,322
1582909647065,large_vehicle,8,34
1566264677582,large_vehicle,6,215
1572355973853,small_vehicle,9,86
1585266876738,large_vehicle,3,110
1572527985235,small_vehicle,8,113
1565865523267,large_vehicle,0,347
1576749083330,small_vehicle,2,360
1583495630250,small_vehicle,10,130
1576364889805,small_vehicle,1,235
1570896907003,large_vehicle,0,318
1578382705714,large_vehicle,4,8
1585287595438,small_vehicle,6,252
1574344712261,large_vehicle,0,246
1570748954411,large_vehicle,4,301
1579052873268,small_vehicle,9,214
1577820728321,small_vehicle,9,159
1581540886400,small_vehicle,4,78
1569733450961,small_vehicle,7,321
1572538826532,large_vehicle,6,280
1577552318126,small_vehicle,2,249
1567716231989,small_vehicle,3,30
1578177982273,large_vehicle,8,221
1579375237120,small_vehicle,8,241
1576175334749,small_vehicle,2,92
1570609747491,small_vehicle,9,324
1578893785235,small_vehicle,3,305
1570179911606,large_vehicle,8,307
1585143865609,small_vehicle,2,161
1583221045722,small_vehicle,2,291
1584174811204,small_vehicle,4,61
1565252926821,small_vehicle,7,312
1576178633422,small_vehicle,2,103
1578076694881,small_vehicle,8,139
1577577400264,small_vehicle,0,70
1576636623265,small_vehicle,9,100
1585443867475,small_vehicle,9,264
1586707049310,small_vehicle,5,166
1577961681999,small_vehicle,7,147
1571841104483,small_vehicle,0,247
1580076649798,large_vehicle,1,350
1570107998123,small_vehicle,2,156
1586639782824,large_vehicle,2,181
1582397541855,small_vehicle,7,319
1582324886478,large_vehicle,1,109
1566157803442,small_vehicle,0,82
1583324791633,small_vehicle,10,228
1584545443521,large_vehicle,1,322
1585353625347,large_vehicle,1,91
1571932037419,small_vehicle,8,183
1573006925300,small_vehicle,3,81
1578444864540,small_vehicle,4,348
1573226459196,small_vehicle,6,124
1578193339227,large_vehicle,1,108
1577832168699,small_vehicle,0,244
1569329687197,small_vehicle,9,172
1576119380020,small_vehicle,4,175
1580595876597,small_vehicle,3,328
1576281983730,small_vehicle,6,123
1568612957580,large_vehicle,1,218
1566246392969,large_vehicle,1,177
1579637501090,small_vehicle,0,173
1585833553035,small_vehicle,10,123
1574682269166,small_vehicle,1,197
1577330022255,large_vehicle,9,99
1569100347603,large_vehicle,5,29
1583375650476,large_vehicle,9,345
1580494671721,large_vehicle,4,126
1565023699201,small_vehicle,1,215
1572647054426,large_vehicle,2,182
1566068865639,large_vehicle,10,194
1580413190491,large_vehicle,10,2
1564833555787,large_vehicle,5,109
1577997215419,small_vehicle,4,128
1583166414592,small_vehicle,9,346
1580079490953,large_vehicle,9,307
1570327545682,small_vehicle,10,231
1582441754985,large_vehicle,2,14
1569881801455,large_vehicle,4,247
1583192769290,large_vehicle,3,200
1565870504063,small_vehicle,7,166
1573551569219,small_vehicle,0,36
1571249303758,small_vehicle,4,140
1577169122906,large_vehicle,7,330
1565340702640,large_vehicle,5,67
1576309571493,small_vehicle,0,146
1569885303738,large_vehicle,7,240
1569139233337,large_vehicle,2,72
1582128073250,large_vehicle,9,116
1568626260186,large_vehicle,3,146
1570760767917,small_vehicle,3,41
1582467275980,small_vehicle,9,200
1569474115022,small_vehicle,7,126
1571609698003,large_vehicle,0,112
1576462968486,small_vehicle,6,38
1575400993742,large_vehicle,9,299
1570025368372,large_vehicle,8,96
1574578275687,large_vehicle,4,217
1578598653149,small_vehicle,8,60
1568332395038,small_vehicle,4,281
1567602045473,large_vehicle,10,285
1572711508765,small_vehicle,7,23
1566750909611,small_vehicle,9,258
1564732426545,large_vehicle,4,7
1577384676977,small_vehicle,7,46
1569646339135,small_vehicle,2,163
1575574671214,large_vehicle,2,195
1580235623818,large_vehicle,2,82
1585299564723,small_vehicle,5,188
1573094302592,large_vehicle,8,231
1577019873877,small_vehicle,9,146
1565553178425,small_vehicle,3,263
1564969401570,small_vehicle,10,132
1579308041896,large_vehicle,4,92
1572590073003,small_vehicle,3,236
1584202827531,small_vehicle,4,227
1581221177258,small_vehicle,5,62
1579862397376,small_vehicle,10,104
1584116072104,small_vehicle,2,111
1574276879759,large_vehicle,0,134
1578470286736,large_vehicle,6,267
1565104906165,large_vehicle,5,359
1573146983698,small_vehicle,5,4
1579334889739,small_vehicle,2,96
1582667355166,small_vehicle,0,333
1578974395637,small_vehicle,1,56
1564874317147,large_vehicle,8,79
1568915119638,large_vehicle,5,358
1567238798467,large_vehicle,5,162
1575057756629,large_vehicle,2,280
1578851358099,large_vehicle,6,128
1577945844825,large_vehicle,2,139
1570186525805,large_vehicle,3,258
1574709588603,small_vehicle,1,326
1585127721555,small_vehicle,10,268
1583202840204,small_vehicle,7,192
1583152637046,small_vehicle,10,255
1584949917637,small_vehicle,2,21
1585390704964,small_vehicle,7,209
1568833810431,small_vehicle,0,353
1573855936937,large_vehicle,10,289
1576299426407,large_vehicle,3,40
1576267353167,small_vehicle,2,227
1583684630668,small_vehicle,1,254
1577650808902,small_vehicle,10,38
1571649784364,small_vehicle,5,321
1570934481527,large_vehicle,6,171
1582700223538,large_vehicle,9,126
1586091330363,small_vehicle,0,72
1572796543044,small_vehicle,2,196
1584190115381,small_vehicle,0,233
1570959022767,small_vehicle,1,179
1578427440797,small_vehicle,8,28
1578189252935,large_vehicle,6,341
1576450413089,small_vehicle,0,326
1575643619010,large_vehicle,0,160
1573193079833,large_vehicle,2,92
1577328914956,small_vehicle,4,182
1573180507462,large_vehicle,10,332
1564929737353,large_vehicle,6,249
1583238004147,small_vehicle,3,294
1585501656826,large_vehicle,8,30
1584501422120,large_vehicle,7,114
1573462829974,small_vehicle,8,349
1568301848379,large_vehicle,5,359
1584393517219,large_vehicle,1,144
1582687957334,small_vehicle,8,305
1580176169260,large_vehicle,4,221
1574302739720,large_vehicle,0,339
1582824830976,small_vehicle,3,9
1578527578876,large_vehicle,5,168
1584707280297,small_vehicle,4,198
1576205376463,small_vehicle,3,195
1581485779261,large_vehicle,2,110
1582479138657,small_vehicle,6,164
1583404100049,large_vehicle,10,79
1569339696299,large_vehicle,2,5
1585596121140,large_vehicle,5,178
1571438680583,large_vehicle,10,55
1565053909250,large_vehicle,3,53
1571245855974,large_vehicle,4,63
1578697301908,small_vehicle,4,44
1568282093626,small_vehicle,0,101
1577350523774,small_vehicle,2,176
1583320802905,small_vehicle,9,114
1582256614113,small_vehicle,5,20
1575328909052,large_vehicle,1,145
1578737403830,large_vehicle,2,325
1568698751996,large_vehicle,6,68
1571585142730,small_vehicle,6,190
1577157429337,small_vehicle,8,210
1568699608924,large_vehicle,8,49
1567108378887,small_vehicle,8,228
1577691611334,small_vehicle,6,222
1583447026181,small_vehicle,7,235
1580637317708,large_vehicle,6,5
1584357215425,large_vehicle,0,216
1579159848759,large_vehicle,6,19
1581117223831,large_vehicle,4,340
1584597627864,small_vehicle,9,153
1570997834279,small_vehicle,5,307
1581395491359,large_vehicle,6,137
1579653482833,large_vehicle,9,357
1581211677668,large_vehicle,9,248
1585148180413,large_vehicle,10,8
1577269111781,large_vehicle,8,326
1575348617242,large_vehicle,2,314
1573460455682,large_vehicle,7,13
1581757300199,small_vehicle,9,297
1572082441010,large_vehicle,10,296
1579494777702,large_vehicle,4,331
1567716722979,large_vehicle,10,279
1577846826021,large_vehicle,5,273
1565422714475,large_vehicle,6,203
1571132186454,large_vehicle,9,141
1573444801397,large_vehicle,3,262
1567411378353,large_vehicle,8,35
1567042553438,small_vehicle,7,11
1568587028319,large_vehicle,6,42
1581849028480,small_vehicle,0,114
1564700901514,small_vehicle,5,104
1565170553871,large_vehicle,1,164
1569224837408,small_vehicle,8,332
1575460007248,small_vehicle,1,244
1576846333184,small_vehicle,9,175
1574792487370,large_vehicle,3,353
1579909499972,large_vehicle,6,312
1574149425508,small_vehicle,7,308
1584722136630,small_vehicle,4,243
1582801912475,small_vehicle,6,174
1567068798796,large_vehicle,6,2
1569237769074,large_vehicle,3,325
1584563895507,large_vehicle,3,356
1572800952412,small_vehicle,7,344
1571767016219,large_vehicle,1,12
1572625745741,large_vehicle,10,156
1580751161524,large_vehicle,7,243
1581444636018,small_vehicle,8,255
1567067015335,small_vehicle,0,296
1578901444915,small_vehicle,5,218
1579619135222,large_vehicle,7,280
1578093932019,large_vehicle,9,1
1570394307024,small_vehicle,1,211
1576010071175,small_vehicle,9,61
1578131154651,small_vehicle,6,12
1572540030924,small_vehicle,8,285
1566924876519,large_vehicle,2,338
1584746965350,small_vehicle,1,16
1584374130505,small_vehicle,3,242
1576148279128,small_vehicle,10,235
1572490832332,small_vehicle,10,214
1568489678794,large_vehicle,7,107
1566459205658,large_vehicle,9,14
1574111403041,small_vehicle,8,110
1566248002761,small_vehicle,10,69
1583198003721,small_vehicle,8,238
1576449494428,small_vehicle,5,88
1585622354773,large_vehicle,4,259
1586248509909,small_vehicle,5,125
1573853318566,small_vehicle,0,116
1571832950303,small_vehicle,7,27
1586450885115,large_vehicle,0,208
1572064359319,large_vehicle,10,222
1575720094083,large_vehicle,1,330
1574630251691,large_vehicle,1,220
1570071705469,large_vehicle,10,248
1583467625086,small_vehicle,5,13
1569344334549,large_vehicle,5,235
1571482795641,small_vehicle,10,35
1581337822444,large_vehicle,7,230
1567344105698,small_vehicle,3,110
1582254122892,large_vehicle,2,268
1586199634004,small_vehicle,10,88
1570050709839,small_vehicle,5,325
1582582947104,small_vehicle,7,92
1585317457352,large_vehicle,1,248
1567989440393,small_vehicle,2,40
1571041238699,small_vehicle,1,241
1580378606912,large_vehicle,9,0
1584694315938,large_vehicle,1,220
1581807704289,large_vehicle,3,83
1584342674849,large_vehicle,2,243
1580802062672,large_vehicle,7,92
1574666627881,large_vehicle,0,36
1570188090430,large_vehicle,0,360
1578457014573,small_vehicle,4,63
1584086312939,small_vehicle,8,152
1572266054590,small_vehicle,4,32
1566851648407,small_vehicle,1,68
1582730904118,small_vehicle,2,275
1564663407744,large_vehicle,6,286
1580100403660,large_vehicle,8,172
1585100840105,large_vehicle,7,243
1580730278327,small_vehicle,5,25
1579743382717,large_vehicle,0,357
1566111499447,small_vehicle,10,90
1582613678100,small_vehicle,2,342
1579969203823,large_vehicle,3,121
1574291560684,small_vehicle,2,329
1585545302638,small_vehicle,10,317
1565585160004,small_vehicle,3,201
1567268893235,small_vehicle,0,203
1582145816907,large_vehicle,3,302
1572093995500,large_vehicle,7,258
1579718696012,large_vehicle,0,21
1576947300211,small_vehicle,1,185
1577309647807,small_vehicle,5,332
1576070543444,small_vehicle,1,213
1583388558885,small_vehicle,3,174
1578280815411,small_vehicle,6,173
1577560267119,small_vehicle,5,333
1579044847449,small_vehicle,4,277
1568376352594,small_vehicle,6,272
1576085811412,small_vehicle,1,255
1585860029465,small_vehicle,0,300
1566293405420,small_vehicle,0,221
1579314506516,small_vehicle,6,212
1571815589157,small_vehicle,4,92
1581992594295,small_vehicle,0,72
1577221991334,large_vehicle,8,176
1568696124846,large_vehicle,8,4
1571775758515,small_vehicle,6,128
1574684307144,large_vehicle,8,335
1586640088257,large_vehicle,6,137
1583295825244,large_vehicle,4,87
1575808941841,large_vehicle,9,16
1567484502252,small_vehicle,1,347
1577007849386,small_vehicle,2,81
1565657006350,large_vehicle,5,38
1569082982715,large_vehicle,2,201
1585574336083,small_vehicle,6,193
1569498402994,small_vehicle,3,65
1576916850131,large_vehicle,2,147
1581802987452,small_vehicle,3,142
1584258700946,small_vehicle,6,196
1582192867678,small_vehicle,3,106
1581310867665,large_vehicle,4,132
1575851190822,small_vehicle,10,148
1576459581125,small_vehicle,6,175
1578030696348,small_vehicle,8,248
1579690710227,small_vehicle,8,110
1580598948864,small_vehicle,4,348
1571358937573,small_vehicle,3,317
1570284826504,small_vehicle,7,298
1572196999917,large_vehicle,8,118
1579066941310,large_vehicle,7,287
1571260918432,small_vehicle,6,51
1567234435891,large_vehicle,10,65
1577100025868,large_vehicle,0,167
1565903441108,large_vehicle,7,267
1575871263010,large_vehicle,10,256
1586097109679,small_vehicle,4,250
1572807650559,large_vehicle,5,223
1585185788227,small_vehicle,8,154
1585263302790,small_vehicle,1,271
1568137731624,large_vehicle,6,3
1578884983914,small_vehicle,6,44
1584925834010,large_vehicle,3,110
1565614944026,large_vehicle,6,117
1567693624205,small_vehicle,0,49
1581162476556,large_vehicle,0,206
1566841782968,small_vehicle,3,281
1577369424151,large_vehicle,2,36
1567940217017,small_vehicle,1,216
1569378085249,small_vehicle,5,58
1570902713391,large_vehicle,0,165
1572392353389,large_vehicle,2,150
1583711890614,small_vehicle,8,339
1567669119823,large_vehicle,5,346
1578094188359,small_vehicle,7,36
1579257240744,large_vehicle,9,3
1574269974862,small_vehicle,4,218
1583626873944,small_vehicle,2,58
1575572913897,small_vehicle,6,305
1582839712839,large_vehicle,10,85
1570033426429,large_vehicle,6,182
1565324749436,large_vehicle,2,226
1585264464065,large_vehicle,2,15
1573062995626,large_vehicle,8,294
1584499526727,small_vehicle,6,229
1566508195794,large_vehicle,6,51
1578107566543,small_vehicle,0,345
1584041721499,small_vehicle,8,323
1572067539277,small_vehicle,3,169
1578887380834,large_vehicle,0,53
1571528506944,small_vehicle,9,147
1573048969499,large_vehicle,0,101
1569354267927,large_vehicle,9,247
1582690319316,large_vehicle,7,343
1568568264965,small_vehicle,9,40
1572525467560,large_vehicle,2,356
1569404302847,large_vehicle,9,280
1574314647836,small_vehicle,5,146
1565312750847,small_vehicle,4,22
1584919127647,small_vehicle,7,318
1567299949177,small_vehicle,4,107
1573237004131,small_vehicle,9,355
1581733797299,small_vehicle,3,167
1585004138068,large_vehicle,8,117
1586194595827,small_vehicle,6,46
1583567199548,large_vehicle,8,280
1575795985608,large_vehicle,6,58
1582316270238,large_vehicle,9,140
1565455709509,large_vehicle,10,189
1564848552702,small_vehicle,1,112
1585375222934,large_vehicle,7,262
1582512945165,large_vehicle,5,179
1577959488852,large_vehicle,10,273
1572632089694,small_vehicle,6,116
1569444558927,small_vehicle,6,9
1585525611762,large_vehicle,6,212
1576627912452,large_vehicle,7,32
1584253046654,small_vehicle,1,292
1583893788317,small_vehicle,6,145
1573265926852,large_vehicle,9,127
1572602682855,large_vehicle,5,112
1573731825024,small_vehicle,5,151
1575712600381,small_vehicle,2,144
1569459467508,large_vehicle,4,355
1572487219598,large_vehicle,6,335
1567913711891,large_vehicle,0,74
1564968598239,large_vehicle,5,214
1576387376613,large_vehicle,10,83
1576121642809,large_vehicle,0,310
1577969257386,large_vehicle,8,122
1564664980499,small_vehicle,8,110
1573792725327,small_vehicle,0,49
1580171058055,small_vehicle,4,41
1582219021026,large_vehicle,10,21
1580052478118,small_vehicle,1,332
1564821774126,small_vehicle,2,213
1571134311977,small_vehicle,1,339
1582020176576,small_vehicle,5,57
1581499603035,small_vehicle,2,174
1582516078520,large_vehicle,3,331
1567985572909,small_vehicle,4,99
1565040718246,small_vehicle,5,5
1574846425489,large_vehicle,5,206
1566326294252,large_vehicle,1,206
1568762889252,large_vehicle,4,21
1586074301380,large_vehicle,8,144
1581359179626,small_vehicle,9,177
1571718264055,large_vehicle,6,271
1579592257509,small_vehicle,4,340
1568700757677,small_vehicle,4,197
1573660921864,small_vehicle,8,34
1583529416644,small_vehicle,6,288
1572767606158,small_vehicle,1,242
1574284543920,small_vehicle,8,47
1568433435743,large_vehicle,7,26
1578620455002,large_vehicle,4,320
1566687473291,small_vehicle,0,177
1584925921111,large_vehicle,2,255
1570752783957,small_vehicle,1,112
1572840463753,small_vehicle,3,293
1574092049086,small_vehicle,5,222
1566389277646,small_vehicle,5,349
1564793864895,large_vehicle,5,81
1565480086893,small_vehicle,5,291
1577202430471,large_vehicle,7,110
1585143748823,small_vehicle,4,210
1586104578624,large_vehicle,7,24
1584646607582,small_vehicle,4,224
1574290373933,small_vehicle,1,71
1577729675674,small_vehicle,2,271
1582711473814,large_vehicle,10,231
1586592161205,large_vehicle,8,215
1571981015591,small_vehicle,0,88
1575583644798,small_vehicle,8,99
1565208099621,large_vehicle,1,189
1574277713618,large_vehicle,3,211
1583758979599,small_vehicle,4,14
1582850997463,large_vehicle,5,142
1585707359776,small_vehicle,3,253
1576440662745,large_vehicle,7,307
1584822252650,large_vehicle,3,194
1567333783104,large_vehicle,7,2
1566527900669,large_vehicle,5,224
1568024981308,small_vehicle,6,271
1578261345812,large_vehicle,1,194
1572602990790,small_vehicle,10,138
1581337131925,small_vehicle,8,131
1569716540941,small_vehicle,0,181
1582079646019,small_vehicle,1,337
1565759169709,large_vehicle,10,129
1580480660569,large_vehicle,0,84
1571271367511,large_vehicle,5,0
1585048140756,small_vehicle,10,245
1572704396989,large_vehicle,7,208
1571214597227,large_vehicle,2,293
1570575881716,small_vehicle,7,126
1568862438845,small_vehicle,10,183
1565882126265,large_vehicle,10,338
1584980592004,small_vehicle,8,40
1573405149150,large_vehicle,4,329
1569420094579,small_vehicle,3,296
1582473952129,small_vehicle,2,197
1580020293789,large_vehicle,0,319
1584796035191,small_vehicle,8,198
1568666303021,large_vehicle,4,150
1565804075180,large_vehicle,2,214
1586634976705,large_vehicle,1,298
1582581476877,small_vehicle,9,162
1575808491879,large_vehicle,7,251
1565323431766,small_vehicle,4,346
1571290736164,large_vehicle,0,75
1564858336746,large_vehicle,10,69
1579442922207,large_vehicle,6,135
1581489967776,small_vehicle,7,262
1569033718240,large_vehicle,1,163
1578548941968,large_vehicle,4,62
1569994969009,small_vehicle,10,58
1565367158719,large_vehicle,8,144
1567377481862,small_vehicle,1,48
1569510359374,large_vehicle,2,5
1585006524551,large_vehicle,0,80
1573402013733,small_vehicle,1,124
1565973753995,large_vehicle,3,69
1573491657320,small_vehicle,2,20
1586622517902,large_vehicle,5,299
1572209199356,small_vehicle,8,276
1577608325734,small_vehicle,9,170
1566987590759,small_vehicle,6,173
1567235304932,large_vehicle,10,173
1568613545326,small_vehicle,3,60
1578088655423,small_vehicle,9,293
1575072421546,large_vehicle,2,74
1565609304167,large_vehicle,10,155
1569036202788,small_vehicle,10,318
1584725369669,large_vehicle,7,47
1577266999978,large_vehicle,6,205
1571568013736,large_vehicle,4,273
1576099476403,large_vehicle,1,193
1579027056024,small_vehicle,9,192
1569601467596,large_vehicle,5,195
1583929774920,large_vehicle,3,88
1579596961074,large_vehicle,1,219
1576651741281,small_vehicle,8,91
1573927884488,large_vehicle,9,322
1570542254982,small_vehicle,10,253
1565547390582,large_vehicle,8,121
1565208506273,small_vehicle,1,329
1584321561897,large_vehicle,10,238
1586241611453,large_vehicle,0,253
1583809913281,large_vehicle,2,0
1580575856958,small_vehicle,7,116
1583142145892,large_vehicle,10,19
1579829189135,large_vehicle,10,213
1566036881423,small_vehicle,6,29
1575861762301,small_vehicle,5,127
1574423313697,large_vehicle,8,303
1574977913202,small_vehicle,0,110
1586679115912,large_vehicle,6,27
1566764992942,large_vehicle,10,33
1575923328704,small_vehicle,7,275
1582075378638,large_vehicle,10,56
1576227348583,small_vehicle,0,261
1578385149162,large_vehicle,0,345
1565389660674,small_vehicle,8,1
1576863943431,large_vehicle,0,267
1570062919420,small_vehicle,9,153
1576264966735,large_vehicle,1,152
1584032661984,large_vehicle,3,164
1578372427634,small_vehicle,0,264
1582381944971,small_vehicle,5,37
1576003063069,large_vehicle,7,331
1577191640401,small_vehicle,10,133
1576453638491,large_vehicle,2,284
1582505577252,small_vehicle,9,95
1575890652472,large_vehicle,9,130
1575862477593,large_vehicle,5,182
1574296940998,large_vehicle,5,54
1586024048361,large_vehicle,2,195
1583442866867,small_vehicle,1,52
1570474581750,large_vehicle,6,192
1579229988533,small_vehicle,8,193
1579964611378,large_vehicle,10,221
1584148940062,large_vehicle,3,52
1565085060690,small_vehicle,0,36
1566866482643,large_vehicle,6,302
1565094987875,large_vehicle,0,284
1578966714010,small_vehicle,4,321
1571857439210,small_vehicle,10,165
1568689516628,small_vehicle,1,251
1570632011593,large_vehicle,7,311
1566815517860,large_vehicle,1,353
1576617141081,small_vehicle,8,288
1579566678533,small_vehicle,6,57
1566058336252,small_vehicle,10,199
1583174187674,large_vehicle,10,161
1578473499400,large_vehicle,2,100
1581524939106,large_vehicle,4,248
1578268676663,small_vehicle,9,131
1584107194497,small_vehicle,6,211
1583481895177,large_vehicle,2,19
1582925617874,large_vehicle,5,137
1582016915450,large_vehicle,2,38
1582534304855,large_vehicle,1,131
1570814210500,small_vehicle,5,287
1575858627282,small_vehicle,9,100
1565365460727,small_vehicle,2,249
1572283786713,small_vehicle,5,54
1576034524623,small_vehicle,10,124
1579283407900,small_vehicle,7,130
1586274825323,large_vehicle,9,179
1571951050837,small_vehicle,4,170
1575515329328,small_vehicle,4,295
1568184055644,large_vehicle,6,189
1586506833687,large_vehicle,9,203
1564816054904,small_vehicle,5,209
1574027249341,small_vehicle,9,184
1572881433430,small_vehicle,5,336
1574536320753,small_vehicle,5,303
1582096548682,small_vehicle,2,203
1574643207123,small_vehicle,1,33
1583015483372,small_vehicle,7,348
1571984451824,small_vehicle,5,314
1575817958372,large_vehicle,10,308
1567049028045,large_vehicle,8,112
1579222702457,small_vehicle,10,84
1581062932288,small_vehicle,7,233
1581692166422,large_vehicle,10,153
1570436048275,small_vehicle,1,6
1579796961027,large_vehicle,0,313
1577543512157,small_vehicle,9,159
1570379800242,small_vehicle,1,200
1569884930764,large_vehicle,0,12
1580162110841,small_vehicle,7,23
1574692401007,small_vehicle,10,19
1567699752932,small_vehicle,0,195
1570945844114,large_vehicle,5,223
1573628209992,large_vehicle,1,77
1566112196253,large_vehicle,8,76
1570949126236,large_vehicle,0,192
1586188665176,large_vehicle,1,270
1570429194946,small_vehicle,4,309
1586036753013,small_vehicle,10,253
1565812555181,large_vehicle,7,11
1576904501133,large_vehicle,6,323
1575709944762,small_vehicle,10,321
1566817469005,small_vehicle,0,35
1577433576426,large_vehicle,2,222
1572008607965,large_vehicle,2,159
1564744243516,small_vehicle,10,57
1578615576281,large_vehicle,0,77
1573253840678,large_vehicle,6,207
1576370371149,large_vehicle,3,277
1581793976841,large_vehicle,6,216
1569404657602,small_vehicle,10,339
1582554590333,large_vehicle,10,126
1572990559328,large_vehicle,5,8
1585885759356,large_vehicle,3,57
1583009856378,small_vehicle,3,58
1568355544289,large_vehicle,10,243
1574630515032,small_vehicle,4,294
1568607806479,small_vehicle,3,219
1579916812971,small_vehicle,9,274
1582087322164,small_vehicle,7,360
1569692948540,large_vehicle,6,243
1576214848512,large_vehicle,5,160
