1573213139617,small_vehicle,1,139
1578544296951,large_vehicle,3,55
1577242329352,small_vehicle,7,102
1574448664531,small_vehicle,0,344
1574723418255,large_vehicle,9,12
1575969705929,large_vehicle,7,251
1567975059888,small_vehicle,4,268
1567508249628,small_vehicle,0,39
1576167061719,large_vehicle,7,280
1575845549668,large_vehicle,0,50
1573608767498,large_vehicle,7,304
1569137281053,small_vehicle,8,145
1565256058705,large_vehicle,0,351
1584066998957,small_vehicle,10,16
1582512673068,large_vehicle,4,190
1565384362154,large_vehicle,6,214
1567577237796,small_vehicle,1,273
1583893251607,small_vehicle,6,219
1576801093553,small_vehicle,4,175
1582182955744,small_vehicle,7,13
1585533690567,large_vehicle,8,236
1580875706580,large_vehicle,10,268
1578013214823,small_vehicle,8,85
1580052315532,large_vehicle,7,178
1582020103910,small_vehicle,6,285
1578031429802,large_vehicle,2,336
1579275901355,small_vehicle,1,294
1565234686229,small_vehicle,9,301
1565296320827,large_vehicle,6,56
1578466275338,small_vehicle,5,237
1568113563717,large_vehicle,8,221
1582000128255,small_vehicle,6,327
1565682483481,small_vehicle,5,57
1579270560262,small_vehicle,3,358
1586517267530,large_vehicle,3,132
1572245623168,small_vehicle,6,291
1581817415480,small_vehicle,4,65
1565356095955,large_vehicle,6,350
1574606253421,small_vehicle,1,46
1577190809039,small_vehicle,8,15
1572719379623,small_vehicle,7,269
1583953858628,large_vehicle,8,278
1577072193659,small_vehicle,5,279
1586363164055,small_vehicle,0,131
1568758242302,large_vehicle,5,89
1567125846227,large_vehicle,7,303
1566724507144,large_vehicle,10,23
1570447139706,large_vehicle,8,320
1577726731521,small_vehicle,5,257
1578151029644,small_vehicle,9,95
1574514810562,large_vehicle,2,281
1585030151576,small_vehicle,8,205
1572636714714,large_vehicle,1,177
1573760870230,small_vehicle,1,202
1576491708172,small_vehicle,5,191
1579868528274,large_vehicle,5,144
1586416943901,small_vehicle,6,40
1580571207656,small_vehicle,0,150
1574348186844,large_vehicle,9,234
1572966882597,large_vehicle,7,233
1569668949332,small_vehicle,0,292
1578033408897,large_vehicle,8,54
1578805345509,large_vehicle,2,98
1581131707652,small_vehicle,1,327
1567496536193,large_vehicle,7,228
1582743585155,large_vehicle,10,313
1570093472760,small_vehicle,8,7
1565153324623,small_vehicle,4,194
1582821798591,small_vehicle,7,144
1577553924515,large_vehicle,9,33
1575069210744,small_vehicle,7,171
1586213343779,large_vehicle,1,49
1576432138728,small_vehicle,0,217
1585343243741,small_vehicle,2,93
1569176392425,large_vehicle,9,67
1569066638569,large_vehicle,2,187
1581866823235,large_vehicle,7,160
1577436969334,large_vehicle,5,358
1580880248540,large_vehicle,1,222
1580742887537,small_vehicle,1,75
1578684785439,large_vehicle,6,136
1569267712806,small_vehicle,6,227
1577731827340,large_vehicle,3,268
1580666538610,small_vehicle,8,160
1584444600634,large_vehicle,8,1
1586525946354,large_vehicle,7,331
1574346865338,small_vehicle,1,292
1586058816299,large_vehicle,0,95
1573425588084,small_vehicle,1,231
1573028746766,large_vehicle,9,207
1568204849477,small_vehicle,10,55
1579847319457,small_vehicle,9,300
1583846056962,small_vehicle,4,337
1576680022514,large_vehicle,9,199
1579084314447,large_vehicle,5,183
1570169109496,small_vehicle,5,121
1573448941022,large_vehicle,3,188
1585084950043,small_vehicle,4,160
1565869657458,large_vehicle,2,72
1580843833641,small_vehicle,5,106
1584233377711,large_vehicle,0,156
1570624823507,large_vehicle,1,355
1577595746656,small_vehicle,3,248
1578204741577,large_vehicle,8,104
1569788662336,small_vehicle,6,181
1567389927758,large_vehicle,10,265
1585606879745,small_vehicle,4,182
1585272338024,large_vehicle,8,109
1573075131248,small_vehicle,4,226
1578045932568,large_vehicle,5,203
1572906358436,large_vehicle,3,237
1565984408671,large_vehicle,10,301
1569356933793,large_vehicle,5,41
1586626758380,small_vehicle,1,197
1584700538703,large_vehicle,3,50
1579456187031,small_vehicle,4,37
1580838519955,large_vehicle,9,123
1582339492091,small_vehicle,8,335
1569289726447,large_vehicle,10,238
1580311106745,large_vehicle,4,319
1585152938301,large_vehicle,9,89
1566130523384,small_vehicle,8,154
1567195203012,large_vehicle,5,57
1567265755573,large_vehicle,9,208
1567440533129,large_vehicle,7,3
1577009924174,large_vehicle,5,141
1583622189782,small_vehicle,3,74
1576390942310,large_vehicle,7,167
1570513203725,large_vehicle,6,120
1567817827073,small_vehicle,9,212
1583859795052,large_vehicle,3,251
1585819738683,large_vehicle,1,84
1565240337077,large_vehicle,8,293
1574907402194,small_vehicle,0,84
1572940108811,small_vehicle,5,85
1566888778903,large_vehicle,2,196
1578895081547,small_vehicle,8,292
1582788861202,small_vehicle,4,352
1571856881520,small_vehicle,4,169
1573683760231,small_vehicle,6,321
1580945072759,large_vehicle,7,136
1581892011335,large_vehicle,5,98
1578044833844,small_vehicle,8,308
1582482671908,small_vehicle,7,41
1574582815382,large_vehicle,3,158
1584999941704,small_vehicle,10,66
1574602290968,small_vehicle,2,315
1574422073297,small_vehicle,4,282
1573950949669,large_vehicle,2,292
1568549186485,small_vehicle,0,296
1586518567843,large_vehicle,5,25
1585849390142,small_vehicle,2,243
1576116636225,large_vehicle,8,156
1582901528753,small_vehicle,5,301
1570252541971,small_vehicle,8,10
1569244666161,large_vehicle,2,187
1578253964131,large_vehicle,4,289
1567499578978,large_vehicle,2,278
1577555052855,small_vehicle,1,252
1565651076207,large_vehicle,10,25
1568470858744,large_vehicle,10,24
1572043093790,small_vehicle,6,192
1576194394915,small_vehicle,5,181
1569921921580,large_vehicle,7,350
1569532429455,large_vehicle,1,305
1572445667594,small_vehicle,9,215
1574528809294,small_vehicle,9,38
1584098618286,small_vehicle,5,326
1574391055657,large_vehicle,3,303
1573865809954,large_vehicle,6,289
1565738005094,large_vehicle,10,91
1572380973519,small_vehicle,1,223
1574271314705,small_vehicle,3,44
1579306263349,large_vehicle,4,329
1569031435305,large_vehicle,6,129
1580723217971,large_vehicle,3,170
1578878009181,large_vehicle,4,110
1572318654234,small_vehicle,10,273
1579270765916,small_vehicle,4,156
1565722319499,large_vehicle,3,192
1578672019027,large_vehicle,0,19
1586172066129,small_vehicle,9,152
1582169788988,small_vehicle,10,101
1581120585983,small_vehicle,0,87
1580783762901,small_vehicle,7,37
1565394267744,large_vehicle,2,302
1572601685796,large_vehicle,7,32
1581888386405,small_vehicle,1,190
1570136650309,large_vehicle,9,259
1585363391560,small_vehicle,8,291
1568384777160,small_vehicle,1,349
1572119576681,small_vehicle,9,96
1574116733889,small_vehicle,9,219
1586053596469,large_vehicle,9,32
1583715233096,small_vehicle,10,178
1565319836573,small_vehicle,8,46
1585303668423,small_vehicle,7,338
1567558932439,small_vehicle,0,319
1571516813173,small_vehicle,0,62
1574087999816,small_vehicle,10,160
1574446765244,small_vehicle,4,140
1571225232930,large_vehicle,9,271
1569647001576,small_vehicle,10,329
1575766855627,small_vehicle,2,338
1579440784934,large_vehicle,0,344
1567595229941,large_vehicle,8,205
1564832155844,small_vehicle,2,270
1567152654575,large_vehicle,8,36
1565549815760,large_vehicle,3,297
1564871543779,large_vehicle,9,152
1586617886685,large_vehicle,0,160
1571693510526,large_vehicle,9,198
1566692304872,large_vehicle,0,44
1575504436314,small_vehicle,1,266
1577420958683,large_vehicle,7,157
1577199963533,small_vehicle,1,34
1564920485528,small_vehicle,10,324
1568558015477,small_vehicle,10,82
1567519982869,large_vehicle,9,13
1567204012150,small_vehicle,10,128
1567033685415,small_vehicle,6,323
1578972178454,small_vehicle,0,309
1570852130729,small_vehicle,5,90
1586638284720,large_vehicle,8,27
1576147790303,small_vehicle,3,45
1581280595994,small_vehicle,8,241
1567896537365,small_vehicle,3,25
1585753462800,small_vehicle,2,344
1579279215657,large_vehicle,4,53
1567291615018,large_vehicle,1,49
1584148284215,large_vehicle,1,99
1577042522956,large_vehicle,1,257
1570996714484,small_vehicle,1,359
1564816561498,large_vehicle,10,250
1570251281662,small_vehicle,5,345
1585115078355,large_vehicle,3,178
1574586341684,large_vehicle,10,223
1574861685470,small_vehicle,1,227
1573395383004,large_vehicle,1,49
1574999204510,small_vehicle,7,316
1573627996783,small_vehicle,1,342
1581869465582,large_vehicle,9,92
1574951830330,large_vehicle,7,253
1583704840191,large_vehicle,7,27
1569915190155,small_vehicle,8,205
1566826199225,large_vehicle,7,333
1576512551183,large_vehicle,8,259
1580267166931,large_vehicle,1,261
1585595104155,large_vehicle,8,296
1566588291143,large_vehicle,10,260
1572491554934,large_vehicle,1,332
1570338931953,large_vehicle,4,265
1576345153220,small_vehicle,1,283
1583244046269,small_vehicle,9,41
1566216182458,large_vehicle,8,102
1584537466256,small_vehicle,8,250
1581617702684,small_vehicle,6,264
1574842170073,large_vehicle,3,195
1565373252746,small_vehicle,6,294
1585762971106,small_vehicle,9,252
1579799498778,large_vehicle,2,264
1579318060067,large_vehicle,10,56
1571945535713,small_vehicle,9,113
1570602508575,small_vehicle,9,244
1572395274449,large_vehicle,2,281
1565925436858,large_vehicle,2,42
1577334968656,small_vehicle,10,347
1585660252781,small_vehicle,6,276
1566230541011,large_vehicle,1,320
1583066802442,small_vehicle,10,167
1579365746148,large_vehicle,1,182
1584722124408,large_vehicle,4,51
1568921992764,large_vehicle,5,160
1584680687518,small_vehicle,3,254
1565952811014,large_vehicle,3,269
1584880168457,small_vehicle,10,25
1585788275682,large_vehicle,2,320
1566613474776,large_vehicle,0,237
1568679691475,large_vehicle,4,115
1582725235369,large_vehicle,0,136
1570747481706,large_vehicle,2,342
1566169995582,large_vehicle,0,101
1585206113410,small_vehicle,7,174
1584028462117,small_vehicle,9,64
1580028089028,large_vehicle,4,245
1573766032714,small_vehicle,6,195
1580615957945,small_vehicle,0,230
1571477877353,small_vehicle,2,229
1586437755340,large_vehicle,2,264
1565485605599,large_vehicle,9,303
1584815543093,small_vehicle,2,146
1567118860146,small_vehicle,4,301
1584728802982,large_vehicle,0,283
1571098134832,small_vehicle,3,27
1584010332616,small_vehicle,6,131
1571735125708,large_vehicle,6,148
1565127648317,large_vehicle,8,162
1569626453272,small_vehicle,7,212
1574847661003,small_vehicle,4,240
1576266529350,large_vehicle,10,18
1568638172507,large_vehicle,8,29
1577659989399,small_vehicle,1,338
1574882652727,small_vehicle,8,355
1577668683218,large_vehicle,0,82
1571514513628,large_vehicle,0,122
1568066921932,large_vehicle,3,152
1578701478265,large_vehicle,4,69
1565502934333,small_vehicle,2,237
1574786564100,large_vehicle,2,162
1568109376946,small_vehicle,7,182
1576373119771,small_vehicle,3,111
1578632998720,large_vehicle,5,135
1568751198329,large_vehicle,7,140
1582819394178,small_vehicle,0,223
1572722346046,large_vehicle,0,17
1584378884811,small_vehicle,0,288
1567125663655,large_vehicle,10,253
1581510312771,small_vehicle,4,62
1569852248242,small_vehicle,0,98
1569932218312,small_vehicle,9,128
1571220205234,small_vehicle,4,192
1570664192827,small_vehicle,6,224
1577987724248,large_vehicle,7,38
1582086712749,large_vehicle,1,336
1581227991762,small_vehicle,10,232
1568139966988,large_vehicle,9,193
1568254355290,large_vehicle,5,309
1570901316230,small_vehicle,5,66
1568331829864,large_vehicle,6,139
1571612523765,small_vehicle,4,284
1586059392598,small_vehicle,5,324
1573983679275,small_vehicle,4,156
1572407135494,large_vehicle,1,298
1566753637428,large_vehicle,4,221
1579651158703,small_vehicle,9,23
1583537242300,large_vehicle,7,32
1573430579365,small_vehicle,7,101
1573424164951,small_vehicle,9,324
1575237078303,small_vehicle,6,178
1575483036740,large_vehicle,2,169
1565387630098,small_vehicle,8,236
1577060860469,small_vehicle,8,109
1576976926502,small_vehicle,3,71
1567943783703,small_vehicle,5,82
1577934541654,small_vehicle,1,302
1569572083382,large_vehicle,6,189
1583849091741,large_vehicle,8,214
1565076413256,small_vehicle,8,35
1586634813879,large_vehicle,8,104
1567063597916,large_vehicle,4,205
1579062679210,small_vehicle,2,70
1575009473008,small_vehicle,7,158
1575813812886,small_vehicle,7,144
1567509408980,small_vehicle,8,257
1579836866795,large_vehicle,9,176
1586256010082,large_vehicle,8,63
1566703756362,large_vehicle,6,78
1585971978800,small_vehicle,1,302
1586242314247,small_vehicle,0,165
1568507053744,large_vehicle,2,251
1579152555312,large_vehicle,0,340
1578019713610,small_vehicle,3,326
1574906125450,large_vehicle,8,2
1575943445154,small_vehicle,10,172
1567295934141,large_vehicle,5,212
1578435512326,small_vehicle,4,104
1570581834824,small_vehicle,7,68
1579611144569,large_vehicle,2,312
1580837698301,small_vehicle,9,86
1574475844233,small_vehicle,5,115
1580958037718,large_vehicle,8,140
1573551633065,large_vehicle,6,18
1586601809927,small_vehicle,6,142
1574319631817,large_vehicle,3,261
1568727573714,small_vehicle,8,339
1586190875777,large_vehicle,5,32
1567520276571,large_vehicle,10,201
1566799849129,large_vehicle,1,28
1586085589033,large_vehicle,5,289
1570984899565,small_vehicle,3,39
1571726309734,large_vehicle,10,157
1572021682915,small_vehicle,2,278
1583303276775,large_vehicle,10,156
1578806115549,small_vehicle,0,331
1574235105909,small_vehicle,4,101
1567910322803,large_vehicle,8,175
1565357088238,large_vehicle,10,128
1571190448943,large_vehicle,4,63
1581324483097,large_vehicle,3,25
1567082245600,large_vehicle,9,356
1571613755138,small_vehicle,1,42
1576999081758,small_vehicle,3,2
1585525809729,small_vehicle,7,114
1574359526611,small_vehicle,10,166
1585550308891,large_vehicle,6,188
1579869042034,large_vehicle,10,147
1575439716009,small_vehicle,6,2
1566115916125,small_vehicle,10,232
1572365334402,large_vehicle,9,316
1574461836644,large_vehicle,1,175
1583309900962,large_vehicle,7,110
1581827001188,large_vehicle,3,55
1581840964640,small_vehicle,9,82
1585140241593,small_vehicle,10,127
1569666666461,large_vehicle,4,109
1573136188819,large_vehicle,1,60
1567813971492,large_vehicle,1,136
1580716229669,large_vehicle,10,312
1576600661846,large_vehicle,2,288
1572842944857,small_vehicle,3,36
1586465967074,small_vehicle,8,42
1567280867226,small_vehicle,1,15
1565250741620,large_vehicle,2,6
1580789008148,large_vehicle,2,236
1586121423632,large_vehicle,6,187
1569598135420,large_vehicle,10,197
1585644862493,small_vehicle,4,129
1577303660346,large_vehicle,10,55
1574063977036,small_vehicle,5,207
1568319082416,large_vehicle,4,79
1570938338851,small_vehicle,2,78
1578442604334,large_vehicle,7,280
1572459633557,large_vehicle,8,219
1565410727281,large_vehicle,4,83
1583399727631,large_vehicle,1,244
1576484906691,large_vehicle,6,336
1584468806408,small_vehicle,8,282
1566225115420,large_vehicle,9,126
1583499315188,large_vehicle,9,249
1572306767281,large_vehicle,10,38
1569040533206,large_vehicle,3,102
1572129160099,large_vehicle,3,331
1570410397601,large_vehicle,4,84
1574900096569,large_vehicle,0,134
1568314414554,small_vehicle,3,174
1575836916245,small_vehicle,3,129
1576800797855,small_vehicle,6,52
1585235718714,small_vehicle,10,134
1566157484534,large_vehicle,4,333
1573101718969,large_vehicle,9,221
1574500982946,small_vehicle,1,205
1573983659421,small_vehicle,3,319
1579047452496,small_vehicle,3,158
1576930274783,small_vehicle,10,318
1578323050704,large_vehicle,4,90
1574819130164,large_vehicle,10,208
1582873890805,small_vehicle,5,26
1566781675346,small_vehicle,0,101
1576027426800,small_vehicle,1,208
1566101171358,large_vehicle,2,62
1567434340087,small_vehicle,2,242
1572098858664,large_vehicle,3,334
1570293144205,small_vehicle,9,109
1580924635537,large_vehicle,7,53
1567677364471,small_vehicle,7,17
1582823196873,small_vehicle,9,16
1572297670880,large_vehicle,6,312
1579431976963,large_vehicle,1,82
1577037485537,small_vehicle,0,137
1584044164955,small_vehicle,5,252
1575487459601,small_vehicle,0,38
1580024168755,large_vehicle,9,65
1585739942172,large_vehicle,10,71
1583754053601,large_vehicle,0,183
1576969263230,small_vehicle,5,134
1573220564614,large_vehicle,5,227
1582279427771,large_vehicle,7,81
1573052813848,small_vehicle,3,87
1583786674152,small_vehicle,0,266
1573086947132,small_vehicle,4,170
1564698671512,large_vehicle,3,205
1566035388128,large_vehicle,1,191
1579178651993,large_vehicle,6,319
1566347950521,large_vehicle,4,103
1575386744124,large_vehicle,9,314
1566380522355,large_vehicle,2,302
1581889821234,large_vehicle,3,78
1578857848351,large_vehicle,5,5
1584463125640,large_vehicle,9,130
1579478280325,large_vehicle,1,74
1565974176181,large_vehicle,1,10
1568575755437,small_vehicle,4,186
1584152175915,small_vehicle,0,145
1581542017015,small_vehicle,1,255
1583687980369,large_vehicle,2,5
1566902747000,large_vehicle,2,85
1577781482346,small_vehicle,4,157
1573273716397,small_vehicle,7,100
1580918447633,large_vehicle,7,339
1577853949584,small_vehicle,2,326
1581732030820,large_vehicle,4,137
1565118217446,small_vehicle,1,302
1577508129093,small_vehicle,6,313
1575602606227,large_vehicle,1,181
1567187210044,small_vehicle,1,92
1577121090289,small_vehicle,8,14
1576912870497,small_vehicle,4,130
1580317662259,small_vehicle,3,241
1573799943298,small_vehicle,1,178
1574404865345,large_vehicle,5,296
1582263561234,small_vehicle,10,200
1585534227111,small_vehicle,7,110
1583773143126,large_vehicle,2,231
1573048646145,small_vehicle,10,298
1564661813413,small_vehicle,9,160
1565208548240,small_vehicle,3,153
1585941666813,large_vehicle,6,8
1572692418335,large_vehicle,6,318
1573344983217,large_vehicle,6,50
1581740488587,small_vehicle,5,326
1577596423989,small_vehicle,7,337
1579885839578,small_vehicle,10,315
1581476797511,large_vehicle,10,12
1575816670399,small_vehicle,6,36
1566469263494,small_vehicle,10,218
1569581862014,large_vehicle,9,44
1579355713404,large_vehicle,9,225
1565204775275,small_vehicle,4,339
1583458916523,large_vehicle,10,340
1582022917967,small_vehicle,5,41
1585685818012,small_vehicle,4,280
1566464876264,large_vehicle,10,110
1576542234409,large_vehicle,2,305
1570704231726,small_vehicle,2,299
1577471921243,small_vehicle,1,184
1582068114576,large_vehicle,10,107
1569894681592,small_vehicle,7,80
1580442978499,large_vehicle,6,60
1566404376289,small_vehicle,2,256
1569631902941,small_vehicle,3,91
1583281755702,small_vehicle,3,349
1578187124349,small_vehicle,7,255
1586199634727,small_vehicle,8,284
1583555353562,large_vehicle,2,279
1565447764949,small_vehicle,8,297
1579881409923,small_vehicle,2,86
1574843502714,small_vehicle,6,68
1566783644545,small_vehicle,8,63
1565931507668,small_vehicle,0,269
1582503156974,small_vehicle,1,60
1578653791540,small_vehicle,4,155
1573657736861,large_vehicle,10,75
1583089604236,large_vehicle,0,332
1583993674791,large_vehicle,7,348
1582414766304,large_vehicle,10,282
1569516690164,small_vehicle,4,98
1564767348735,small_vehicle,9,355
1575200577008,large_vehicle,8,199
1566608539168,large_vehicle,6,339
1579051774087,large_vehicle,8,75
1571588752764,large_vehicle,1,208
1565029844508,large_vehicle,8,36
1570979355523,small_vehicle,3,341
1569339258952,large_vehicle,0,74
1568796986598,large_vehicle,1,173
1575282025817,small_vehicle,9,176
1570173483652,large_vehicle,1,256
1586064659435,small_vehicle,8,166
1571006737171,large_vehicle,2,197
1568148656254,large_vehicle,3,102
1575301127669,large_vehicle,8,58
1570759695013,small_vehicle,1,270
1583174335689,large_vehicle,7,274
1572270590212,small_vehicle,8,134
1578767412098,large_vehicle,10,78
1571021379734,small_vehicle,5,61
1576111805763,large_vehicle,2,209
1565618226621,large_vehicle,9,309
1585703050654,large_vehicle,8,71
1585113804059,large_vehicle,7,8
1568780338204,large_vehicle,7,287
1581626884379,small_vehicle,4,7
1577405505555,small_vehicle,4,75
1585598210341,small_vehicle,3,273
1584802800134,small_vehicle,5,337
1576163750166,large_vehicle,5,272
1564817729840,small_vehicle,2,135
1582156068734,small_vehicle,4,305
1576146687180,small_vehicle,5,325
1570308759745,large_vehicle,5,181
1582634158647,large_vehicle,3,158
1581865533757,small_vehicle,4,155
1570495603586,small_vehicle,2,233
1573312398289,large_vehicle,9,254
1572832095995,large_vehicle,6,92
1566148287036,large_vehicle,0,286
1584645676636,large_vehicle,9,72
1580822714592,small_vehicle,0,36
1565857031339,large_vehicle,7,338
1575242214256,small_vehicle,7,83
1586628795848,large_vehicle,10,313
1572850634799,large_vehicle,1,19
1583124031228,small_vehicle,7,83
1581629587013,large_vehicle,5,274
1586582772360,large_vehicle,7,243
1565520364636,small_vehicle,4,189
1576820212337,small_vehicle,4,131
1571504524248,small_vehicle,6,119
1572423501936,small_vehicle,6,356
1581273933748,large_vehicle,1,114
1579778186832,small_vehicle,6,172
1575675315249,small_vehicle,8,126
1574062234631,small_vehicle,0,222
1568722493921,small_vehicle,9,142
1565352172541,small_vehicle,9,131
1565556789067,large_vehicle,1,242
1571836810319,small_vehicle,0,290
1566781065828,large_vehicle,0,287
1570274293744,small_vehicle,8,106
1566771905537,small_vehicle,3,263
1567993957852,small_vehicle,8,214
1565292355094,small_vehicle,10,128
1572649938650,large_vehicle,4,17
1580003442992,large_vehicle,4,250
1572753816472,large_vehicle,8,121
1569893937218,small_vehicle,1,112
1572364053618,large_vehicle,2,182
1567385235974,large_vehicle,8,278
1566215834318,small_vehicle,4,124
1584314075151,large_vehicle,9,339
1582546972580,large_vehicle,1,158
1580629404355,large_vehicle,9,99
1585538071928,large_vehicle,1,123
1566999453620,large_vehicle,1,146
1580399308372,small_vehicle,8,219
1567748679361,small_vehicle,1,106
1577260175241,large_vehicle,2,48
1565741260485,small_vehicle,5,331
1575247225540,small_vehicle,8,311
1574448565604,large_vehicle,6,251
1564867371855,small_vehicle,4,231
1579235017877,small_vehicle,3,146
1574323378003,small_vehicle,7,87
1580817657001,small_vehicle,6,259
1585849216586,large_vehicle,2,39
1584121543674,small_vehicle,2,28
1586628035754,large_vehicle,3,0
1577402766295,large_vehicle,2,356
1569708350408,small_vehicle,7,314
1577366250607,large_vehicle,3,195
1567365142328,small_vehicle,9,43
1575704069940,small_vehicle,5,262
1570747841109,small_vehicle,3,56
1575625927627,large_vehicle,4,146
1571687777535,large_vehicle,4,290
1578100910578,large_vehicle,4,166
1572533421778,large_vehicle,9,25
1567747320585,large_vehicle,7,106
1586149014374,large_vehicle,9,259
1572021216132,large_vehicle,3,8
1580761809033,small_vehicle,6,290
1569474672205,small_vehicle,2,337
1565165120888,large_vehicle,7,294
1573483951060,large_vehicle,0,203
1580716359564,large_vehicle,6,30
1567616366087,large_vehicle,2,358
1570446603518,large_vehicle,7,5
1580509819381,large_vehicle,4,154
1583387002145,small_vehicle,9,335
1569360856684,small_vehicle,7,161
1565379119950,large_vehicle,6,346
1565690219878,small_vehicle,10,110
1565217430135,large_vehicle,1,142
1571783797225,small_vehicle,9,253
1566201713441,small_vehicle,5,35
1569593550966,large_vehicle,3,58
1581541584022,small_vehicle,8,299
1580434666937,large_vehicle,8,33
1570840152088,large_vehicle,1,190
1565712562869,large_vehicle,6,330
1569711469740,large_vehicle,9,157
1565746932528,small_vehicle,3,250
1580582057115,large_vehicle,1,159
1584719966114,small_vehicle,1,311
1583477126251,large_vehicle,5,127
1582881982865,small_vehicle,3,227
1574814009767,small_vehicle,7,141
1574062990832,large_vehicle,9,235
1583475836511,large_vehicle,9,355
1579032564481,large_vehicle,5,79
1572034104606,large_vehicle,4,265
1565514351486,small_vehicle,9,251
1567704163234,large_vehicle,1,359
1577058818408,large_vehicle,3,266
1576289309124,small_vehicle,5,187
1575556030631,large_vehicle,1,172
1566179321574,small_vehicle,8,167
1573870141063,large_vehicle,5,300
1581638267544,small_vehicle,10,120
1580688314102,small_vehicle,9,188
1566299773448,large_vehicle,7,112
1572494310977,large_vehicle,10,329
1574065062715,large_vehicle,0,157
1576125140989,small_vehicle,6,114
1582013935462,small_vehicle,2,230
1571508624337,large_vehicle,6,264
1575288835465,large_vehicle,1,328
1571382847779,small_vehicle,8,258
1570057238174,small_vehicle,3,61
1583581417187,small_vehicle,2,294
1584205084398,large_vehicle,4,174
1579024472683,small_vehicle,0,8
1574208892833,small_vehicle,1,168
1571060808047,large_vehicle,8,102
1580567678279,large_vehicle,10,301
1579016907332,small_vehicle,8,287
1567713493798,large_vehicle,4,145
1584350985524,large_vehicle,0,87
1577212188481,large_vehicle,4,209
1571232264044,small_vehicle,6,294
1565726414076,large_vehicle,5,122
1584121171992,small_vehicle,0,100
1573769883658,small_vehicle,6,63
1577694150239,small_vehicle,5,192
1579419415871,large_vehicle,8,174
1583332810599,large_vehicle,0,4
1567421968754,large_vehicle,5,77
1580430668145,small_vehicle,1,150
1586533666827,large_vehicle,9,94
1586405833195,large_vehicle,7,187
1580976593034,large_vehicle,0,300
1578860960114,large_vehicle,5,5
1579720250859,large_vehicle,3,233
1576133303615,large_vehicle,2,235
1573217757820,small_vehicle,5,126
1575801481434,small_vehicle,9,73
1570670686474,large_vehicle,4,62
1566369022242,large_vehicle,3,17
1567538507091,small_vehicle,9,328
1583437185142,large_vehicle,10,124
1576106537405,large_vehicle,8,109
1586424068157,small_vehicle,5,24
1578873174321,small_vehicle,10,280
1579150546772,large_vehicle,4,166
1565976848323,large_vehicle,4,270
1572843795301,large_vehicle,1,307
1579612740896,small_vehicle,3,358
1565783756811,small_vehicle,9,13
1573597745406,large_vehicle,7,216
1566062637914,small_vehicle,7,355
1570711066212,large_vehicle,10,208
1566820931575,large_vehicle,4,225
1573680813996,large_vehicle,7,114
1586038008722,large_vehicle,2,63
1565146009125,large_vehicle,0,239
1584697233477,small_vehicle,2,334
1585432023003,large_vehicle,10,223
1576071357813,small_vehicle,9,279
1576381244395,small_vehicle,4,263
1583558640311,large_vehicle,7,184
1575394191320,small_vehicle,3,31
1580500001028,small_vehicle,5,99
1567574870554,large_vehicle,1,313
1577719218173,small_vehicle,5,167
1568164916104,large_vehicle,7,353
1572726116605,large_vehicle,0,57
1566469254302,large_vehicle,10,40
1578726490539,large_vehicle,9,254
1568860371984,large_vehicle,5,356
1574962331224,small_vehicle,4,115
1578571676904,large_vehicle,7,335
1584492043234,small_vehicle,6,319
1576729364292,small_vehicle,5,202
1578929877561,large_vehicle,2,255
1575588535236,large_vehicle,8,221
1582587680166,small_vehicle,6,346
1582503782765,large_vehicle,8,111
1579642824934,small_vehicle,7,161
1581348531514,large_vehicle,5,286
1582191255637,small_vehicle,10,273
1572274656601,large_vehicle,3,102
1565800461026,large_vehicle,10,67
1583133691823,small_vehicle,4,149
1580239049328,small_vehicle,9,64
1584664356697,small_vehicle,3,127
1565962403861,large_vehicle,2,235
1580235981252,small_vehicle,8,264
1586540623769,large_vehicle,5,7
1586349536090,large_vehicle,4,74
1566358377136,large_vehicle,8,139
1568457636580,small_vehicle,0,103
1570627484799,small_vehicle,10,333
1584121021518,large_vehicle,0,262
1580574104031,large_vehicle,6,174
1585136898875,small_vehicle,1,21
1566199488782,large_vehicle,6,355
1581426306768,small_vehicle,0,39
1567879821260,large_vehicle,1,181
1583776068067,small_vehicle,3,291
1581843172561,large_vehicle,6,322
1573650953108,small_vehicle,9,55
1583388285188,small_vehicle,5,138
1586590235356,small_vehicle,9,67
1579938928809,large_vehicle,10,267
1576632724636,small_vehicle,5,273
1572479656230,large_vehicle,0,129
1576031751467,small_vehicle,6,352
1574500264351,large_vehicle,2,89
1584882284743,small_vehicle,4,302
1582588221087,small_vehicle,9,68
1584127124676,large_vehicle,10,6
1577217157022,small_vehicle,5,57
1585032988273,small_vehicle,2,87
1568967805357,large_vehicle,8,164
1568095461023,large_vehicle,4,323
1581070870427,small_vehicle,6,38
1566953121880,large_vehicle,0,42
1574136254694,small_vehicle,1,203
1577987455673,large_vehicle,10,268
1581318908568,small_vehicle,1,46
1572587195892,small_vehicle,10,11
1580514869509,large_vehicle,3,180
1579553782831,large_vehicle,9,175
1565848531233,small_vehicle,10,346
1571670702070,large_vehicle,8,310
1571202214699,large_vehicle,1,338
1565129778004,large_vehicle,1,329
1581825339774,small_vehicle,1,59
1574247175631,large_vehicle,0,97
1584869633356,large_vehicle,0,291
1567224708867,small_vehicle,8,331
1583901025374,large_vehicle,10,90
1572294312691,small_vehicle,1,89
1586585645126,large_vehicle,1,194
1568033799152,large_vehicle,10,180
1581360883400,small_vehicle,7,335
1576460326955,large_vehicle,5,7
1571595453554,small_vehicle,0,72
1566740272252,large_vehicle,10,280
1582973966341,large_vehicle,7,169
1576877249144,small_vehicle,0,296
1582894461314,small_vehicle,2,77
1576896023069,large_vehicle,10,94
1568635746836,small_vehicle,6,276
1586226428495,large_vehicle,10,149
1578463547149,small_vehicle,9,322
1565106805734,small_vehicle,0,8
1568667245298,small_vehicle,1,133
1581002180288,large_vehicle,7,245
1584638656316,small_vehicle,8,209
1583643195685,small_vehicle,3,205
1574215083040,small_vehicle,3,154
1576479273142,small_vehicle,7,30
1579093499677,small_vehicle,6,351
1564961803034,small_vehicle,9,198
1584465302519,large_vehicle,3,290
1572059857402,small_vehicle,0,34
1573434801842,large_vehicle,3,27
1586378268105,large_vehicle,0,240
1569128875277,small_vehicle,9,45
1581381042859,small_vehicle,9,36
1566597227634,small_vehicle,2,40
1566352865529,large_vehicle,9,130
1579701454240,large_vehicle,0,0
1581148905063,large_vehicle,7,314
1580499021996,large_vehicle,2,245
1582690889595,large_vehicle,5,190
1581144878800,small_vehicle,4,221
1586714070506,small_vehicle,6,176
1582467233003,small_vehicle,1,237
1569012675974,small_vehicle,10,75
1580470241103,large_vehicle,10,276
1570730661109,small_vehicle,6,245
1577220454755,large_vehicle,4,259
1575278613224,small_vehicle,6,232
1582346169331,large_vehicle,10,297
1572094451801,small_vehicle,5,307
1572474547068,small_vehicle,8,147
1567810502304,small_vehicle,1,205
1567905917117,small_vehicle,3,94
1564703470732,small_vehicle,9,164
1565892303089,small_vehicle,2,279
1579337437521,large_vehicle,3,264
1570251315269,small_vehicle,1,77
1580819470906,small_vehicle,6,157
1583903517740,small_vehicle,1,8
1579513535374,large_vehicle,3,70
1571984058140,small_vehicle,0,237
1574758144655,large_vehicle,3,170
1584469018336,small_vehicle,6,171
1568136774071,small_vehicle,9,16
1567316724124,large_vehicle,9,358
1575621394531,small_vehicle,10,359
1570947937191,large_vehicle,1,125
1570335074610,large_vehicle,7,175
1575749704881,small_vehicle,5,211
1584724428479,large_vehicle,4,130
1578847300404,small_vehicle,3,137
1569888566595,large_vehicle,2,138
1564688419726,small_vehicle,1,38
1565478648115,large_vehicle,1,331
1581030866461,large_vehicle,4,141
1573609864987,large_vehicle,8,88
1565537730132,large_vehicle,1,133
1577991404259,large_vehicle,5,314
1570737682329,large_vehicle,5,268
1577464558248,large_vehicle,6,224
1567711661052,small_vehicle,10,256
1574522119348,small_vehicle,0,135
1575209575251,small_vehicle,5,217
1564782227130,large_vehicle,6,73
1575652285215,large_vehicle,9,66
1581885352573,large_vehicle,1,237
1568862296115,large_vehicle,3,19
1565772455461,small_vehicle,5,346
1572048489383,small_vehicle,4,253
1566396225908,large_vehicle,8,176
1570767231511,small_vehicle,8,317
1582182770016,large_vehicle,10,271
1579923696116,small_vehicle,5,165
1585732299661,large_vehicle,4,329
1578916274402,large_vehicle,9,80
1566248269274,small_vehicle,6,360
1584815098834,large_vehicle,7,192
1573906350364,large_vehicle,1,55
1580798053405,large_vehicle,6,203
1570986150013,small_vehicle,2,164
1571413627641,small_vehicle,6,246
1578433636143,small_vehicle,4,318
1577185928368,large_vehicle,8,0
1578240696254,large_vehicle,4,238
1583248148914,large_vehicle,7,295
1579139146370,large_vehicle,7,291
1577083182916,small_vehicle,2,211
1581891721426,large_vehicle,10,300
1572116445394,small_vehicle,7,292
1575614973601,large_vehicle,5,132
1582511053293,large_vehicle,8,355
1580960906816,large_vehicle,6,276
1586027740491,small_vehicle,8,172
1571434181581,large_vehicle,4,124
1565230317798,large_vehicle,4,152
1577145238854,large_vehicle,0,241
1582238913373,small_vehicle,6,243
1578913489293,large_vehicle,4,288
1570252802937,small_vehicle,6,156
1575353160073,small_vehicle,1,248
1564927618290,small_vehicle,5,71
1582645318648,small_vehicle,4,359
1569053642293,small_vehicle,1,20
1571587779589,small_vehicle,5,155
1582246424784,small_vehicle,0,96
1572114429633,small_vehicle,2,325
1566193520172,small_vehicle,8,99
1572245345349,small_vehicle,2,124
1565690983156,large_vehicle,7,358
1574347062276,large_vehicle,7,153
1564759095025,large_vehicle,5,311
1566796936072,small_vehicle,10,341
1581550209838,small_vehicle,0,205
1571756879536,small_vehicle,9,77
1582573432036,small_vehicle,7,190
1569914677528,large_vehicle,4,41
1580536631536,small_vehicle,4,52
1579188231715,large_vehicle,5,4
1573048256758,large_vehicle,6,75
1584658403230,small_vehicle,7,80
1570673486902,small_vehicle,8,296
1576223793276,large_vehicle,7,4
1570088813083,large_vehicle,7,187
1582027055933,small_vehicle,3,169
1584646046629,small_vehicle,10,265
1585001276001,small_vehicle,2,337
1583647850690,small_vehicle,8,9
1572840533078,large_vehicle,10,297
1569694264322,large_vehicle,8,292
1572712954679,small_vehicle,4,97
1582078334825,large_vehicle,9,235
1570753459668,large_vehicle,8,57
1565078891419,large_vehicle,6,214
1586023911428,small_vehicle,1,166
1568971351317,large_vehicle,9,311
1570697321829,small_vehicle,6,38
1570572764582,large_vehicle,0,263
1581548454881,large_vehicle,8,20
1585657208059,large_vehicle,6,269
1580327950886,small_vehicle,4,259
1579736673868,large_vehicle,4,203
1572670578121,large_vehicle,0,82
1567327105307,large_vehicle,10,92
1568372436160,large_vehicle,3,72
1586135148987,large_vehicle,0,2
1573581435777,small_vehicle,4,221
1567767775417,large_vehicle,6,269
1585492800994,large_vehicle,0,258
1574547168376,large_vehicle,4,273
1567189084773,large_vehicle,7,193
1571335471937,large_vehicle,7,349
1572263292818,small_vehicle,9,311
1569881973595,small_vehicle,0,45
1580930959649,large_vehicle,5,157
1574603044006,large_vehicle,0,349
1577828843763,small_vehicle,9,175
1585554952113,small_vehicle,2,133
1569386944502,large_vehicle,5,29
1582877157544,large_vehicle,3,297
1568494918098,large_vehicle,10,209
1585391222875,small_vehicle,2,111
1581807822154,large_vehicle,10,339
1584088967854,small_vehicle,1,223
