1572327854763,large_vehicle,2,300
1565696938197,large_vehicle,0,182
1578259010845,large_vehicle,3,321
1578110216006,large_vehicle,4,151
1582612461708,large_vehicle,3,139
1569344646034,small_vehicle,10,101
1583208926252,large_vehicle,9,313
1571864152740,small_vehicle,0,328
1582581954315,large_vehicle,7,128
1569639960089,large_vehicle,3,33
1574650738135,small_vehicle,8,211
1586524113130,large_vehicle,1,285
1574499015037,large_vehicle,7,245
1565230590985,small_vehicle,10,90
1584371991117,small_vehicle,7,100
1576727113044,large_vehicle,2,291
1582346593582,large_vehicle,8,282
1574025229683,large_vehicle,6,86
1576649336341,large_vehicle,2,135
1576574475388,large_vehicle,3,336
1571042151087,small_vehicle,10,54
1569437598440,large_vehicle,4,24
1580841288667,large_vehicle,8,28
1574122729154,small_vehicle,9,287
1586273435638,small_vehicle,10,138
1564826661086,small_vehicle,1,12
1580513285904,large_vehicle,8,247
1575296212007,small_vehicle,6,139
1574059471792,large_vehicle,8,300
1581137156811,large_vehicle,8,120
1586632343001,small_vehicle,1,125
1569128995514,large_vehicle,0,163
1577989466661,large_vehicle,0,52
1570209425338,large_vehicle,7,343
1576369911946,small_vehicle,7,168
1575433865431,large_vehicle,10,159
1569617651647,large_vehicle,4,218
1584133698859,small_vehicle,10,224
1585823266989,small_vehicle,4,256
1570101319156,large_vehicle,6,20
1572295616561,large_vehicle,5,136
1573450981871,large_vehicle,4,345
1573726089281,large_vehicle,6,253
1565668090454,large_vehicle,7,303
1581737670351,small_vehicle,9,60
1571719291808,small_vehicle,10,44
1565066926133,small_vehicle,10,138
1577833463856,large_vehicle,10,139
1584330671319,small_vehicle,1,215
1577273468460,large_vehicle,0,303
1583756178872,small_vehicle,4,277
1585788386218,large_vehicle,7,93
1574730383001,small_vehicle,8,351
1580191961606,large_vehicle,6,42
1566547774185,small_vehicle,4,229
1585345493276,large_vehicle,2,277
1567611257665,small_vehicle,5,333
1578867943626,large_vehicle,6,190
1584661768719,large_vehicle,5,303
1583979534416,small_vehicle,6,309
1580695752804,large_vehicle,9,312
1578800152132,small_vehicle,2,215
1572839504146,large_vehicle,7,153
1583437268262,small_vehicle,0,259
1565613379033,small_vehicle,8,45
1583338683240,small_vehicle,10,266
1585152459012,small_vehicle,0,46
1567931000938,large_vehicle,5,350
1579561709168,large_vehicle,5,16
1586185848744,small_vehicle,10,6
1580857596036,small_vehicle,5,206
1578261315416,large_vehicle,0,182
1580982008588,large_vehicle,1,69
1585518840900,large_vehicle,4,202
1567597116500,large_vehicle,3,360
1568730958183,large_vehicle,6,43
1586029006804,small_vehicle,1,142
1582146972609,large_vehicle,9,61
1580630527138,large_vehicle,2,255
1568682171834,large_vehicle,4,211
1564810700946,large_vehicle,3,114
1569635105242,large_vehicle,5,243
1569061459098,large_vehicle,2,306
1570860099688,large_vehicle,7,280
1585642634455,small_vehicle,9,262
1579923345103,large_vehicle,4,328
1584210985219,large_vehicle,10,60
1576751120542,small_vehicle,5,284
1575167250670,small_vehicle,8,38
1582794577285,large_vehicle,3,194
1566521259480,small_vehicle,1,174
1574715120180,large_vehicle,4,181
1584464789097,small_vehicle,2,197
1583458055371,small_vehicle,2,79
1575771067186,large_vehicle,3,240
1582715760776,large_vehicle,5,260
1569112994552,large_vehicle,4,359
1584873626250,small_vehicle,8,295
1573765389664,large_vehicle,1,38
1582663723465,small_vehicle,9,14
1578629026594,large_vehicle,2,192
1568445359116,large_vehicle,4,112
1573684216340,small_vehicle,2,287
1574570228804,large_vehicle,1,195
1570763469755,small_vehicle,6,222
1572668728501,large_vehicle,6,235
1575761694278,large_vehicle,2,284
1586431865629,small_vehicle,4,284
1566550040828,large_vehicle,2,255
1575591371672,large_vehicle,4,290
1583560985381,small_vehicle,0,47
1585435802763,small_vehicle,2,304
1582560509723,small_vehicle,0,27
1577785463597,large_vehicle,5,125
1569784251849,large_vehicle,8,231
1572205696534,large_vehicle,8,223
1576825683533,small_vehicle,9,310
1573073412793,large_vehicle,5,110
1570387897505,small_vehicle,9,214
1582704075995,large_vehicle,4,291
1581626463641,small_vehicle,5,185
1576597880272,large_vehicle,7,90
1579583630814,large_vehicle,0,114
1565335335087,small_vehicle,6,51
1574540028466,small_vehicle,3,82
1586614581780,large_vehicle,3,189
1582313353144,small_vehicle,4,244
1584808580018,large_vehicle,0,164
1572147035499,small_vehicle,9,277
1571518021294,large_vehicle,4,312
1564866318097,large_vehicle,4,308
1566529371947,small_vehicle,6,355
1583984003559,large_vehicle,9,115
1573136911766,large_vehicle,10,114
1584100424428,small_vehicle,8,103
1567747344357,small_vehicle,6,353
1576868785515,large_vehicle,8,240
1583737194252,large_vehicle,7,84
1576072615771,small_vehicle,3,5
1586299058787,small_vehicle,7,71
1573910011281,small_vehicle,6,339
1580261857119,small_vehicle,0,166
1568339318865,small_vehicle,8,221
1580556833494,large_vehicle,0,96
1586397436371,small_vehicle,9,11
1570950846067,small_vehicle,7,104
1572035476265,large_vehicle,7,112
1575018718207,small_vehicle,1,300
1580172199021,large_vehicle,6,187
1566948694275,small_vehicle,0,19
1568699162785,large_vehicle,1,119
1586716112066,small_vehicle,10,140
1568267929800,small_vehicle,10,275
1567905443749,large_vehicle,3,112
1576722622128,large_vehicle,6,199
1577818145303,large_vehicle,8,351
1584120299518,small_vehicle,8,65
1580907395507,large_vehicle,4,112
1577456989094,large_vehicle,7,79
1569090531428,large_vehicle,5,308
1565130635307,small_vehicle,6,87
1580011269973,small_vehicle,1,21
1569698212058,large_vehicle,3,160
1579805400720,large_vehicle,9,69
1579851445906,large_vehicle,7,188
1583534976906,large_vehicle,0,258
1574461051394,large_vehicle,9,200
1568148199219,large_vehicle,3,310
1574423700856,small_vehicle,0,331
1574520342471,small_vehicle,9,76
1573262550934,large_vehicle,8,258
1571769511054,small_vehicle,1,76
1585323160693,large_vehicle,1,332
1568451440779,small_vehicle,2,29
1565723368019,large_vehicle,5,211
1585136915554,small_vehicle,10,346
1582118953610,large_vehicle,1,353
1578018274327,small_vehicle,9,78
1579520243590,large_vehicle,0,233
1578027430960,large_vehicle,6,241
1584443979013,small_vehicle,8,167
1577173304420,small_vehicle,3,308
1575944460885,large_vehicle,2,227
1571352184041,large_vehicle,6,308
1570765081227,small_vehicle,8,145
1579919689586,large_vehicle,7,133
1569765831216,large_vehicle,2,86
1573988914729,small_vehicle,10,288
1568832570263,large_vehicle,9,269
1582919739885,large_vehicle,3,301
1572551980473,large_vehicle,10,3
1571551959430,large_vehicle,0,310
1576183891070,large_vehicle,5,210
1576711535137,large_vehicle,5,252
1575047092855,large_vehicle,6,31
1584554507239,large_vehicle,2,44
1579769226036,large_vehicle,0,152
1581635160048,small_vehicle,0,163
1570916749865,large_vehicle,2,147
1572476283634,large_vehicle,10,225
1581573110675,large_vehicle,7,156
1585093560704,large_vehicle,10,222
1573926747804,large_vehicle,5,136
1574319008644,small_vehicle,3,359
1584674449860,large_vehicle,5,191
1585182676372,large_vehicle,7,208
1574691576388,large_vehicle,3,302
1578478281105,small_vehicle,8,77
1569116631084,small_vehicle,9,334
1576034800285,large_vehicle,0,254
1567891768876,small_vehicle,9,236
1568939667604,small_vehicle,6,91
1586069890447,large_vehicle,6,202
1566835624548,small_vehicle,6,275
1573282836484,large_vehicle,2,173
1586253783850,small_vehicle,6,324
1579759952557,small_vehicle,8,115
1585249924168,small_vehicle,6,317
1567328968471,large_vehicle,2,168
1584387075434,large_vehicle,8,334
1586172783663,large_vehicle,0,27
1582734007467,small_vehicle,7,298
1565243933714,large_vehicle,5,280
1585598583609,small_vehicle,9,279
1566313378569,large_vehicle,8,192
1583660645958,large_vehicle,10,118
1568138277356,small_vehicle,0,200
1580603195005,large_vehicle,0,202
1586061793685,large_vehicle,8,20
1579822594617,small_vehicle,3,301
1582306283415,small_vehicle,2,308
1584727270414,small_vehicle,8,235
1568164493475,small_vehicle,3,266
1578828228673,large_vehicle,2,135
1583120450629,large_vehicle,5,143
1566266645596,small_vehicle,9,146
1574866822832,small_vehicle,1,223
1585048491011,small_vehicle,10,1
1584176102330,large_vehicle,2,39
1579307760819,large_vehicle,0,242
1573230959456,large_vehicle,6,97
1577242081654,large_vehicle,4,338
1576686200588,large_vehicle,5,287
1569287529433,large_vehicle,10,109
1573406824084,large_vehicle,3,74
1565350910166,large_vehicle,8,103
1569896973596,large_vehicle,3,16
1573993852438,small_vehicle,2,66
1582934492095,large_vehicle,10,251
1570850415060,small_vehicle,4,126
1577430701226,small_vehicle,4,316
1570604679811,large_vehicle,8,254
1569199583670,large_vehicle,6,173
1573815940493,large_vehicle,1,309
1570748573808,large_vehicle,4,207
1567379733184,small_vehicle,2,5
1575739119276,small_vehicle,9,199
1577205618700,large_vehicle,4,77
1583416702675,large_vehicle,9,318
1574101347994,large_vehicle,3,0
1581864944592,large_vehicle,2,215
1586273582008,small_vehicle,1,140
1573657983454,small_vehicle,10,44
1571203684762,small_vehicle,6,74
1573043129596,small_vehicle,0,54
1570238305990,small_vehicle,9,82
1567272143457,small_vehicle,10,73
1586305643388,small_vehicle,3,314
1581295142958,small_vehicle,9,106
1585178290586,small_vehicle,4,38
1580675687148,large_vehicle,8,13
1575287827051,small_vehicle,3,309
1565143619396,large_vehicle,4,241
1566868828644,small_vehicle,5,254
1575329328070,small_vehicle,9,109
1572647597898,large_vehicle,6,273
1573395580577,large_vehicle,3,303
1573911465565,small_vehicle,5,199
1568900821954,large_vehicle,7,3
1575080260993,large_vehicle,4,268
1570903905317,large_vehicle,2,356
1567162490711,small_vehicle,7,5
1567203649375,large_vehicle,0,37
1575793745897,small_vehicle,10,66
1571908915253,small_vehicle,10,131
1572084483322,large_vehicle,2,199
1579446371459,small_vehicle,1,182
1579067742503,small_vehicle,1,133
1573525929158,large_vehicle,3,358
1571376775073,large_vehicle,5,264
1584461254611,small_vehicle,5,243
1578571379816,small_vehicle,5,265
1576143017908,large_vehicle,9,15
1568916212630,large_vehicle,10,297
1583848202360,large_vehicle,2,328
1565435999875,large_vehicle,9,208
1574143339255,small_vehicle,5,295
1579883051375,small_vehicle,6,208
1582316186173,large_vehicle,0,23
1568647747655,large_vehicle,2,330
1573206629008,large_vehicle,1,187
1578300447938,large_vehicle,4,336
1585421533406,large_vehicle,8,154
1577463539270,small_vehicle,3,207
1568793539741,large_vehicle,2,237
1575570230098,large_vehicle,4,175
1580920884879,large_vehicle,8,201
1583386437051,small_vehicle,4,299
1569976663040,large_vehicle,5,12
1565036828851,small_vehicle,2,328
1569567102018,large_vehicle,5,52
1565543264734,small_vehicle,0,204
1584673862962,small_vehicle,7,287
1579003256018,large_vehicle,5,111
1577046548138,large_vehicle,9,51
1565348823938,small_vehicle,5,195
1580997395751,small_vehicle,9,332
1574652993404,large_vehicle,0,5
1581981750333,small_vehicle,7,243
1583243508379,large_vehicle,6,44
1584779932483,small_vehicle,9,188
1565548451817,small_vehicle,5,146
1573432040926,large_vehicle,9,246
1572957133941,large_vehicle,5,164
1572276603849,large_vehicle,5,67
1565612996933,small_vehicle,8,299
1570549357011,large_vehicle,8,92
1567892547760,large_vehicle,7,39
1582414400524,large_vehicle,8,112
1582851340530,large_vehicle,3,266
1570346267682,small_vehicle,8,312
1568724347335,large_vehicle,0,283
1576808332360,large_vehicle,1,284
1572627958310,large_vehicle,7,262
1583137145336,large_vehicle,9,253
1585670722858,small_vehicle,2,34
1571878626607,large_vehicle,8,223
1584909542964,large_vehicle,9,183
1580103583709,large_vehicle,2,42
1582032756491,large_vehicle,5,106
1568616460105,large_vehicle,8,289
1584715204710,large_vehicle,8,103
1576282227665,small_vehicle,3,188
1579025448148,small_vehicle,4,296
1565922119795,large_vehicle,2,213
1574227751778,small_vehicle,5,144
1576009143521,large_vehicle,8,138
1573518964035,small_vehicle,9,349
1585021207516,small_vehicle,1,66
1571467825892,small_vehicle,5,292
1576738669774,large_vehicle,1,156
1570030681414,small_vehicle,9,170
1577119889539,large_vehicle,8,27
1574137085916,large_vehicle,10,155
1573302397108,small_vehicle,0,316
1576401848768,large_vehicle,9,236
1576716303006,small_vehicle,2,40
1582763760938,small_vehicle,6,47
1565018729683,small_vehicle,2,207
1586472623698,large_vehicle,5,287
1568472936263,small_vehicle,5,309
1564651075109,large_vehicle,10,294
1578944969323,large_vehicle,1,351
1565981682974,small_vehicle,2,105
1567594836410,small_vehicle,1,67
1579969357137,small_vehicle,1,42
1575052186972,large_vehicle,9,323
1569947290069,large_vehicle,6,295
1582547985729,small_vehicle,1,274
1577817076610,large_vehicle,10,292
1571500973084,large_vehicle,7,168
1574644737012,small_vehicle,5,72
1564840148618,small_vehicle,0,189
1566771000884,small_vehicle,10,172
1573826553513,small_vehicle,10,300
1583161446536,large_vehicle,5,179
1574168590451,large_vehicle,4,9
1579267871819,large_vehicle,3,212
1578304074590,large_vehicle,4,220
1576974670778,small_vehicle,3,119
1578465853664,large_vehicle,1,122
1585710816700,small_vehicle,1,220
1568847196937,small_vehicle,2,103
1578048226408,small_vehicle,3,171
1580870871646,small_vehicle,7,80
1584837444047,large_vehicle,4,334
1569478829491,small_vehicle,1,249
1573564204645,small_vehicle,0,205
1583174177328,small_vehicle,4,308
1586186171702,small_vehicle,10,90
1567523636810,large_vehicle,1,273
1581784860073,large_vehicle,1,81
1569878709568,large_vehicle,10,200
1571382487258,large_vehicle,10,250
1576200405276,small_vehicle,4,295
1564766079364,small_vehicle,6,288
1583507878759,large_vehicle,3,219
1573498237905,large_vehicle,5,32
1580082985728,small_vehicle,1,303
1572766097380,large_vehicle,3,350
1565102913374,small_vehicle,1,58
1568728132713,large_vehicle,1,173
1582403588501,small_vehicle,9,31
1582313078345,small_vehicle,6,99
1585609323967,small_vehicle,8,134
1575198273754,small_vehicle,2,111
1579477598544,large_vehicle,4,205
1567100165175,large_vehicle,10,253
1584772079363,small_vehicle,4,202
1584051727556,large_vehicle,10,299
1566176604601,large_vehicle,10,73
1577708232729,small_vehicle,6,140
1579726364463,large_vehicle,1,349
1579424971647,large_vehicle,9,54
1565469848927,large_vehicle,6,244
1565410161763,large_vehicle,9,103
1567584151604,small_vehicle,9,148
1575277567638,large_vehicle,6,288
1585059716172,small_vehicle,6,203
1581811798020,small_vehicle,8,229
1582801269878,small_vehicle,0,55
1566853168473,small_vehicle,4,109
1583455713413,large_vehicle,4,171
1585733332030,small_vehicle,1,10
1586160371897,small_vehicle,0,122
1573173195560,small_vehicle,9,39
1581535307323,small_vehicle,7,113
1577200244176,small_vehicle,1,76
1570067051315,large_vehicle,8,263
1566406253204,small_vehicle,5,286
1569937930461,small_vehicle,4,71
1572937488220,small_vehicle,4,287
1580242045961,small_vehicle,3,209
1572071735948,large_vehicle,8,359
1565086136657,small_vehicle,1,60
1567500340496,large_vehicle,3,246
1571555507293,large_vehicle,2,309
1578093392557,large_vehicle,3,158
1565726619567,small_vehicle,0,95
1565199179130,large_vehicle,0,227
1580866578859,small_vehicle,3,4
1566263211098,small_vehicle,3,69
1578929282175,large_vehicle,10,87
1583759679494,small_vehicle,5,182
1583389740410,small_vehicle,5,214
1584129301007,small_vehicle,9,277
1573064446362,small_vehicle,4,327
1565504281696,large_vehicle,1,9
1573459283551,small_vehicle,5,46
1567052113541,large_vehicle,8,327
1584078173269,large_vehicle,7,20
1567621589244,large_vehicle,6,203
1574408697429,large_vehicle,3,205
1585752128617,small_vehicle,2,137
1576300421718,small_vehicle,3,322
1579521915335,large_vehicle,1,226
1578690394588,small_vehicle,0,256
1566620102644,large_vehicle,3,326
1572913374732,large_vehicle,4,45
1575418178151,small_vehicle,4,288
1570276758245,large_vehicle,0,167
1570708537960,large_vehicle,7,61
1571260009405,large_vehicle,2,62
1565855591841,small_vehicle,10,29
1583505271787,small_vehicle,1,202
1584930206756,large_vehicle,10,290
1575261019039,large_vehicle,3,12
1581262595321,large_vehicle,7,72
1569548030440,small_vehicle,10,124
1567731821647,small_vehicle,7,221
1571058797714,small_vehicle,10,118
1567332698219,small_vehicle,8,160
1568347412770,large_vehicle,7,322
1569492253828,small_vehicle,10,225
1576851938906,small_vehicle,1,146
1586188154832,large_vehicle,1,338
1571588115378,small_vehicle,4,212
1571098743359,large_vehicle,1,130
1574435974492,large_vehicle,10,237
1583980692331,large_vehicle,0,38
1571690230556,large_vehicle,5,206
1568438996382,large_vehicle,10,78
1575205885355,large_vehicle,5,305
1566913019418,large_vehicle,10,354
1576168763776,small_vehicle,9,17
1565302320845,small_vehicle,9,142
1570751498922,small_vehicle,3,346
1573932934920,small_vehicle,7,311
1564738159658,large_vehicle,2,190
1570680951642,small_vehicle,4,247
1574128147991,small_vehicle,3,353
1573135440094,large_vehicle,8,154
1573567776361,small_vehicle,9,71
1582307257648,small_vehicle,6,61
1580092256683,small_vehicle,9,88
1569262595610,large_vehicle,3,152
1581736795854,large_vehicle,1,73
1578343364485,large_vehicle,4,270
1571302939070,small_vehicle,3,161
1580226569102,large_vehicle,2,89
1586326011666,small_vehicle,2,289
1568267113254,small_vehicle,8,102
1579722087413,large_vehicle,7,147
1567963576849,small_vehicle,10,338
1579599145043,small_vehicle,4,326
1582190908404,small_vehicle,8,200
1571402472519,large_vehicle,1,287
1575712686105,large_vehicle,9,37
1579147690252,large_vehicle,2,327
1570586793148,large_vehicle,5,25
1574857220691,large_vehicle,4,43
1566399906755,small_vehicle,3,86
1583188916083,large_vehicle,6,290
1576885842171,small_vehicle,7,311
1579307046869,large_vehicle,8,287
1575492277781,small_vehicle,9,163
1569642716382,large_vehicle,8,110
1565386642710,large_vehicle,10,171
1570503473572,small_vehicle,4,308
1565398788335,small_vehicle,6,225
1575826193403,large_vehicle,2,122
1567229928093,large_vehicle,1,188
1570122401445,large_vehicle,8,123
1567408506429,large_vehicle,4,153
1582926395784,small_vehicle,6,140
1572556681151,small_vehicle,2,73
1572621001355,large_vehicle,3,324
1564666087360,small_vehicle,7,323
1580346406981,large_vehicle,6,115
1584143447504,small_vehicle,6,55
1570396960149,large_vehicle,7,42
1585619118222,large_vehicle,10,79
1570153375888,small_vehicle,8,352
1573724209042,large_vehicle,3,70
1578478051893,small_vehicle,6,258
1582042217901,large_vehicle,10,292
1571500816813,small_vehicle,9,205
1584935259323,large_vehicle,5,312
1576771683274,small_vehicle,4,164
1573625222731,small_vehicle,1,191
1574648011051,large_vehicle,3,218
1571200908470,small_vehicle,4,329
1572486903119,large_vehicle,0,10
1585027406585,large_vehicle,4,40
1584714299890,small_vehicle,7,109
1574668944160,small_vehicle,5,78
1572420455364,large_vehicle,1,98
1571151972755,large_vehicle,5,142
1572455517554,large_vehicle,4,338
1583650109191,large_vehicle,4,356
1572785597102,small_vehicle,2,92
1572574025842,small_vehicle,7,36
1577474363715,large_vehicle,5,109
1570876799248,small_vehicle,8,82
1580180495175,large_vehicle,4,146
1565618505521,small_vehicle,3,298
1578233239542,large_vehicle,3,223
1584939666400,small_vehicle,3,116
1577979243577,small_vehicle,4,28
1569781914871,small_vehicle,7,137
1577324433013,large_vehicle,9,14
1580381302442,large_vehicle,9,20
1584933414989,large_vehicle,2,103
1569230044011,small_vehicle,10,116
1580749183691,large_vehicle,10,210
1577779751391,large_vehicle,5,252
1577368795361,large_vehicle,5,94
1575433971746,large_vehicle,3,157
1565349959010,large_vehicle,7,356
1583014511228,small_vehicle,4,103
1584924894529,large_vehicle,4,329
1580703465807,small_vehicle,9,40
1574488933115,large_vehicle,2,230
1576729963414,small_vehicle,0,4
1569659774117,small_vehicle,4,181
1572032917871,large_vehicle,3,98
1567527812362,large_vehicle,4,335
1571260974401,large_vehicle,4,166
1579159024559,small_vehicle,6,32
1584173688552,large_vehicle,2,212
1582607150532,small_vehicle,0,158
1580591861647,large_vehicle,7,5
1566962937001,small_vehicle,3,105
1586582820375,large_vehicle,5,298
1573141930605,small_vehicle,8,248
1579959679860,small_vehicle,6,101
1571267963242,large_vehicle,1,232
1577801498874,small_vehicle,4,113
1583839530475,small_vehicle,0,11
1580067298702,small_vehicle,5,337
1586267358883,large_vehicle,3,295
1578898410169,small_vehicle,0,184
1580237494019,small_vehicle,4,43
1571036385106,small_vehicle,0,235
1571732189022,large_vehicle,1,341
1572423655043,large_vehicle,7,98
1567177727656,large_vehicle,5,80
1564777608390,large_vehicle,3,270
1580411685486,large_vehicle,2,99
1580308079147,large_vehicle,10,77
1575692900767,small_vehicle,10,232
1582344990387,large_vehicle,4,136
1570304634526,small_vehicle,2,25
1585526764397,small_vehicle,3,0
1576215730852,small_vehicle,2,167
1579721379087,small_vehicle,8,209
1577669833437,large_vehicle,7,354
1585543935718,small_vehicle,7,89
1585002913931,large_vehicle,9,288
1576645210239,small_vehicle,2,100
1581492189858,small_vehicle,4,230
1585975646538,large_vehicle,7,246
1582365535825,large_vehicle,8,193
1565418639094,small_vehicle,1,133
1567722415145,small_vehicle,5,119
1578070151347,small_vehicle,2,222
1584789760919,small_vehicle,7,323
1569250176563,small_vehicle,10,87
1575576315741,small_vehicle,6,134
1577245135817,small_vehicle,6,122
1582185183649,large_vehicle,10,307
1582215852743,small_vehicle,1,43
1575635953792,small_vehicle,10,187
1573071779443,small_vehicle,8,27
1567349879412,large_vehicle,7,163
1579213800383,small_vehicle,0,197
1573584348710,small_vehicle,3,49
1566970840012,small_vehicle,5,332
1584833227870,large_vehicle,6,291
1575003845411,small_vehicle,4,51
1579883125335,small_vehicle,9,151
1585164377761,large_vehicle,8,358
1585067564583,small_vehicle,10,254
1579793857364,small_vehicle,8,277
1566059148206,small_vehicle,8,320
1568715464853,small_vehicle,9,29
1568329781466,large_vehicle,4,30
1565396753663,small_vehicle,9,7
1572133830184,large_vehicle,5,52
1585535369879,small_vehicle,2,339
1581529299387,large_vehicle,6,352
1565395382506,small_vehicle,4,160
1586490732926,small_vehicle,6,328
1576362853832,small_vehicle,5,344
1581198825660,small_vehicle,6,175
1567773669107,large_vehicle,6,19
1582251795464,small_vehicle,0,352
1567690146523,large_vehicle,3,257
1565779365885,small_vehicle,6,340
1584816429032,large_vehicle,9,211
1582554465698,large_vehicle,1,183
1578791870434,large_vehicle,9,34
1582031163926,large_vehicle,3,357
1585284997887,large_vehicle,1,115
1576835184328,small_vehicle,10,202
1576075830649,small_vehicle,10,12
1567977208753,large_vehicle,10,269
1572603995986,small_vehicle,1,58
1565517890211,large_vehicle,0,37
1582581628886,small_vehicle,1,61
1576393087548,small_vehicle,9,230
1584854368632,small_vehicle,8,16
1575529858016,large_vehicle,8,354
1574304116266,small_vehicle,8,247
1577239988355,small_vehicle,0,41
1573827892381,large_vehicle,0,312
1570013850981,large_vehicle,5,44
1584828837028,large_vehicle,9,24
1574098011978,large_vehicle,0,87
1570531221913,large_vehicle,10,44
1570962653116,small_vehicle,9,81
1573516250302,small_vehicle,7,222
1579640411030,large_vehicle,3,109
1575940303467,small_vehicle,2,148
1581372349573,large_vehicle,8,105
1576038420668,large_vehicle,7,100
1566770220870,small_vehicle,5,137
1567125193132,large_vehicle,6,0
1570406339022,small_vehicle,3,188
1568505945692,large_vehicle,10,165
1575182092306,small_vehicle,9,309
1576911526602,large_vehicle,7,283
1567071711998,large_vehicle,0,213
1567337200582,large_vehicle,10,189
1570711617292,small_vehicle,10,341
1584894611487,small_vehicle,6,281
1582879860014,large_vehicle,1,291
1574138848645,small_vehicle,4,355
1568119573006,small_vehicle,7,150
1569790822592,large_vehicle,2,222
1573375284907,large_vehicle,3,167
1575488901280,small_vehicle,2,102
1570280112543,large_vehicle,4,131
1569572597621,small_vehicle,6,323
1566261745614,large_vehicle,4,320
1573103894327,large_vehicle,0,33
1581952151782,large_vehicle,6,108
1571982773086,small_vehicle,0,252
1583216366128,small_vehicle,10,329
1582375861309,large_vehicle,8,118
1565393049257,small_vehicle,4,28
1567573357404,large_vehicle,9,81
1573780773523,large_vehicle,10,176
1570435116532,large_vehicle,5,191
1582115460022,large_vehicle,7,302
1568588790139,small_vehicle,8,211
1574358143734,large_vehicle,4,162
1564650823503,large_vehicle,6,113
1586364395686,large_vehicle,2,195
1583574918694,large_vehicle,9,31
1570788584202,large_vehicle,9,104
1573046202167,large_vehicle,1,151
1579821808856,small_vehicle,9,229
1569027343007,large_vehicle,0,32
1566159532124,large_vehicle,1,79
1567946078931,small_vehicle,8,169
1572726530477,small_vehicle,0,241
1567879424518,large_vehicle,10,23
1573090973077,large_vehicle,2,13
1583713875343,small_vehicle,5,81
1566166426566,large_vehicle,2,274
1574670302960,large_vehicle,2,195
1577988080252,large_vehicle,3,116
1582289456809,small_vehicle,6,285
1574316081761,large_vehicle,2,338
1565680838186,small_vehicle,1,57
1581552763618,small_vehicle,6,265
1572549362050,small_vehicle,4,359
1568567739478,small_vehicle,1,343
1564847131055,small_vehicle,8,156
1581642298477,large_vehicle,9,350
1581906951818,small_vehicle,4,28
1579804010382,small_vehicle,5,287
1580767210209,large_vehicle,0,325
1580924465987,large_vehicle,0,313
1566013195895,large_vehicle,7,231
1574359373401,small_vehicle,7,106
1566168389045,small_vehicle,9,232
1582027563555,small_vehicle,8,249
1565177698928,large_vehicle,1,104
1575372128605,small_vehicle,7,155
1572297000343,small_vehicle,9,222
1578910216736,small_vehicle,10,273
1584400212605,small_vehicle,5,217
1570018942335,large_vehicle,9,121
1575644710227,large_vehicle,7,12
1574730121853,small_vehicle,3,98
1571412931145,large_vehicle,8,34
1580289496473,large_vehicle,0,21
1584072271614,small_vehicle,3,185
1568865540211,large_vehicle,8,264
1576401016969,small_vehicle,9,127
1573099982636,large_vehicle,5,50
1583363236255,large_vehicle,5,14
1576456628607,large_vehicle,0,251
1568790940409,large_vehicle,1,186
1582792453277,small_vehicle,10,332
1583923558151,large_vehicle,8,57
1564859917897,large_vehicle,10,341
1568835436973,large_vehicle,10,265
1568744549701,large_vehicle,2,175
1573157968692,large_vehicle,2,159
1567180348342,large_vehicle,1,117
1584563927936,small_vehicle,9,175
1574862543922,large_vehicle,1,246
1567732142540,small_vehicle,5,261
1566709709031,small_vehicle,7,22
1573216320021,large_vehicle,8,358
1583677784952,small_vehicle,8,74
1584142731463,large_vehicle,3,34
1579439874240,small_vehicle,6,256
1576120941797,large_vehicle,2,95
1584230222464,small_vehicle,8,162
1571071368479,large_vehicle,4,54
1577658236703,large_vehicle,6,176
1580290354670,small_vehicle,7,141
1579581597243,small_vehicle,1,33
1578443428817,large_vehicle,3,123
1585277168827,small_vehicle,3,349
1586183709167,large_vehicle,0,70
1586165386039,small_vehicle,5,357
1582034354128,large_vehicle,7,224
1565908068173,large_vehicle,10,247
1583266800485,small_vehicle,5,61
1582514850911,small_vehicle,5,218
1575282133878,large_vehicle,7,113
1568614343525,large_vehicle,1,48
1580810253482,small_vehicle,1,204
1568334955698,large_vehicle,0,157
1582895638903,small_vehicle,9,133
1570403617898,large_vehicle,9,275
1580044421994,small_vehicle,0,325
1579286149485,large_vehicle,2,13
1571760435068,large_vehicle,3,82
1583433097561,large_vehicle,6,48
1577042879613,small_vehicle,10,81
1581021465030,small_vehicle,8,268
1567634458673,small_vehicle,10,22
1566899988674,small_vehicle,2,95
1580545983070,large_vehicle,3,84
1581014552370,large_vehicle,5,126
1573011640763,small_vehicle,9,124
1564821436710,large_vehicle,7,269
1583413959756,large_vehicle,2,42
1575418235200,small_vehicle,2,179
1580828993152,small_vehicle,5,208
1576104639077,small_vehicle,4,12
1568182661447,small_vehicle,10,58
1566597518216,small_vehicle,7,322
1571467259033,large_vehicle,7,188
1574068207863,large_vehicle,1,4
1580659710255,large_vehicle,10,103
1571553031550,large_vehicle,1,79
1567959754042,large_vehicle,1,8
1578634432826,large_vehicle,1,340
1575710876628,large_vehicle,7,213
1574598701304,large_vehicle,5,119
1569025046312,large_vehicle,0,318
1565354214140,large_vehicle,6,212
1578220877921,small_vehicle,3,296
1568091808811,large_vehicle,7,291
1565152696396,small_vehicle,5,240
1576757314167,small_vehicle,4,99
1569135337396,small_vehicle,2,223
1579975769240,large_vehicle,0,213
1571200262434,small_vehicle,0,334
1572930824846,large_vehicle,8,183
1574299580696,large_vehicle,0,3
1578456395265,large_vehicle,7,0
1569982847222,small_vehicle,10,347
1575435676894,large_vehicle,8,324
1567668511892,large_vehicle,0,217
1566954544382,small_vehicle,10,15
1565545655052,small_vehicle,4,219
1583396796588,large_vehicle,2,168
1586017267206,small_vehicle,10,271
1577221176830,large_vehicle,5,35
1581273593538,small_vehicle,9,296
1570754095435,small_vehicle,10,248
1586197618226,small_vehicle,9,99
1576532515919,large_vehicle,0,46
1572871158070,small_vehicle,7,215
1581886691722,large_vehicle,5,301
1583078153669,small_vehicle,8,191
1584100431623,large_vehicle,5,359
1584786516269,large_vehicle,6,359
1581193125846,large_vehicle,5,123
1585507935771,small_vehicle,0,104
1574279558142,small_vehicle,8,107
1570887341975,large_vehicle,8,247
1575872510099,small_vehicle,7,162
1580470619246,large_vehicle,8,22
1568735644141,small_vehicle,8,161
1567721444665,small_vehicle,7,102
1576151458745,small_vehicle,10,212
1583718060493,large_vehicle,8,157
1581032568532,small_vehicle,5,344
1565539858847,large_vehicle,9,184
1569547560640,small_vehicle,6,258
1566919805891,large_vehicle,8,209
1574679502703,small_vehicle,4,93
1577565694302,large_vehicle,1,85
1575039994475,large_vehicle,2,184
1574999705681,large_vehicle,2,102
1578116082727,large_vehicle,5,139
1573942320060,small_vehicle,0,102
1577287897925,large_vehicle,0,143
1575604123716,small_vehicle,4,118
1567891269287,small_vehicle,4,148
1575216435672,small_vehicle,7,351
1576138873517,large_vehicle,5,23
1583869075160,large_vehicle,0,182
1569298552325,small_vehicle,3,190
1581434169230,small_vehicle,1,216
1566584084035,large_vehicle,6,178
1583424905194,small_vehicle,2,12
1574251124356,small_vehicle,7,109
1569242091532,small_vehicle,8,104
1578223833754,small_vehicle,1,193
1575838688771,large_vehicle,6,131
1575914630115,large_vehicle,9,321
1572903237181,large_vehicle,1,304
1584079896103,small_vehicle,7,0
1568561495126,large_vehicle,3,15
1583860350836,large_vehicle,9,281
1568308516904,large_vehicle,1,130
1584297365919,small_vehicle,9,43
1582065220379,small_vehicle,5,140
1568997870380,large_vehicle,7,265
1575176907114,small_vehicle,4,187
1577014475167,large_vehicle,4,160
1567115668989,large_vehicle,7,46
1575233910233,large_vehicle,1,338
1583549817014,large_vehicle,2,187
1573345064881,small_vehicle,0,66
1567914668773,large_vehicle,7,168
1583574428096,large_vehicle,6,241
1583039909418,small_vehicle,0,146
1580831291562,large_vehicle,10,80
1581823610476,small_vehicle,3,27
1579859745395,small_vehicle,6,32
1574422473546,large_vehicle,8,312
1570190594145,small_vehicle,9,254
1569760291680,large_vehicle,2,117
1583412251459,small_vehicle,1,40
1579934175726,large_vehicle,6,149
1585883911470,large_vehicle,3,116
1583115014716,small_vehicle,6,219
1565925879733,large_vehicle,6,73
1578961344285,large_vehicle,7,118
1578345084619,small_vehicle,7,44
1571315064748,large_vehicle,5,325
1573051936035,small_vehicle,3,269
1581967945096,large_vehicle,0,135
1573121464050,small_vehicle,3,186
1579797838746,small_vehicle,9,210
1565322277614,large_vehicle,3,344
1577951405654,large_vehicle,8,174
1582319017657,small_vehicle,2,356
1578895813481,large_vehicle,7,9
1581367805536,small_vehicle,1,288
1582274579427,large_vehicle,8,0
1579589870105,small_vehicle,1,278
1568261153302,small_vehicle,9,87
1567632810986,large_vehicle,0,103
1569793802284,large_vehicle,5,332
1567677597102,small_vehicle,1,55
1568578984465,small_vehicle,8,81
1581301531854,small_vehicle,4,180
1586235262208,small_vehicle,0,271
1566367882024,small_vehicle,1,231
1576911508533,small_vehicle,6,142
1580941303426,large_vehicle,2,312
1578761263979,small_vehicle,4,172
1568378869895,small_vehicle,2,105
1586688671978,small_vehicle,0,291
1585187342912,large_vehicle,4,166
1566616383401,small_vehicle,4,156
1577007332989,large_vehicle,1,235
1574572982007,small_vehicle,4,351
1566169084082,large_vehicle,7,71
1566136040554,small_vehicle,1,88
1577444033683,large_vehicle,1,74
1566760749444,small_vehicle,8,156
1574385731667,small_vehicle,7,153
1580890158757,small_vehicle,10,234
1578654223799,small_vehicle,3,311
1580185624052,large_vehicle,0,1
1583954931354,small_vehicle,3,355
1583131551650,small_vehicle,9,214
1581809702103,small_vehicle,0,116
1573371111527,large_vehicle,5,284
1584683139239,large_vehicle,7,267
1583604079147,large_vehicle,9,29
1570179857129,small_vehicle,9,244
1584705682065,large_vehicle,3,227
1573392700276,large_vehicle,5,163
1585179868767,small_vehicle,1,7
1569385631223,small_vehicle,4,174
1569986030094,large_vehicle,2,293
1585611060849,large_vehicle,2,352
1577073029691,small_vehicle,8,271
1585821295679,small_vehicle,5,71
1586322478051,large_vehicle,3,197
1578304959188,large_vehicle,4,343
1578769999196,large_vehicle,2,353
1586041515397,small_vehicle,0,241
1573911726705,large_vehicle,9,118
1577802767844,large_vehicle,3,85
1569782876903,large_vehicle,3,360
1574560628406,large_vehicle,2,193
1585369669627,large_vehicle,9,6
1565905704225,large_vehicle,1,67
1586514399145,large_vehicle,2,313
1574555630122,small_vehicle,6,4
1570201428995,small_vehicle,1,136
1584756561526,large_vehicle,8,2
1573189593267,large_vehicle,5,339
1569563389729,small_vehicle,4,57
1586489895859,large_vehicle,7,263
1583676204487,large_vehicle,9,212
1571696623487,large_vehicle,3,91
1571554473164,small_vehicle,4,63
1565582970543,large_vehicle,0,200
1568835523704,small_vehicle,4,37
1580633879364,large_vehicle,4,203
1569542016872,large_vehicle,4,153
1580815206929,small_vehicle,9,240
1571181433557,small_vehicle,6,166
1585843926100,large_vehicle,2,198
1579738754488,small_vehicle,3,158
1577138171391,large_vehicle,0,280
1570916679062,small_vehicle,6,129
1582954344984,small_vehicle,2,284
1580030906696,large_vehicle,4,274
1579336654897,large_vehicle,2,158
1568670309496,small_vehicle,2,88
1573863781131,large_vehicle,7,155
1586459539266,large_vehicle,5,20
1585932824720,large_vehicle,6,137
