1573593988409,large_vehicle,4,317
1566588920579,large_vehicle,9,179
1566376786651,small_vehicle,7,30
1564768914227,small_vehicle,3,33
1567884078164,large_vehicle,0,111
1584948939716,small_vehicle,0,295
1581221262890,small_vehicle,7,92
1567146260326,large_vehicle,3,352
1581713199819,large_vehicle,0,339
1571182828358,large_vehicle,8,88
1580416578668,large_vehicle,8,50
1575039392146,small_vehicle,3,277
1579850014139,large_vehicle,3,154
1568401720829,large_vehicle,5,260
1584333105531,small_vehicle,1,99
1579669708154,large_vehicle,1,81
1574448157377,large_vehicle,6,81
1573065908027,small_vehicle,4,357
1565356013530,large_vehicle,8,79
1565081840424,small_vehicle,5,218
1586490343338,large_vehicle,0,110
1585118098455,small_vehicle,6,209
1585100023224,small_vehicle,4,215
1582909784153,small_vehicle,1,212
1581463243280,large_vehicle,3,125
1580886251542,small_vehicle,1,110
1577448515633,small_vehicle,8,296
1580018999277,small_vehicle,7,323
1565864362640,large_vehicle,10,211
1572121044318,small_vehicle,4,203
1583193030714,small_vehicle,10,8
1584429289356,large_vehicle,3,133
1572266747074,small_vehicle,8,272
1575269973154,large_vehicle,5,125
1585767896113,large_vehicle,2,86
1580009805713,large_vehicle,7,200
1575774568613,small_vehicle,5,342
1576961975962,small_vehicle,0,165
1569357873482,large_vehicle,0,73
1583789306624,small_vehicle,4,318
1575424282558,small_vehicle,6,351
1565521306511,large_vehicle,0,313
1574436539099,large_vehicle,1,59
1581449806350,small_vehicle,10,269
1564788063041,small_vehicle,10,107
1571212401711,large_vehicle,5,360
1580364520620,large_vehicle,1,95
1568433941392,large_vehicle,0,98
1583868339045,large_vehicle,10,202
1584973065719,large_vehicle,9,251
1582638963767,large_vehicle,3,262
1581031229215,large_vehicle,10,131
1569877420541,large_vehicle,5,149
1575172872614,small_vehicle,1,125
1569659090161,small_vehicle,1,244
1584070070307,large_vehicle,9,166
1584899404526,small_vehicle,10,230
1569466676465,small_vehicle,9,44
1578223012933,small_vehicle,9,42
1584720634662,small_vehicle,8,228
1580436556333,small_vehicle,4,93
1580154089379,small_vehicle,7,201
1583700385421,large_vehicle,0,213
1583525775751,small_vehicle,0,237
1572368836417,large_vehicle,4,53
1577924278269,small_vehicle,4,252
1580968513377,small_vehicle,7,110
1586658668578,small_vehicle,1,133
1581470326706,small_vehicle,4,51
1566838135024,small_vehicle,3,115
1582542457429,small_vehicle,7,66
1583493199248,large_vehicle,0,4
1582680134565,large_vehicle,7,318
1580801584772,large_vehicle,1,299
1580558600332,large_vehicle,9,331
1581461334201,small_vehicle,2,151
1565421932227,small_vehicle,3,253
1581164831918,large_vehicle,1,25
1586514581435,large_vehicle,2,288
1574236978702,large_vehicle,7,4
1585512682783,small_vehicle,6,292
1572623079803,small_vehicle,4,18
1568739096555,small_vehicle,9,68
1570650283030,small_vehicle,6,360
1571806569858,small_vehicle,6,344
1571957108321,large_vehicle,10,124
1567451796612,large_vehicle,0,304
1567156596691,small_vehicle,4,172
1583883832756,large_vehicle,9,161
1584381250620,large_vehicle,0,306
1577229313893,small_vehicle,0,26
1584486882148,large_vehicle,10,223
1574397037709,small_vehicle,1,224
1579932941356,small_vehicle,7,310
1579556892551,small_vehicle,5,283
1569669840181,small_vehicle,0,296
1577626536673,large_vehicle,1,152
1575231823570,large_vehicle,0,334
1567217236497,small_vehicle,5,138
1565802089776,small_vehicle,2,328
1566764481909,small_vehicle,3,164
1577130185598,large_vehicle,3,268
1585978604053,small_vehicle,8,44
1577934948346,small_vehicle,6,251
1566747825126,small_vehicle,8,2
1578774032583,large_vehicle,0,191
1578381779023,large_vehicle,0,11
1565550004667,small_vehicle,8,67
1569538585683,large_vehicle,9,165
1576419036416,small_vehicle,5,278
1573531776654,large_vehicle,5,208
1571275025281,small_vehicle,9,166
1580972615107,large_vehicle,4,268
1577203333742,large_vehicle,3,315
1566417723420,large_vehicle,0,41
1582778551469,small_vehicle,8,67
1570600815579,large_vehicle,6,81
1578919285880,large_vehicle,5,195
1582804587600,large_vehicle,10,196
1585993777450,large_vehicle,6,150
1579877359637,large_vehicle,9,298
1584577518978,large_vehicle,2,211
1571095083815,large_vehicle,3,129
1580422416771,small_vehicle,0,86
1583214053768,large_vehicle,2,302
1573556139872,large_vehicle,8,38
1579165902140,small_vehicle,8,99
1574190313351,large_vehicle,3,326
1572979286346,small_vehicle,0,146
1578981687348,large_vehicle,6,304
1573826984946,small_vehicle,3,277
1576581018118,small_vehicle,10,254
1566387063151,small_vehicle,7,253
1581389941107,large_vehicle,9,294
1585908075708,large_vehicle,3,241
1575205519634,large_vehicle,0,279
1565813641916,small_vehicle,5,47
1565093606084,large_vehicle,0,181
1579511113004,small_vehicle,1,93
1568882839834,small_vehicle,4,5
1565235585946,large_vehicle,4,104
1585365149344,small_vehicle,6,310
1570123066666,small_vehicle,3,104
1566548105483,large_vehicle,7,121
1586180027239,small_vehicle,4,249
1584147641322,small_vehicle,3,249
1586274346049,small_vehicle,0,85
1584478153364,small_vehicle,4,290
1577388750511,small_vehicle,0,177
1565270881355,small_vehicle,2,338
1577518433062,large_vehicle,7,90
1573375642540,large_vehicle,10,313
1585212703798,small_vehicle,7,19
1569146973173,large_vehicle,6,292
1579603704906,small_vehicle,10,282
1581908218562,large_vehicle,5,261
1579020744472,large_vehicle,3,85
1572151555432,large_vehicle,7,249
1575915274562,small_vehicle,0,254
1583028078905,small_vehicle,4,28
1579746269636,small_vehicle,2,235
1584267901008,small_vehicle,8,279
1565134628268,small_vehicle,8,148
1583227701716,small_vehicle,2,264
1569820597683,large_vehicle,1,295
1586355546302,large_vehicle,0,325
1578943061341,small_vehicle,6,303
1571333845898,large_vehicle,0,136
1575159328548,large_vehicle,9,104
1567463336136,large_vehicle,8,352
1582070617342,large_vehicle,5,336
1573195632468,small_vehicle,3,21
1585873277067,small_vehicle,1,187
1568137686785,small_vehicle,8,63
1576211616687,large_vehicle,10,353
1567309673510,large_vehicle,10,25
1573452034202,small_vehicle,1,350
1576219368187,large_vehicle,4,214
1585615029174,large_vehicle,8,208
1573081169438,small_vehicle,7,118
1564923310149,small_vehicle,2,218
1582428269591,small_vehicle,2,208
1579870495306,small_vehicle,3,79
1577900125053,large_vehicle,6,28
1572719644776,small_vehicle,8,158
1575577664470,large_vehicle,9,161
1569606489869,large_vehicle,4,42
1576094063283,large_vehicle,5,15
1566289989983,small_vehicle,4,67
1568352310912,large_vehicle,0,335
1585691384378,small_vehicle,0,184
1575224818499,small_vehicle,10,112
1585975846883,large_vehicle,8,329
1565046177476,small_vehicle,5,147
1585679669090,small_vehicle,3,344
1570129259543,small_vehicle,4,96
1571491955348,large_vehicle,4,112
1575943528960,small_vehicle,4,145
1585888586129,large_vehicle,10,129
1572676708956,large_vehicle,10,297
1577931094243,large_vehicle,5,249
1567509116019,large_vehicle,0,74
1576675787429,small_vehicle,7,43
1565375055188,small_vehicle,9,250
1572390375494,small_vehicle,5,71
1571190907109,small_vehicle,0,284
1569616078705,small_vehicle,3,224
1577187582315,large_vehicle,3,322
1567805260838,small_vehicle,6,89
1585029110726,large_vehicle,10,168
1579139755409,large_vehicle,4,267
1582158776424,large_vehicle,10,267
1564860428207,small_vehicle,5,184
1565645166353,small_vehicle,0,270
1574388228155,large_vehicle,2,85
1586059978249,large_vehicle,4,297
1576448282976,large_vehicle,4,226
1583296509747,small_vehicle,8,174
1582279071768,large_vehicle,5,187
1583619378975,large_vehicle,10,184
1581579008309,large_vehicle,4,340
1584446882449,large_vehicle,7,18
1580326009957,small_vehicle,9,245
1576082348631,large_vehicle,9,57
1583250145951,small_vehicle,0,250
1586609794863,large_vehicle,5,67
1573896914526,large_vehicle,8,170
1571383898158,small_vehicle,10,330
1582995018837,large_vehicle,3,49
1585163460422,large_vehicle,10,61
1586683075282,large_vehicle,8,342
1579369277595,small_vehicle,0,282
1584082907839,small_vehicle,7,15
1583450495995,small_vehicle,3,356
1577205759831,large_vehicle,2,85
1571912930985,large_vehicle,6,272
1570334031439,large_vehicle,1,157
1580234975941,large_vehicle,0,62
1570353440106,large_vehicle,2,204
1580729644498,large_vehicle,9,154
1579570291403,small_vehicle,4,50
1570537125051,large_vehicle,9,101
1576592939718,small_vehicle,9,173
1572762243823,large_vehicle,3,204
1584971110126,large_vehicle,10,302
1567721631590,large_vehicle,2,254
1575979185674,small_vehicle,7,67
1576257919356,large_vehicle,0,254
1575016020746,small_vehicle,0,129
1582596287094,large_vehicle,7,115
1582177640710,small_vehicle,4,185
1567343329121,large_vehicle,7,64
1570432396703,small_vehicle,9,345
1570750908744,large_vehicle,2,43
1578884722704,small_vehicle,9,233
1573453600252,small_vehicle,4,230
1569229335918,small_vehicle,5,284
1574806461871,large_vehicle,2,298
1578535012733,small_vehicle,10,231
1572283758853,small_vehicle,7,65
1586069614365,small_vehicle,8,108
1576198018371,small_vehicle,10,179
1583072449090,small_vehicle,6,0
1572899462809,large_vehicle,10,346
1566523013515,small_vehicle,5,110
1578903973031,small_vehicle,6,132
1581194761128,small_vehicle,1,228
1573351832821,small_vehicle,1,92
1573750941803,large_vehicle,9,262
1578022842512,small_vehicle,0,341
1578834584994,large_vehicle,4,138
1584024516835,small_vehicle,2,270
1568128483073,small_vehicle,3,164
1573753243974,small_vehicle,3,62
1585197314197,large_vehicle,8,253
1584070416455,large_vehicle,2,248
1586484380985,small_vehicle,9,240
1583285513236,small_vehicle,1,242
1581564563582,small_vehicle,7,225
1570933776608,small_vehicle,8,134
1583349689017,small_vehicle,5,90
1578057417678,large_vehicle,10,99
1585377378948,large_vehicle,4,80
1579610838255,large_vehicle,10,304
1569767851644,small_vehicle,5,216
1583777865509,small_vehicle,9,207
1570043764612,small_vehicle,5,256
1583218697185,small_vehicle,10,244
1582804540885,small_vehicle,7,78
1573532740898,small_vehicle,6,290
1566862927618,large_vehicle,7,222
1577428537925,large_vehicle,4,27
1575916395669,small_vehicle,7,195
1576154906028,large_vehicle,1,7
1585613833521,small_vehicle,9,57
1579858643003,small_vehicle,0,273
1583800381195,small_vehicle,6,58
1567079904888,large_vehicle,6,102
1577492486708,small_vehicle,10,199
1568201234458,large_vehicle,10,355
1578885420901,large_vehicle,3,160
1572976708828,large_vehicle,4,203
1584717516919,large_vehicle,7,357
1585756988400,small_vehicle,7,270
1565749765340,small_vehicle,0,167
1575528440045,large_vehicle,0,310
1572285135825,large_vehicle,7,133
1579541219074,small_vehicle,6,335
1566708536697,small_vehicle,9,301
1568246572632,small_vehicle,4,244
1576199710629,small_vehicle,8,22
1584051280461,small_vehicle,2,313
1581345002588,large_vehicle,7,87
1580496341879,small_vehicle,4,27
1565461571334,small_vehicle,1,266
1585035299498,large_vehicle,6,111
1580958065068,large_vehicle,7,306
1570919701191,large_vehicle,9,89
1567458631520,large_vehicle,9,28
1570055964936,small_vehicle,4,230
1577781097032,large_vehicle,9,71
1566227038554,large_vehicle,5,59
1568270961049,large_vehicle,4,13
1566772906096,large_vehicle,9,276
1567785078610,large_vehicle,3,292
1575442237110,large_vehicle,1,110
1572311639244,small_vehicle,6,99
1569512120777,small_vehicle,10,18
1584557718090,small_vehicle,5,86
1567015806731,large_vehicle,4,97
1566307232775,small_vehicle,1,165
1581429332235,large_vehicle,7,281
1576624294160,small_vehicle,2,132
1565956762347,small_vehicle,0,25
1579393165716,large_vehicle,0,124
1582241412308,small_vehicle,0,203
1572715116443,small_vehicle,0,234
1571873500165,small_vehicle,3,7
1586661984667,large_vehicle,8,321
1571630126227,large_vehicle,1,250
1564951569986,small_vehicle,8,16
1576369638229,large_vehicle,8,169
1567032358934,small_vehicle,7,192
1569746371609,large_vehicle,4,221
1569761529806,small_vehicle,7,57
1574888784200,large_vehicle,9,75
1579680877128,small_vehicle,4,44
1567461559343,large_vehicle,1,11
1573136696488,small_vehicle,3,353
1586624667282,small_vehicle,0,273
1578013331984,small_vehicle,5,167
1574989828394,large_vehicle,8,23
1572385240796,small_vehicle,2,15
1566142067620,small_vehicle,7,286
1579800426096,large_vehicle,8,234
1586710917221,large_vehicle,2,194
1567945931314,large_vehicle,2,276
1585316341779,large_vehicle,2,41
1567217160286,small_vehicle,0,292
1583547455145,small_vehicle,6,207
1585149118971,small_vehicle,0,161
1572417874235,small_vehicle,2,266
1568874666379,small_vehicle,9,308
1575506728101,small_vehicle,8,141
1570060954841,small_vehicle,3,326
1584048197420,small_vehicle,10,288
1573662989421,large_vehicle,5,123
1576135102096,small_vehicle,6,10
1574480337438,large_vehicle,6,190
1575001326619,large_vehicle,2,193
1572444570610,large_vehicle,5,228
1578029452763,large_vehicle,6,299
1568745623743,small_vehicle,1,247
1578616218562,large_vehicle,7,119
1576861916046,large_vehicle,6,189
1584421030372,large_vehicle,10,285
1586062889137,small_vehicle,9,101
1575216188346,small_vehicle,5,246
1586612503590,large_vehicle,0,212
1571561026264,large_vehicle,2,37
1577438277948,small_vehicle,4,264
1565790127781,large_vehicle,7,6
1582733703815,large_vehicle,9,333
1578123354718,small_vehicle,5,19
1565290214679,large_vehicle,8,327
1586540766475,small_vehicle,3,277
1581446495110,large_vehicle,2,48
1572615426613,small_vehicle,1,211
1586036394810,large_vehicle,0,84
1577793910954,large_vehicle,0,342
1566387059809,large_vehicle,1,17
1579326193325,large_vehicle,8,245
1568685504765,large_vehicle,9,188
1572040501667,small_vehicle,2,21
1574541764509,large_vehicle,5,149
1585078641065,small_vehicle,2,151
1584722618241,large_vehicle,0,148
1577805390507,small_vehicle,6,55
1576531499501,small_vehicle,3,291
1570722792063,large_vehicle,7,345
1575792029147,small_vehicle,0,343
1584558299618,large_vehicle,6,31
1580818232036,small_vehicle,5,38
1572180896501,large_vehicle,7,328
1578736536680,small_vehicle,7,284
1584552388899,small_vehicle,2,327
1573639606470,small_vehicle,5,284
1583486185327,small_vehicle,3,266
1570725073577,small_vehicle,1,324
1568678164929,large_vehicle,9,355
1567050740497,large_vehicle,5,130
1583385056205,large_vehicle,10,128
1581275549397,small_vehicle,0,178
1573696724397,large_vehicle,3,23
1576198274959,small_vehicle,8,85
1579139453253,small_vehicle,7,239
1566390410477,small_vehicle,5,3
1580737221942,small_vehicle,8,26
1577872226092,small_vehicle,8,76
1581613742881,large_vehicle,10,247
1566613165884,large_vehicle,3,205
1578363084914,small_vehicle,5,167
1568838429532,large_vehicle,0,239
1571096375015,small_vehicle,8,37
1584033460418,small_vehicle,2,106
1579582525887,small_vehicle,8,227
1580401382154,small_vehicle,7,313
1586273179438,large_vehicle,10,13
1565072265857,large_vehicle,8,204
1581982843294,small_vehicle,0,173
1566019410116,small_vehicle,5,302
1566098788264,small_vehicle,2,329
1570815904482,small_vehicle,10,60
1568139881275,small_vehicle,6,342
1573123515176,large_vehicle,8,25
1580918400442,small_vehicle,10,47
1564875203786,small_vehicle,3,327
1570131885754,small_vehicle,5,20
1578692627287,large_vehicle,5,210
1578572896776,small_vehicle,7,151
1583859877592,large_vehicle,6,257
1577472161682,large_vehicle,2,100
1575236643060,small_vehicle,6,293
1582683226855,small_vehicle,5,9
1579918010484,small_vehicle,7,102
1580731548236,large_vehicle,2,283
1583085993842,small_vehicle,6,255
1564858144265,large_vehicle,4,87
1569936621249,small_vehicle,1,179
1574091870894,small_vehicle,5,147
1583496532146,small_vehicle,1,61
1583037811532,large_vehicle,1,140
1580721773863,large_vehicle,6,100
1572431062114,large_vehicle,9,294
1568400417030,large_vehicle,7,223
1584088224764,small_vehicle,7,41
1567427840210,large_vehicle,2,274
1582755151169,large_vehicle,8,59
1584042370087,small_vehicle,6,338
1585305629034,small_vehicle,1,83
1582728652960,large_vehicle,3,264
1574060676075,large_vehicle,8,171
1564658558220,small_vehicle,7,96
1580153654849,large_vehicle,3,210
1568113190840,large_vehicle,6,44
1575481260862,large_vehicle,10,96
1576812740092,large_vehicle,7,279
1566915395481,large_vehicle,6,55
1571343529476,large_vehicle,7,196
1575882986025,large_vehicle,9,64
1580574131965,small_vehicle,4,317
1575223801480,small_vehicle,8,134
1572594362219,small_vehicle,4,326
1568882355837,large_vehicle,8,36
1569197987383,large_vehicle,4,23
1584648068766,small_vehicle,2,182
1573939348574,small_vehicle,0,324
1570403945344,large_vehicle,2,80
1578087252965,large_vehicle,8,296
1572835427737,small_vehicle,0,324
1571351947259,large_vehicle,8,106
1572101617768,large_vehicle,5,295
1585790727416,small_vehicle,4,293
1586403780904,small_vehicle,4,341
1574125499127,small_vehicle,8,268
1583321444915,small_vehicle,9,105
1572588775126,large_vehicle,3,357
1565402298434,small_vehicle,10,233
1565099183207,small_vehicle,0,281
1567984294005,small_vehicle,8,174
1585822958976,small_vehicle,10,139
1580773525897,small_vehicle,2,150
1575266936621,large_vehicle,4,302
1571638529514,small_vehicle,2,23
1565055846059,small_vehicle,2,52
1579163011618,large_vehicle,9,64
1574013325530,large_vehicle,3,130
1574360253797,large_vehicle,1,275
1574873312703,small_vehicle,6,239
1577446515894,large_vehicle,7,267
1581158421205,large_vehicle,1,292
1568715379403,large_vehicle,8,192
1579733744439,small_vehicle,1,140
1569680352449,large_vehicle,10,317
1568671340837,small_vehicle,3,201
1580721780877,small_vehicle,1,344
1585852752514,large_vehicle,3,184
1565663018422,large_vehicle,2,237
1571780273382,large_vehicle,3,213
1583786393620,large_vehicle,2,266
1586430345229,small_vehicle,1,81
1577778269201,large_vehicle,8,67
1586670389380,large_vehicle,4,209
1585021669821,large_vehicle,4,105
1564766566216,small_vehicle,2,286
1572912532897,small_vehicle,10,308
1580259826159,large_vehicle,4,343
1583003276068,large_vehicle,5,214
1584653424616,large_vehicle,0,201
1575630806308,small_vehicle,10,169
1574240808499,small_vehicle,0,334
1568903342519,large_vehicle,1,269
1579843314103,small_vehicle,0,34
1584642123681,small_vehicle,10,247
1579121006545,small_vehicle,9,0
1574722190748,small_vehicle,8,289
1566878524140,small_vehicle,4,78
1586122305936,small_vehicle,1,347
1575535364716,large_vehicle,9,332
1585984700532,small_vehicle,5,320
1566467959714,small_vehicle,6,302
1571520944886,small_vehicle,10,51
1572969257936,large_vehicle,3,5
1565832443280,large_vehicle,2,83
1583914963696,small_vehicle,9,35
1582463591022,small_vehicle,2,99
1571196726816,large_vehicle,1,100
1582211907319,large_vehicle,7,339
1565716973908,large_vehicle,10,347
1566640110050,small_vehicle,2,144
1578787836561,small_vehicle,0,84
1579190253619,small_vehicle,2,344
1574184501164,small_vehicle,0,248
1583167230995,large_vehicle,0,154
1585232042811,small_vehicle,0,130
1578081991522,large_vehicle,9,269
1569419828712,small_vehicle,9,302
1572563601374,small_vehicle,2,167
1579584832996,small_vehicle,4,129
1575403310347,small_vehicle,6,248
1582569003533,large_vehicle,1,153
1569479226832,small_vehicle,10,209
1573544117997,large_vehicle,0,53
1575792398670,small_vehicle,0,69
1583955470677,large_vehicle,9,158
1577635917973,small_vehicle,4,347
1577164606227,small_vehicle,10,43
1566510938819,small_vehicle,7,91
1574920847647,small_vehicle,1,12
1581876071039,small_vehicle,10,221
1586615743369,small_vehicle,3,286
1584264588025,large_vehicle,9,148
1564755873782,large_vehicle,3,137
1582885758056,small_vehicle,10,103
1568426779357,small_vehicle,7,45
1586534848859,small_vehicle,8,340
1564897478355,large_vehicle,8,266
1564820378303,small_vehicle,3,222
1578144639255,small_vehicle,0,13
1571845641445,large_vehicle,1,53
1573772657353,large_vehicle,7,8
1568158689812,small_vehicle,10,233
1580579027483,large_vehicle,0,175
1568664923260,large_vehicle,0,145
1570614817440,large_vehicle,4,68
1573941958396,small_vehicle,6,298
1571887714901,large_vehicle,10,278
1584197980729,large_vehicle,10,106
1583361602037,large_vehicle,3,170
1575337357122,small_vehicle,8,214
1581054253281,small_vehicle,2,80
1570538051920,small_vehicle,2,309
1570145392503,large_vehicle,4,153
1572848423538,large_vehicle,0,256
1574389307053,small_vehicle,10,198
1582838572577,large_vehicle,6,276
1579842439824,small_vehicle,3,306
1581077575214,small_vehicle,2,265
1574972748849,small_vehicle,9,280
1584536443502,small_vehicle,5,13
1566500696670,small_vehicle,0,97
1579370513877,large_vehicle,0,296
1580383948575,large_vehicle,2,258
1578082043172,large_vehicle,1,298
1585028688768,small_vehicle,4,259
1585821404347,large_vehicle,4,234
1565843852220,large_vehicle,9,279
1568503622634,small_vehicle,6,65
1581882689969,small_vehicle,3,358
1579512383359,small_vehicle,4,218
1580253006198,large_vehicle,8,125
1565495696398,large_vehicle,9,232
1585428560949,small_vehicle,2,23
1573482688742,small_vehicle,8,208
1571106520189,small_vehicle,6,264
1566927375969,large_vehicle,9,141
1566714800307,large_vehicle,7,240
1570966227547,small_vehicle,5,7
1578773058547,large_vehicle,2,60
1582273046541,large_vehicle,6,324
1565844339385,small_vehicle,2,67
1573140363310,small_vehicle,8,0
1570583069213,small_vehicle,2,128
1567524522361,small_vehicle,0,66
1579777086092,large_vehicle,10,193
1566735556787,large_vehicle,7,142
1578899851319,small_vehicle,0,86
1584804401178,large_vehicle,2,318
1579051046585,large_vehicle,1,36
1569971222091,large_vehicle,4,193
1582357515661,small_vehicle,6,147
1578507217372,small_vehicle,2,48
1575431157225,small_vehicle,4,33
1577742877424,small_vehicle,1,243
1583950426417,small_vehicle,1,190
1570759051977,small_vehicle,2,340
1566494969010,large_vehicle,4,208
1570685065895,small_vehicle,10,127
1575314248931,small_vehicle,8,128
1570104813800,small_vehicle,2,208
1583443710201,large_vehicle,9,277
1585935487593,small_vehicle,0,113
1580445540089,large_vehicle,10,323
1569403895774,large_vehicle,8,107
1585138811351,small_vehicle,2,172
1579931583142,large_vehicle,8,341
1572018405639,small_vehicle,10,137
1565007666563,large_vehicle,3,325
1569993873843,small_vehicle,4,144
1582574417467,small_vehicle,7,95
1573081013080,large_vehicle,2,310
1586267051696,large_vehicle,10,90
1574053919003,small_vehicle,6,24
1572486017225,small_vehicle,9,254
1581437849587,large_vehicle,2,188
1578583374402,small_vehicle,7,207
1581177372324,small_vehicle,0,283
1564734603579,large_vehicle,0,343
1577466691530,small_vehicle,2,129
1584565298999,large_vehicle,10,67
1586597662149,small_vehicle,3,198
1583538234144,large_vehicle,0,16
1570626298510,small_vehicle,0,26
1567151429439,small_vehicle,6,202
1564799880009,small_vehicle,4,143
1569423240461,large_vehicle,1,145
1570895515573,small_vehicle,3,230
1573320882522,small_vehicle,5,145
1580686944676,small_vehicle,10,339
1573845419423,small_vehicle,9,216
1572142916402,small_vehicle,4,236
1581894563374,large_vehicle,4,55
1573138420116,small_vehicle,4,352
1577727844402,small_vehicle,10,44
1570312557988,large_vehicle,10,214
1572464090993,small_vehicle,4,165
1566485577517,large_vehicle,9,196
1568853596815,large_vehicle,5,82
1582165292385,small_vehicle,5,326
1566862978604,small_vehicle,2,126
1574510913620,small_vehicle,4,189
1586642116327,large_vehicle,1,46
1581091655503,small_vehicle,8,206
1577585988638,large_vehicle,6,211
1579167345421,small_vehicle,9,92
1568652589024,large_vehicle,7,215
1577645587047,small_vehicle,9,202
1586677617329,large_vehicle,10,260
1564930443685,large_vehicle,3,141
1586488711746,large_vehicle,3,292
1572379137035,large_vehicle,1,14
1572949132982,small_vehicle,5,137
1567752201991,large_vehicle,9,285
1577055577652,small_vehicle,4,337
1576668749460,large_vehicle,3,143
1585993221268,large_vehicle,6,192
1585531199939,small_vehicle,1,360
1583880849225,small_vehicle,8,41
1576708651214,small_vehicle,9,112
1566494588959,small_vehicle,2,174
1585127190505,small_vehicle,8,129
1569729336228,small_vehicle,10,43
1575544260932,small_vehicle,4,78
1585953112978,small_vehicle,2,16
1569229599918,large_vehicle,9,341
1583723957404,small_vehicle,6,165
1578030733373,large_vehicle,5,0
1581965898605,large_vehicle,3,228
1574982045283,large_vehicle,9,196
1579181027628,small_vehicle,9,210
1569588795418,large_vehicle,3,249
1579851131850,large_vehicle,2,258
1585770260451,large_vehicle,7,86
1564756238773,small_vehicle,10,358
1579422677627,large_vehicle,0,109
1576182543183,small_vehicle,10,324
1574457334353,large_vehicle,9,44
1565498666341,small_vehicle,9,289
1576337494864,small_vehicle,3,93
1582453356644,large_vehicle,1,310
1586379973909,small_vehicle,3,262
1569664774504,large_vehicle,5,353
1565388212661,small_vehicle,6,238
1576682178922,small_vehicle,2,268
1586286060695,large_vehicle,1,71
1564724874758,large_vehicle,10,90
1583863935956,large_vehicle,3,352
1573624169997,small_vehicle,2,78
1574885560960,large_vehicle,1,38
1565470940723,small_vehicle,2,50
1564717895311,large_vehicle,2,214
1586670826107,small_vehicle,9,99
1568812939905,small_vehicle,2,249
1579459603910,large_vehicle,2,80
1584637877526,large_vehicle,1,157
1565565628490,small_vehicle,1,316
1582387551039,small_vehicle,9,75
1573763837197,large_vehicle,10,39
1571849519688,small_vehicle,2,251
1575687917250,small_vehicle,10,65
1582359771921,large_vehicle,1,160
1578256061061,large_vehicle,8,62
1579340436384,large_vehicle,10,278
1569188761318,large_vehicle,6,326
1574117279809,large_vehicle,3,313
1576365295766,small_vehicle,1,206
1586335277442,small_vehicle,8,327
1576676316516,small_vehicle,3,326
1575650387568,small_vehicle,7,23
1583752582065,small_vehicle,9,45
1568375740895,large_vehicle,7,264
1573105810257,large_vehicle,2,150
1565899932006,small_vehicle,3,346
1565501583616,small_vehicle,8,349
1573915274916,large_vehicle,9,69
1575447355388,large_vehicle,9,108
1573959208814,large_vehicle,7,226
1573365972131,large_vehicle,6,276
1567730478340,small_vehicle,9,33
1567274535226,small_vehicle,2,3
1585843543996,large_vehicle,2,346
1567905777163,large_vehicle,3,312
1565539652105,small_vehicle,10,298
1569657081816,large_vehicle,7,118
1584807416840,small_vehicle,3,206
1565319016775,large_vehicle,6,35
1573875765868,small_vehicle,4,96
1579045079750,large_vehicle,4,258
1584589703221,large_vehicle,1,342
1579407132319,small_vehicle,5,48
1583815713177,small_vehicle,0,350
1581465212607,large_vehicle,1,51
1574175232153,large_vehicle,0,45
1586572228778,small_vehicle,6,102
1565910963870,small_vehicle,9,7
1576037443865,large_vehicle,5,300
1585660144339,small_vehicle,2,336
1569526014154,small_vehicle,6,235
1568122343769,large_vehicle,4,297
1565261433578,large_vehicle,1,287
1583284399505,large_vehicle,2,274
1572784893157,small_vehicle,2,135
1581774381947,small_vehicle,5,289
1574945200761,small_vehicle,10,274
1568921301496,small_vehicle,1,141
1580929414769,small_vehicle,1,10
1585924704446,large_vehicle,9,41
1569266682017,large_vehicle,4,356
1586530610279,small_vehicle,2,337
1576605451144,small_vehicle,7,48
1585341118648,small_vehicle,10,217
1570495973280,small_vehicle,1,171
1581880365267,small_vehicle,6,131
1584853451742,small_vehicle,0,321
1573307025034,small_vehicle,3,179
1574957268570,small_vehicle,10,25
1582134256135,large_vehicle,9,174
1583714495047,large_vehicle,8,119
1571031196194,large_vehicle,1,69
1577269412832,large_vehicle,2,128
1579309780325,small_vehicle,8,16
1565343613275,large_vehicle,5,251
1585585705140,large_vehicle,9,97
1573789797038,small_vehicle,2,323
1584143821782,large_vehicle,4,360
1571116408365,small_vehicle,5,289
1586445140502,large_vehicle,0,151
1579853798297,large_vehicle,2,68
1579871602618,small_vehicle,4,126
1575524831469,large_vehicle,6,341
1584395414396,small_vehicle,8,241
1582290530094,large_vehicle,1,98
1580915568179,large_vehicle,5,12
1569610198206,large_vehicle,6,116
1569237100236,large_vehicle,9,266
1568038726783,large_vehicle,5,173
1585998402419,small_vehicle,8,305
1574085878601,small_vehicle,3,358
1568424437527,small_vehicle,9,40
1565305046038,large_vehicle,3,165
1565723572146,large_vehicle,2,192
1567149730874,small_vehicle,10,223
1564938204177,small_vehicle,9,17
1567733737349,large_vehicle,2,213
1568867562033,large_vehicle,1,294
1583903889806,small_vehicle,0,302
1581591751531,small_vehicle,2,70
1570763758286,large_vehicle,1,260
1565645213377,large_vehicle,2,95
1568616724717,small_vehicle,9,268
1576692956320,small_vehicle,2,82
1576894464049,small_vehicle,2,195
1572407372896,small_vehicle,0,325
1570675643502,small_vehicle,5,65
1581263734433,small_vehicle,10,185
1569950272789,small_vehicle,1,116
1582012393203,small_vehicle,3,239
1575340205070,large_vehicle,6,45
1574117971139,small_vehicle,7,31
1572054847954,large_vehicle,6,51
1579518199467,small_vehicle,2,342
1575417109674,large_vehicle,4,168
1584262819603,small_vehicle,10,332
1566257435340,small_vehicle,4,149
1578613732896,small_vehicle,8,307
1568522788663,small_vehicle,3,259
1569773804578,small_vehicle,8,216
1573597383647,small_vehicle,0,139
1574952985125,small_vehicle,4,182
1576067351613,large_vehicle,2,89
1586024738339,small_vehicle,0,118
1576706692391,small_vehicle,9,145
1583565046595,large_vehicle,0,289
1580812909458,large_vehicle,3,257
1570083159205,large_vehicle,0,76
1577124972975,large_vehicle,8,88
1583399880820,small_vehicle,6,277
1578919567304,large_vehicle,9,74
1571847654441,small_vehicle,9,236
1573647037855,small_vehicle,8,59
1573467971876,large_vehicle,8,280
1572855270088,large_vehicle,1,192
1581773720815,small_vehicle,1,117
1566836459146,large_vehicle,8,225
1584664544588,large_vehicle,0,32
1576793758400,large_vehicle,5,118
1586555521675,small_vehicle,0,27
1573484752373,small_vehicle,0,109
1568905433133,large_vehicle,0,127
1567129606534,small_vehicle,3,49
1581892313199,small_vehicle,7,1
1582467151810,large_vehicle,5,105
1570092871882,small_vehicle,0,13
1570091062964,small_vehicle,5,97
1584919349401,large_vehicle,10,162
1570924268786,large_vehicle,5,151
1567626039037,large_vehicle,1,212
1569294864373,large_vehicle,1,218
1579810941918,large_vehicle,10,250
1580430063791,small_vehicle,10,236
1574474640350,small_vehicle,3,278
1584852134976,small_vehicle,2,256
1583259394154,large_vehicle,5,283
1579850063364,small_vehicle,1,109
1565312587359,large_vehicle,10,260
1574681538333,large_vehicle,9,275
1575167050529,small_vehicle,0,338
1583073856705,small_vehicle,2,192
1566998846384,large_vehicle,9,240
1578370624762,large_vehicle,9,278
1575876123948,small_vehicle,1,354
1574015993391,small_vehicle,7,220
1583148502083,small_vehicle,3,43
1571265307376,small_vehicle,9,269
1576198282591,small_vehicle,4,167
1569920876842,small_vehicle,6,101
1566720972736,small_vehicle,5,159
1575195105207,small_vehicle,5,42
1585850665838,small_vehicle,8,11
1581960422130,small_vehicle,8,337
1570730272013,large_vehicle,0,235
1581755716632,large_vehicle,0,238
1580406261427,small_vehicle,8,65
1584623699099,small_vehicle,0,339
1576944898610,small_vehicle,0,288
1570256207360,large_vehicle,9,121
1577360323476,small_vehicle,10,176
1577817938726,small_vehicle,5,213
1571770101516,small_vehicle,2,135
1569959900060,small_vehicle,4,289
1583573899889,large_vehicle,0,237
1586443471549,large_vehicle,3,160
1574639138880,small_vehicle,2,323
1566337112684,small_vehicle,6,23
1565528127977,small_vehicle,2,244
1573913800907,small_vehicle,4,34
1565838891944,large_vehicle,6,166
1586226242930,small_vehicle,4,243
1585566754879,large_vehicle,6,2
1581840803177,small_vehicle,5,214
1577682823326,small_vehicle,8,72
1582025878814,small_vehicle,7,118
1574118503378,small_vehicle,10,322
1578987473427,large_vehicle,10,119
1576802287694,large_vehicle,4,35
1573897098302,large_vehicle,8,180
1581273837941,large_vehicle,6,68
1572013413989,small_vehicle,3,27
1568451915401,small_vehicle,1,208
1581155178250,small_vehicle,8,83
1581224740875,large_vehicle,9,119
1566306749791,small_vehicle,2,355
1575758684128,large_vehicle,2,114
1583155891419,small_vehicle,1,243
1577551406313,large_vehicle,8,68
1581481057027,large_vehicle,2,282
1584146019049,small_vehicle,6,110
1578994002360,large_vehicle,1,135
1571254956860,small_vehicle,0,55
1569083392029,large_vehicle,7,35
1581910427067,large_vehicle,8,288
1577271829726,large_vehicle,10,266
1580770599255,small_vehicle,2,36
1564715719908,small_vehicle,7,228
1570923712997,small_vehicle,10,212
1584119990164,small_vehicle,7,160
1565185425584,small_vehicle,10,114
1573163120948,large_vehicle,8,75
1583768908373,small_vehicle,5,232
1584759270061,large_vehicle,0,308
1565734517810,small_vehicle,5,353
1572860772788,small_vehicle,9,20
1585158825932,large_vehicle,3,58
1579386801154,small_vehicle,9,67
1570614032470,small_vehicle,10,358
1581734339256,large_vehicle,2,4
1584123325325,large_vehicle,6,217
1564758507452,small_vehicle,3,159
1580279593847,small_vehicle,0,15
1575248215676,small_vehicle,10,149
1565563831526,large_vehicle,7,239
1574207010052,small_vehicle,0,135
1579561072189,large_vehicle,3,108
1583345704710,small_vehicle,5,345
1583003544238,small_vehicle,9,231
1566261928687,small_vehicle,10,128
1571336196992,small_vehicle,7,359
1572324418123,small_vehicle,3,52
1582869037874,large_vehicle,6,295
1573100610441,large_vehicle,6,90
1575548040009,large_vehicle,9,216
1575450327520,large_vehicle,4,77
1570528413814,small_vehicle,8,230
1581717006218,large_vehicle,8,160
1565052221445,small_vehicle,0,199
1569817670963,small_vehicle,6,266
1574875158819,small_vehicle,7,339
1577630424749,small_vehicle,7,340
1581459219961,small_vehicle,0,262
1570406171788,large_vehicle,7,26
1583662916372,large_vehicle,0,334
1580759504222,large_vehicle,6,33
1574865738744,small_vehicle,0,358
1577363639175,small_vehicle,0,25
1584707152839,large_vehicle,3,0
1575744285548,small_vehicle,10,94
1566969864045,large_vehicle,0,121
1583378371412,large_vehicle,0,314
1579748778869,small_vehicle,5,310
1564884930210,large_vehicle,2,135
1582474236143,small_vehicle,1,294
1576755836895,small_vehicle,2,37
1571116409663,large_vehicle,7,347
1573722853117,small_vehicle,10,321
1582999672199,large_vehicle,4,232
1566906167122,small_vehicle,6,84
1585581320128,small_vehicle,8,148
1569568425970,small_vehicle,7,265
1582368731638,large_vehicle,7,98
1583422487776,small_vehicle,10,301
1579492471114,large_vehicle,4,351
1573830714743,small_vehicle,1,27
1576317548341,large_vehicle,4,197
1586589006019,large_vehicle,7,166
1569203155341,small_vehicle,3,90
1573578950408,small_vehicle,3,129
1582656129967,small_vehicle,2,302
1576090389327,small_vehicle,2,250
1576588425962,large_vehicle,0,7
1566421609137,small_vehicle,3,246
