1579464589966,large_vehicle,4,44
1570252038244,large_vehicle,5,297
1578640106051,large_vehicle,5,306
1575683766329,large_vehicle,8,226
1585255497214,large_vehicle,5,103
1579192954634,small_vehicle,3,186
1585807384703,large_vehicle,6,87
1584728262415,large_vehicle,2,188
1568483850166,small_vehicle,9,242
1582001351347,small_vehicle,5,153
1567960538024,large_vehicle,1,82
1579001633659,small_vehicle,1,286
1586003995136,small_vehicle,4,161
1570858764793,small_vehicle,10,138
1566015585307,large_vehicle,7,298
1580133131729,small_vehicle,8,278
1565039029416,large_vehicle,9,33
1585184250785,large_vehicle,6,196
1568261352594,small_vehicle,0,322
1584215243834,small_vehicle,4,193
1568484270424,small_vehicle,9,313
1569119990080,large_vehicle,3,183
1566878041586,small_vehicle,0,301
1582404648815,large_vehicle,0,233
1574176194560,small_vehicle,1,356
1565862509797,large_vehicle,10,232
1584825394984,small_vehicle,8,237
1583745511351,small_vehicle,1,129
1586109023662,large_vehicle,2,327
1577219615798,small_vehicle,6,43
1583298179184,small_vehicle,6,269
1570268831644,small_vehicle,3,139
1584001819606,large_vehicle,4,293
1567934072717,small_vehicle,2,91
1579398837650,large_vehicle,10,321
1575441013671,large_vehicle,2,213
1583329615291,small_vehicle,6,236
1569255903139,large_vehicle,9,309
1584297377917,small_vehicle,7,83
1576727946535,large_vehicle,3,272
1586312731606,large_vehicle,8,117
1579688858912,large_vehicle,8,249
1585507652245,large_vehicle,2,134
1569026606615,large_vehicle,0,329
1579706533446,large_vehicle,2,316
1570840835016,large_vehicle,8,202
1566082657020,large_vehicle,3,165
1565834930082,small_vehicle,7,93
1586230111478,large_vehicle,9,54
1568119500545,small_vehicle,1,310
1581629803753,large_vehicle,10,318
1584632639174,small_vehicle,0,66
1570017911254,large_vehicle,2,139
1572392404065,small_vehicle,7,192
1581913562535,large_vehicle,2,178
1569171438940,small_vehicle,1,323
1575035123069,small_vehicle,10,13
1570179561028,small_vehicle,4,219
1584462840913,large_vehicle,9,336
1569494417218,small_vehicle,2,290
1571580989772,small_vehicle,0,244
1575987521686,large_vehicle,6,322
1577769301979,small_vehicle,8,266
1586711097510,large_vehicle,4,222
1585373612169,small_vehicle,9,328
1569406799399,small_vehicle,1,322
1575974428230,large_vehicle,3,24
1570077650645,small_vehicle,8,168
1568473455035,small_vehicle,6,35
1564997849607,small_vehicle,10,256
1568525227027,small_vehicle,5,343
1565511574355,large_vehicle,0,105
1574280472914,small_vehicle,5,26
1583422150971,small_vehicle,8,142
1573746903696,small_vehicle,5,251
1573711981330,large_vehicle,6,315
1584138271617,small_vehicle,8,116
1577877562811,large_vehicle,1,7
1578612404811,large_vehicle,9,18
1577100767384,large_vehicle,7,43
1574242251999,small_vehicle,2,68
1577937540543,large_vehicle,7,207
1582861762877,large_vehicle,10,51
1586340257824,small_vehicle,8,36
1577029729361,small_vehicle,3,303
1567810631544,large_vehicle,6,5
1569157052563,large_vehicle,7,79
1576643461706,large_vehicle,9,67
1572015349929,small_vehicle,3,220
1583656593315,small_vehicle,6,227
1565891142905,large_vehicle,10,301
1572386157576,small_vehicle,6,249
1567032595642,large_vehicle,10,342
1571574629475,small_vehicle,3,246
1567015974441,small_vehicle,1,196
1574242943230,small_vehicle,6,260
1583555009134,small_vehicle,4,330
1572971200167,large_vehicle,3,156
1578378400966,large_vehicle,0,184
1566627452528,large_vehicle,0,74
1580870299527,large_vehicle,8,247
1576428838689,small_vehicle,6,83
1567590218484,large_vehicle,1,6
1575906023035,small_vehicle,10,75
1566399937225,large_vehicle,8,204
1565825199281,small_vehicle,2,219
1575878775523,small_vehicle,2,259
1582723862083,small_vehicle,3,164
1585130528422,large_vehicle,5,203
1571919913952,small_vehicle,4,240
1571278824148,large_vehicle,9,104
1571871013169,large_vehicle,5,348
1569600809685,large_vehicle,0,19
1570434807334,small_vehicle,6,41
1583750882029,large_vehicle,0,346
1581288784001,large_vehicle,1,352
1566542906733,large_vehicle,5,168
1585150462568,small_vehicle,8,156
1565688766120,large_vehicle,3,271
1583800240261,small_vehicle,7,330
1578518073559,large_vehicle,4,296
1583812091751,large_vehicle,2,272
1579173358533,small_vehicle,2,224
1580295251733,large_vehicle,3,286
1571017247404,large_vehicle,10,168
1583281239947,large_vehicle,5,291
1570506099497,large_vehicle,0,180
1567819870655,large_vehicle,2,147
1565106788330,small_vehicle,8,302
1567549999987,large_vehicle,0,219
1575357863528,small_vehicle,3,1
1581160509939,small_vehicle,2,161
1567564146266,large_vehicle,3,231
1580338358333,small_vehicle,0,131
1564940312147,large_vehicle,9,177
1565003189092,small_vehicle,5,171
1571033551435,small_vehicle,9,66
1584200514932,large_vehicle,10,208
1577986144095,small_vehicle,7,137
1571874813379,large_vehicle,2,178
1581613836873,small_vehicle,7,45
1568014773098,small_vehicle,10,182
1585575780451,small_vehicle,1,2
1570670300579,large_vehicle,2,311
1585553218265,small_vehicle,3,3
1580284582845,large_vehicle,5,63
1575663630943,large_vehicle,10,245
1570654843256,large_vehicle,1,125
1567185329914,small_vehicle,0,86
1580866726234,large_vehicle,7,227
1576248101835,large_vehicle,5,109
1568613414451,small_vehicle,10,50
1570906735087,small_vehicle,0,287
1572442147248,large_vehicle,10,159
1577002676241,large_vehicle,6,119
1584919700093,large_vehicle,7,199
1578523570891,small_vehicle,9,110
1584681283046,small_vehicle,4,72
1568922843204,large_vehicle,6,107
1571750892647,small_vehicle,2,316
1568013587658,small_vehicle,9,187
1568375235785,large_vehicle,10,233
1576318511571,large_vehicle,8,265
1574757647045,small_vehicle,6,93
1571647702116,small_vehicle,0,71
1570756725465,small_vehicle,7,37
1579230572984,small_vehicle,1,224
1584038938548,small_vehicle,8,169
1569513452635,large_vehicle,1,152
1585269556936,small_vehicle,10,256
1571893875205,small_vehicle,0,270
1583505991206,large_vehicle,0,26
1582786309044,large_vehicle,1,296
1582267676243,small_vehicle,6,68
1579724720246,large_vehicle,4,184
1584364274118,large_vehicle,9,187
1578183658405,small_vehicle,9,359
1580389941876,large_vehicle,2,276
1585056905878,large_vehicle,10,299
1579807014448,large_vehicle,3,121
1582933114734,large_vehicle,8,202
1575649248051,large_vehicle,5,268
1579238623222,small_vehicle,0,103
1571588951141,large_vehicle,9,145
1568742287170,large_vehicle,0,294
1576167053584,small_vehicle,4,10
1577005472658,small_vehicle,2,115
1578788729660,small_vehicle,7,306
1578762650118,small_vehicle,7,284
1579414138944,large_vehicle,4,113
1565359169238,small_vehicle,2,146
1569720494668,large_vehicle,3,221
1576887744511,large_vehicle,10,252
1571448113567,large_vehicle,10,56
1584250173538,small_vehicle,4,99
1584905751968,small_vehicle,4,346
1583351828383,large_vehicle,2,237
1574846118101,small_vehicle,5,199
1579488385096,large_vehicle,8,61
1569955362480,large_vehicle,3,273
1571541596188,large_vehicle,4,19
1576279624622,large_vehicle,3,104
1575928838275,large_vehicle,10,15
1577896702930,small_vehicle,8,339
1566848435163,small_vehicle,6,80
1566194494302,large_vehicle,10,172
1571606451498,large_vehicle,2,212
1584231926658,small_vehicle,2,250
1581115028058,small_vehicle,10,231
1570687074433,small_vehicle,4,183
1577816689608,large_vehicle,2,88
1581023600130,small_vehicle,4,12
1567021570681,large_vehicle,0,191
1586495597717,large_vehicle,1,244
1569770488689,small_vehicle,6,334
1585888198795,large_vehicle,5,198
1572149060523,small_vehicle,7,112
1569053085348,large_vehicle,3,265
1571566644448,small_vehicle,5,306
1564764418146,small_vehicle,2,284
1583144242919,large_vehicle,1,114
1585649066000,large_vehicle,8,334
1579510326222,small_vehicle,0,73
1581153338958,small_vehicle,9,4
1566312592254,small_vehicle,2,278
1586352640586,large_vehicle,8,246
1568160391334,small_vehicle,0,275
1580015833376,large_vehicle,8,309
1570450809205,large_vehicle,4,165
1576095839489,large_vehicle,6,37
1567011825104,large_vehicle,0,304
1583469281702,large_vehicle,5,65
1579667456239,large_vehicle,10,122
1576409507510,small_vehicle,10,258
1575394598485,small_vehicle,2,43
1577831341615,small_vehicle,3,349
1569871327770,large_vehicle,2,214
1570399954346,small_vehicle,9,305
1584164687476,large_vehicle,0,22
1571967320927,small_vehicle,6,223
1581495043568,large_vehicle,2,34
1585389613038,large_vehicle,0,174
1568580006311,large_vehicle,5,300
1569583736227,large_vehicle,3,279
1576498186533,small_vehicle,10,55
1582056288875,large_vehicle,1,267
1577564249942,small_vehicle,2,41
1573252573813,large_vehicle,0,201
1566887300053,large_vehicle,4,353
1583162214443,large_vehicle,0,100
1583779586620,small_vehicle,9,186
1567915589544,large_vehicle,1,126
1582036860507,small_vehicle,5,89
1565241373952,large_vehicle,1,273
1577321666251,large_vehicle,0,33
1586666470360,large_vehicle,4,64
1564698386884,large_vehicle,3,139
1566758328554,small_vehicle,0,67
1579173085960,large_vehicle,4,321
1572929510986,large_vehicle,5,320
1584824571098,small_vehicle,2,271
1581860291826,large_vehicle,9,230
1564982186563,large_vehicle,9,178
1574170573395,large_vehicle,7,149
1586031111644,small_vehicle,3,272
1581006563807,small_vehicle,6,25
1569614043148,large_vehicle,10,191
1579575818500,small_vehicle,3,342
1582872918405,small_vehicle,7,162
1569266331310,large_vehicle,2,170
1580107868678,small_vehicle,10,204
1569065621680,small_vehicle,7,49
1572260044214,large_vehicle,5,58
1576662056511,large_vehicle,5,100
1582097505524,small_vehicle,3,320
1576877053029,small_vehicle,7,153
1574852967237,large_vehicle,8,323
1577269974419,small_vehicle,10,320
1578716800705,small_vehicle,5,229
1582462648247,small_vehicle,7,146
1575468727318,large_vehicle,5,297
1570419693104,small_vehicle,10,88
1568314801819,large_vehicle,6,290
1574426648211,small_vehicle,0,258
1578170867815,large_vehicle,7,9
1568418877968,large_vehicle,7,110
1584234091412,small_vehicle,4,137
1578199733960,large_vehicle,1,62
1570145159482,large_vehicle,6,184
1570170557234,small_vehicle,2,338
1569262115422,large_vehicle,4,190
1582843819140,small_vehicle,9,78
1569994884612,small_vehicle,7,34
1566152049936,large_vehicle,6,57
1576782115422,small_vehicle,0,268
1566229542574,large_vehicle,7,95
1582327442382,large_vehicle,3,162
1576539438623,large_vehicle,9,20
1582187862768,large_vehicle,9,119
1570622354275,small_vehicle,2,226
1565035172407,large_vehicle,9,109
1573169225023,large_vehicle,4,147
1579458564657,large_vehicle,0,223
1570339541482,large_vehicle,0,124
1578014802119,small_vehicle,5,34
1567436902374,small_vehicle,5,256
1577376723873,large_vehicle,6,34
1566836787560,large_vehicle,0,112
1569146771624,small_vehicle,5,179
1581278478503,large_vehicle,3,234
1568870417512,large_vehicle,7,84
1584121269715,small_vehicle,0,226
1569425070809,large_vehicle,8,160
1566603660096,large_vehicle,7,266
1571975553105,large_vehicle,0,114
1574501027593,large_vehicle,3,285
1569019069481,large_vehicle,5,216
1584495068730,large_vehicle,9,228
1576725955530,small_vehicle,9,276
1565359138090,small_vehicle,4,190
1570406938129,large_vehicle,3,317
1573437770009,large_vehicle,7,307
1566737075613,large_vehicle,6,190
1569820734717,large_vehicle,3,203
1566012090901,small_vehicle,8,131
1566956933295,large_vehicle,8,185
1579065298767,small_vehicle,1,172
1583393496217,small_vehicle,2,350
1583030373400,large_vehicle,4,135
1580598307199,small_vehicle,1,58
1575948231465,large_vehicle,0,231
1583215433401,small_vehicle,6,281
1580394169493,small_vehicle,1,163
1576857387791,small_vehicle,9,5
1568193538057,small_vehicle,4,21
1566310565734,small_vehicle,4,5
1579409414358,large_vehicle,8,35
1570399783043,large_vehicle,0,281
1579861350891,large_vehicle,0,110
1564665394886,large_vehicle,1,40
1577310565791,small_vehicle,0,352
1569345349712,large_vehicle,3,21
1582427945132,large_vehicle,10,262
1566997187469,large_vehicle,7,188
1581537595787,large_vehicle,4,191
1586574808756,small_vehicle,8,88
1583890748505,small_vehicle,2,142
1579401065865,small_vehicle,8,46
1566299300066,small_vehicle,2,297
1575458669430,small_vehicle,10,145
1567344559307,small_vehicle,1,10
1570124008412,small_vehicle,1,90
1577396920475,small_vehicle,1,349
1580816597692,small_vehicle,4,84
1582851908118,large_vehicle,6,31
1565609805817,large_vehicle,5,339
1583844867526,large_vehicle,6,121
1574857198873,small_vehicle,7,352
1585193221570,large_vehicle,7,314
1580420833705,large_vehicle,6,18
1564730457286,large_vehicle,2,34
1585391476788,small_vehicle,2,156
1570512866015,large_vehicle,2,132
1567385995956,small_vehicle,3,268
1573474628468,large_vehicle,8,141
1582989836246,large_vehicle,10,165
1585569796638,large_vehicle,5,303
1570625023310,small_vehicle,10,38
1570482365547,small_vehicle,7,100
1569255787216,large_vehicle,2,182
1584029387912,small_vehicle,6,226
1575700825836,small_vehicle,0,100
1568660319444,large_vehicle,2,225
1585571119106,small_vehicle,6,312
1573004510998,small_vehicle,6,285
1572965644348,small_vehicle,9,127
1575107195532,small_vehicle,1,34
1565660379705,large_vehicle,8,352
1573023904914,large_vehicle,9,349
1574448275651,large_vehicle,1,172
1571634100636,large_vehicle,6,11
1575014588325,large_vehicle,8,253
1571930200576,large_vehicle,3,100
1586568422412,small_vehicle,5,6
1571263620719,small_vehicle,4,210
1573947566212,large_vehicle,0,185
1573224022560,small_vehicle,4,346
1582744738549,large_vehicle,5,205
1574369555306,small_vehicle,10,33
1570257154232,small_vehicle,5,11
1581946387315,large_vehicle,8,161
1564653474719,small_vehicle,8,148
1577585193207,large_vehicle,0,122
1565212037775,small_vehicle,8,144
1582134779005,large_vehicle,6,158
1582456145272,large_vehicle,2,146
1570249731839,large_vehicle,0,71
1570472513931,large_vehicle,5,354
1571775596157,small_vehicle,1,153
1572618417334,small_vehicle,4,9
1578262967200,large_vehicle,10,223
1569516761418,small_vehicle,10,206
1567280734031,large_vehicle,9,330
1585447104609,large_vehicle,10,352
1572532162347,small_vehicle,3,279
1578127756244,large_vehicle,0,168
1582284678774,small_vehicle,2,288
1580506620975,large_vehicle,0,244
1565904504136,small_vehicle,8,225
1570199074293,large_vehicle,9,164
1578109169665,small_vehicle,6,352
1567884815672,large_vehicle,10,233
1564722003533,small_vehicle,0,210
1572568765585,small_vehicle,9,269
1568460954013,small_vehicle,6,29
1575632960864,small_vehicle,3,201
1585089651989,small_vehicle,0,351
1582744654994,large_vehicle,3,347
1579620850762,large_vehicle,8,259
1578418024074,small_vehicle,7,39
1583899149033,large_vehicle,0,260
1573189398342,large_vehicle,2,210
1571657459139,small_vehicle,10,188
1566690259416,large_vehicle,3,254
1578763494789,small_vehicle,6,88
1572989654235,small_vehicle,0,117
1576344156331,small_vehicle,5,188
1571725646381,large_vehicle,7,185
1571201111904,large_vehicle,8,66
1580603797735,large_vehicle,3,306
1567425787676,large_vehicle,10,249
1584344958594,large_vehicle,9,313
1571472909837,large_vehicle,6,77
1568699160786,small_vehicle,9,66
1585154652906,large_vehicle,8,344
1576235724994,large_vehicle,3,323
1571782751739,large_vehicle,8,200
1584252909908,large_vehicle,2,303
1568524379862,large_vehicle,9,186
1585728617736,large_vehicle,5,266
1574732291671,large_vehicle,3,199
1580455436128,small_vehicle,8,134
1572648600678,large_vehicle,9,282
1566310855013,large_vehicle,4,271
1583423830764,small_vehicle,0,47
1570483290704,large_vehicle,2,116
1574409182060,small_vehicle,6,92
1566443263150,large_vehicle,7,172
1583531560715,large_vehicle,8,100
1568391721599,large_vehicle,4,91
1575218607979,large_vehicle,10,97
1570095661065,small_vehicle,6,28
1582649325837,small_vehicle,8,254
1577720352211,large_vehicle,10,131
1586480108151,small_vehicle,1,108
1574017028810,small_vehicle,1,238
1584783998317,small_vehicle,2,120
1564691250860,large_vehicle,8,158
1571219425435,large_vehicle,1,209
1572109451611,small_vehicle,0,226
1571828415530,small_vehicle,10,312
1564837901742,large_vehicle,4,142
1574012429523,large_vehicle,1,190
1582511712072,large_vehicle,3,306
1565348480867,small_vehicle,2,28
1583791019218,small_vehicle,9,126
1573442353313,small_vehicle,4,95
1581479894942,small_vehicle,6,10
1569260603065,large_vehicle,5,316
1572248790163,small_vehicle,0,249
1576075272941,large_vehicle,4,360
1570655626663,large_vehicle,4,215
1573456080662,small_vehicle,0,160
1580133848884,small_vehicle,8,329
1575117617219,large_vehicle,1,39
1574944863970,small_vehicle,2,59
1566989613299,large_vehicle,0,101
1583316329280,large_vehicle,0,109
1572421308260,small_vehicle,6,272
1576901822046,large_vehicle,9,93
1581284336702,small_vehicle,2,103
1571532099264,small_vehicle,7,22
1575843549073,large_vehicle,6,140
1580735481741,large_vehicle,9,137
1584034770484,large_vehicle,5,33
1567619146222,large_vehicle,8,149
1568226267634,large_vehicle,8,118
1574788614270,small_vehicle,10,124
1570090013179,small_vehicle,0,273
1575785616981,large_vehicle,2,103
1565949102812,large_vehicle,7,158
1573821703871,small_vehicle,2,330
1568357660771,small_vehicle,8,292
1572280434918,large_vehicle,1,226
1571025177827,large_vehicle,7,39
1584409036967,small_vehicle,3,39
1576362232453,small_vehicle,8,243
1571010403041,large_vehicle,8,181
1567932198246,large_vehicle,7,192
1573296997790,large_vehicle,1,293
1573367586775,large_vehicle,7,132
1585627158064,small_vehicle,1,315
1567522331741,small_vehicle,4,128
1573289193785,small_vehicle,2,80
1568310800510,large_vehicle,0,285
1578561222158,small_vehicle,6,138
1571009116391,large_vehicle,3,216
1577155363547,small_vehicle,5,197
1585408834262,small_vehicle,4,15
1583493783881,large_vehicle,0,69
1573420395667,large_vehicle,7,97
1579882833320,small_vehicle,7,274
1584818702598,large_vehicle,3,149
1577447053675,small_vehicle,4,233
1568936350699,large_vehicle,5,11
1574555210646,large_vehicle,9,109
1564737592592,large_vehicle,3,154
1584919590509,large_vehicle,6,267
1574557137803,large_vehicle,10,303
1585296478787,small_vehicle,5,239
1586448873822,small_vehicle,10,57
1566727062964,small_vehicle,3,98
1586549915289,small_vehicle,9,246
1567338489736,large_vehicle,3,253
1577558704654,small_vehicle,1,332
1577028263563,small_vehicle,8,112
1574025165106,large_vehicle,2,162
1580585509977,small_vehicle,1,157
1583655878979,small_vehicle,2,137
1568671617452,large_vehicle,2,235
1586274265213,small_vehicle,0,112
1576247257409,large_vehicle,7,116
1583921903628,small_vehicle,2,213
1568875785482,small_vehicle,9,119
1572098100101,small_vehicle,9,110
1582056167086,small_vehicle,10,191
1571619046103,small_vehicle,2,35
1584550200723,small_vehicle,9,245
1565381571571,small_vehicle,4,139
1572163168151,small_vehicle,0,92
1581935197021,small_vehicle,7,255
1570165197272,small_vehicle,7,224
1570569196421,small_vehicle,0,45
1584402660643,large_vehicle,0,133
1566259313515,small_vehicle,5,235
1573163107417,small_vehicle,8,123
1578035971119,large_vehicle,2,160
1570946843237,small_vehicle,8,15
1574890818628,small_vehicle,2,129
1586363102140,small_vehicle,9,137
1572336114375,small_vehicle,5,48
1585352825182,small_vehicle,4,348
1567423143297,large_vehicle,1,349
1578365676248,small_vehicle,5,354
1578102833625,large_vehicle,4,9
1583177141084,small_vehicle,0,82
1581299843587,large_vehicle,4,331
1586622563758,small_vehicle,3,304
1572012139562,small_vehicle,6,222
1569675125049,large_vehicle,1,187
1578872005071,large_vehicle,7,360
1569304834333,large_vehicle,7,178
1579685502330,large_vehicle,0,264
1574909203738,small_vehicle,9,14
1568080502382,small_vehicle,7,58
1586202701629,small_vehicle,1,353
1568324657581,large_vehicle,4,356
1567068295045,large_vehicle,6,48
1584360281123,large_vehicle,2,319
1578058905908,large_vehicle,5,55
1581065928659,large_vehicle,3,194
1572462532531,large_vehicle,3,204
1582018038399,large_vehicle,6,46
1565776505820,large_vehicle,9,329
1572470823021,large_vehicle,0,246
1570057509932,small_vehicle,10,321
1573507269267,small_vehicle,6,209
1578433003612,small_vehicle,4,20
1575506460348,small_vehicle,6,110
1582074466561,small_vehicle,5,198
1572535336210,small_vehicle,9,39
1584096041859,small_vehicle,6,244
1575353598899,large_vehicle,9,185
1575087540771,small_vehicle,2,80
1577834854279,large_vehicle,7,126
1568156111636,large_vehicle,4,355
1571173292271,small_vehicle,8,304
1579894155758,large_vehicle,3,240
1573690202078,small_vehicle,9,261
1583521932672,small_vehicle,7,91
1564915827782,small_vehicle,0,265
1569705090879,small_vehicle,1,197
1565574604848,small_vehicle,5,328
1568205971772,large_vehicle,5,145
1571446657736,large_vehicle,1,219
1586567483741,large_vehicle,3,115
1571851764957,small_vehicle,8,148
1580940364629,small_vehicle,3,39
1569243349546,small_vehicle,1,53
1578810790658,small_vehicle,1,338
1586686293215,small_vehicle,4,24
1571737710303,large_vehicle,5,55
1577448667260,large_vehicle,2,288
1578799077640,large_vehicle,4,351
1573429207585,large_vehicle,9,112
1566433466856,small_vehicle,9,57
1582632124927,large_vehicle,2,175
1581043943153,large_vehicle,5,296
1573961767772,small_vehicle,5,279
1567019222074,small_vehicle,10,10
1577071570317,small_vehicle,4,221
1569512436372,small_vehicle,2,8
1570489131397,large_vehicle,5,73
1584667471346,large_vehicle,10,233
1565169090846,large_vehicle,4,327
1566373234372,small_vehicle,9,151
1578986716988,large_vehicle,1,356
1575283400341,large_vehicle,2,78
1579830312394,small_vehicle,4,62
1579511422003,large_vehicle,0,273
1564703666295,small_vehicle,1,206
1571383689917,large_vehicle,8,14
1564903516093,small_vehicle,3,299
1581090629348,large_vehicle,7,94
1570204920331,large_vehicle,2,353
1576281035613,large_vehicle,5,266
1573207253016,large_vehicle,8,1
1581846932151,small_vehicle,1,66
1574460097514,small_vehicle,2,9
1573166923869,small_vehicle,0,187
1566082488993,small_vehicle,4,152
1585239229141,small_vehicle,5,221
1571282562044,large_vehicle,8,321
1579591069124,large_vehicle,2,32
1564821645991,small_vehicle,0,218
1585680363140,large_vehicle,10,311
1583998412090,large_vehicle,4,109
1568845160916,large_vehicle,3,217
1577086272330,large_vehicle,0,206
1570382768731,small_vehicle,1,197
1577937201775,large_vehicle,1,69
1585541723883,small_vehicle,9,228
1580864092326,small_vehicle,10,143
1565907142247,large_vehicle,10,179
1569244539662,small_vehicle,1,307
1566793439626,large_vehicle,9,9
1566331402312,large_vehicle,4,252
1570817302107,large_vehicle,5,344
1580368294806,large_vehicle,6,246
1572069914745,large_vehicle,5,12
1573785549346,small_vehicle,6,185
1564940182616,small_vehicle,6,25
1586437440616,small_vehicle,9,310
1584935352791,small_vehicle,7,231
1568762188157,large_vehicle,2,189
1574138742948,small_vehicle,7,33
1585505403436,large_vehicle,0,231
1577721155317,large_vehicle,3,113
1582694843725,small_vehicle,8,38
1578243418535,large_vehicle,4,303
1568693210301,small_vehicle,7,268
1572761957544,large_vehicle,8,62
1575881797111,small_vehicle,10,207
1566904789071,large_vehicle,4,61
1565166706584,large_vehicle,2,167
1577066733168,large_vehicle,5,359
1565883355729,small_vehicle,0,243
1578148728721,large_vehicle,2,305
1579958397689,large_vehicle,0,157
1566831172817,small_vehicle,6,282
1568847158331,small_vehicle,8,186
1572347843476,small_vehicle,0,1
1583700811313,large_vehicle,2,340
1568667376703,large_vehicle,4,69
1574315795330,large_vehicle,3,20
1585809620287,small_vehicle,8,233
1579123306833,large_vehicle,9,29
1580138778290,small_vehicle,9,18
1578047527127,small_vehicle,2,168
1576426047735,large_vehicle,0,198
1580803121558,large_vehicle,6,15
1583813312155,small_vehicle,7,205
1586508631299,large_vehicle,6,212
1576334027815,small_vehicle,9,177
1586709438563,large_vehicle,1,272
1581829559308,small_vehicle,4,98
1577844301559,small_vehicle,8,226
1570350259122,large_vehicle,9,21
1573056893021,small_vehicle,4,45
1574597288449,small_vehicle,9,116
1584787694302,small_vehicle,0,49
1575843542676,small_vehicle,4,334
1568987192743,large_vehicle,0,32
1566425145284,small_vehicle,5,140
1579953753759,small_vehicle,6,39
1575449684085,large_vehicle,8,147
1573986493070,large_vehicle,5,189
1585994893719,large_vehicle,4,114
1565144880559,large_vehicle,1,346
1570523953113,small_vehicle,3,1
1568479858342,small_vehicle,3,180
1569237587926,small_vehicle,9,185
1568775747637,large_vehicle,9,210
1580840918975,small_vehicle,0,241
1580142007343,large_vehicle,5,206
1582828895266,large_vehicle,0,290
1579404830932,large_vehicle,2,34
1565465091613,small_vehicle,1,161
1585770021094,small_vehicle,6,180
1574750745788,large_vehicle,6,33
1584206497397,small_vehicle,0,22
1576570106388,large_vehicle,1,326
1573379669868,small_vehicle,9,219
1569217982201,small_vehicle,0,229
1574912779550,large_vehicle,8,324
1576081971715,small_vehicle,10,17
1566698770042,large_vehicle,9,200
1572659849381,large_vehicle,9,3
1575693516898,small_vehicle,8,345
1565010465850,large_vehicle,9,49
1566406045540,large_vehicle,4,149
1565092848317,large_vehicle,7,47
1580043136252,small_vehicle,8,237
1583502088513,small_vehicle,8,156
1585790154476,small_vehicle,2,191
1579073284195,small_vehicle,7,147
1573069480878,large_vehicle,4,34
1578834287048,small_vehicle,5,26
1568646645558,large_vehicle,2,210
1582410339172,small_vehicle,6,230
1577415985246,large_vehicle,1,350
1576389982614,small_vehicle,1,217
1580132205330,small_vehicle,7,109
1586056111264,small_vehicle,5,108
1565102139936,small_vehicle,7,59
1580050737898,large_vehicle,1,70
1579702556500,small_vehicle,8,93
1583117099679,large_vehicle,4,246
1574791644631,small_vehicle,5,172
1568086163310,large_vehicle,7,264
1585562705170,small_vehicle,4,351
1581260283287,small_vehicle,9,30
1581884733614,large_vehicle,9,183
1581495082641,large_vehicle,9,353
1579607803969,large_vehicle,10,205
1581884831170,large_vehicle,10,138
1573298665371,large_vehicle,8,20
1567290893003,small_vehicle,4,254
1572369144435,large_vehicle,6,210
1566215261435,small_vehicle,4,112
1585494470142,large_vehicle,6,141
1571453962196,small_vehicle,3,128
1585089557703,small_vehicle,0,167
1580490611197,small_vehicle,7,14
1574278109503,large_vehicle,0,191
1567205122570,small_vehicle,7,85
1565852357994,large_vehicle,2,144
1567021874174,large_vehicle,2,344
1582200077649,large_vehicle,3,286
1565688086886,small_vehicle,8,11
1579928145205,small_vehicle,5,196
1564891532706,small_vehicle,8,294
1568971187942,large_vehicle,0,287
1565804634283,large_vehicle,0,54
1567829642193,small_vehicle,6,303
1582477521190,large_vehicle,5,106
1577791476228,large_vehicle,5,119
1568197455107,small_vehicle,4,42
1568858224717,small_vehicle,8,310
1570337442726,large_vehicle,3,355
1581126146563,large_vehicle,0,226
1571559180139,large_vehicle,2,306
1580906281920,large_vehicle,9,217
1579508284160,large_vehicle,6,279
1583899026071,small_vehicle,2,27
1569126663532,large_vehicle,1,302
1565033011929,small_vehicle,3,336
1585872495792,large_vehicle,3,122
1576361730700,small_vehicle,10,191
1577338970973,small_vehicle,2,96
1582336605796,large_vehicle,6,276
1582035311896,small_vehicle,8,347
1575280004681,small_vehicle,3,324
1567260783052,large_vehicle,5,233
1583249371093,small_vehicle,3,13
1572936279880,small_vehicle,3,274
1585780452236,small_vehicle,8,195
1575296765379,large_vehicle,1,253
1578590714446,large_vehicle,7,349
1573132587654,large_vehicle,0,342
1574638181950,large_vehicle,1,308
1566221143498,large_vehicle,9,298
1573392333329,large_vehicle,4,100
1584954283751,small_vehicle,4,53
1577880952458,small_vehicle,10,338
1571421836136,large_vehicle,7,322
1575619758145,large_vehicle,2,341
1583567509385,large_vehicle,1,355
1574420638676,small_vehicle,9,146
1574144521323,small_vehicle,9,217
1573413175719,large_vehicle,3,290
1570313030465,large_vehicle,5,188
1574195332302,small_vehicle,10,316
1583972906161,large_vehicle,1,102
1566887235020,small_vehicle,3,201
1576153365269,large_vehicle,3,167
1573544746857,small_vehicle,3,189
1567690418681,large_vehicle,8,29
1585212373837,large_vehicle,2,227
1566585556268,small_vehicle,9,146
1582422011865,small_vehicle,1,262
1574412953409,small_vehicle,5,295
1569092270843,small_vehicle,2,318
1569839862495,large_vehicle,8,299
1566929075768,large_vehicle,6,179
1570121738421,large_vehicle,2,13
1577711521214,large_vehicle,8,6
1572826240574,large_vehicle,7,307
1582501320772,small_vehicle,0,139
1581311446279,small_vehicle,5,270
1580197974070,small_vehicle,4,350
1585558246473,large_vehicle,1,164
1566050713908,large_vehicle,7,83
1578412457667,small_vehicle,3,340
1580065229274,large_vehicle,6,345
1579214163944,large_vehicle,10,295
1575524151330,large_vehicle,0,84
1584902226545,small_vehicle,1,15
1586622303893,large_vehicle,4,279
1580328139424,large_vehicle,9,174
1578804338896,large_vehicle,5,112
1571287889211,small_vehicle,0,291
1585343821217,large_vehicle,9,180
1585758548916,large_vehicle,9,74
1583576750727,small_vehicle,7,306
1573005442193,large_vehicle,1,150
1584214143339,large_vehicle,4,267
1585534734043,small_vehicle,9,294
1574961440902,large_vehicle,9,279
1584295516008,large_vehicle,4,93
1574794339898,small_vehicle,7,129
1584538273433,small_vehicle,6,131
1576908131156,small_vehicle,3,81
1569979088411,small_vehicle,6,336
1581093188261,small_vehicle,0,266
1570475772458,small_vehicle,1,359
1579106778292,large_vehicle,0,0
1565640381534,large_vehicle,9,138
1577544201089,large_vehicle,6,137
1576746302307,small_vehicle,8,179
1569729548716,large_vehicle,0,322
1578382635669,small_vehicle,3,10
1568234232230,small_vehicle,7,212
1573218880875,large_vehicle,10,280
1571562299709,small_vehicle,0,126
1577209354232,small_vehicle,2,145
1576880792459,small_vehicle,8,289
1579730477966,large_vehicle,6,121
1574252513261,large_vehicle,6,156
1575608973393,large_vehicle,3,284
1579016138040,small_vehicle,9,16
1570252325591,large_vehicle,4,42
1578869670813,small_vehicle,8,276
1576942469218,large_vehicle,8,251
1573250487912,small_vehicle,0,48
1580614949748,large_vehicle,7,220
1586593635962,small_vehicle,0,339
1585555038626,small_vehicle,5,139
1585513354107,large_vehicle,10,43
1568378825271,large_vehicle,4,50
1585514109799,small_vehicle,8,188
1580264539718,large_vehicle,3,276
1581180611937,small_vehicle,7,281
1579884363249,small_vehicle,2,92
1565711935508,large_vehicle,2,277
1567664977061,small_vehicle,7,3
1567181491910,small_vehicle,1,148
1580938570230,large_vehicle,6,348
1573885228011,small_vehicle,10,300
1566964940004,small_vehicle,4,167
1566066764501,small_vehicle,3,332
1578207215663,large_vehicle,4,297
1569004460262,small_vehicle,10,345
1572541229141,large_vehicle,5,16
1571616602459,large_vehicle,5,266
1583242984428,large_vehicle,5,61
1572613654470,small_vehicle,7,299
1572692149703,large_vehicle,4,347
1579977563597,small_vehicle,2,130
1566072675677,small_vehicle,3,261
1571216880428,large_vehicle,8,300
1567357624267,large_vehicle,10,102
1582777709744,small_vehicle,8,238
1583878425045,large_vehicle,5,291
1571076760689,small_vehicle,5,175
1581568525499,small_vehicle,3,55
1572744341917,small_vehicle,3,349
1567811211084,small_vehicle,10,293
1585943104449,large_vehicle,7,60
1581175730006,large_vehicle,0,171
1575343087138,small_vehicle,9,35
1577141870249,small_vehicle,5,66
1566452138023,small_vehicle,6,286
1581323171799,small_vehicle,2,180
1580923270806,small_vehicle,7,188
1585940336508,small_vehicle,3,28
1586102820229,large_vehicle,3,29
1580015672333,small_vehicle,2,192
1565595403660,small_vehicle,6,266
1578007372649,small_vehicle,5,228
1566394098741,small_vehicle,0,317
1582735372020,small_vehicle,10,299
1574068635817,large_vehicle,0,261
1582928332586,small_vehicle,9,195
1578918990812,small_vehicle,7,142
1580793149196,large_vehicle,2,257
1564721803184,large_vehicle,1,20
1580630362506,large_vehicle,8,153
1574574074691,large_vehicle,4,50
1570808655179,large_vehicle,2,308
1576874818089,large_vehicle,7,250
1570089116265,small_vehicle,3,196
1583936043020,large_vehicle,2,239
1569739886699,large_vehicle,0,227
1585032287158,large_vehicle,0,62
1583339083365,large_vehicle,5,305
1580185212848,small_vehicle,5,302
1573459869493,small_vehicle,5,141
1567540384404,small_vehicle,0,80
1570680749793,small_vehicle,4,267
1582003313425,small_vehicle,4,204
1567754301245,small_vehicle,6,319
1574251594327,small_vehicle,8,308
1585364300518,small_vehicle,9,64
1565840421862,small_vehicle,9,134
1568929514635,small_vehicle,8,108
1565641615306,large_vehicle,8,59
1585661998711,large_vehicle,4,6
1577277344331,small_vehicle,9,296
1576112609396,small_vehicle,1,312
1568758085112,small_vehicle,2,118
1575501274094,large_vehicle,8,135
1565903178260,small_vehicle,4,183
1573928880838,large_vehicle,6,353
1585260470066,large_vehicle,9,113
1568844062299,large_vehicle,8,242
1568917187484,large_vehicle,0,153
1569643376951,small_vehicle,6,145
1571570584508,small_vehicle,2,92
1575366632638,small_vehicle,8,21
1570849323314,large_vehicle,1,268
1580152117136,small_vehicle,6,347
1565923790245,large_vehicle,5,334
1566667770109,small_vehicle,0,332
1585423077052,small_vehicle,7,331
1580698643306,large_vehicle,7,48
1580992559899,large_vehicle,3,259
1585730082749,large_vehicle,1,164
1585649101735,small_vehicle,6,5
1575370270338,small_vehicle,10,274
1572431969671,small_vehicle,4,215
1565044833750,small_vehicle,6,186
1584951034641,small_vehicle,9,154
1577461750108,large_vehicle,0,24
1573358526072,large_vehicle,10,329
1581247910779,small_vehicle,3,27
1578039071733,large_vehicle,4,68
1566522598578,small_vehicle,10,35
1564957660991,small_vehicle,8,97
1571056445262,small_vehicle,0,119
1573606932295,large_vehicle,10,159
1586240010944,small_vehicle,7,81
1586645579326,large_vehicle,1,203
1575170166482,large_vehicle,1,47
1569918650572,small_vehicle,6,5
1582512361235,small_vehicle,10,248
1585924231573,small_vehicle,10,330
1586541401948,small_vehicle,7,169
1569757540364,large_vehicle,2,317
1576033677723,small_vehicle,2,292
1581764882653,small_vehicle,9,293
1567806684625,large_vehicle,3,307
1578266928098,large_vehicle,9,223
1569931768721,large_vehicle,5,62
1575496401951,small_vehicle,3,201
1565400983144,small_vehicle,7,227
1568088740155,large_vehicle,0,123
1585929186947,small_vehicle,3,140
1571521966775,large_vehicle,7,9
1575204618219,small_vehicle,3,132
1583861911306,large_vehicle,4,36
1569630234641,small_vehicle,4,274
1573742596857,small_vehicle,4,268
1570919590201,small_vehicle,3,124
1576213405308,small_vehicle,8,100
1572351357087,large_vehicle,4,208
1571444286988,small_vehicle,7,117
1584560701744,small_vehicle,8,67
1570907131228,small_vehicle,5,297
1565071384883,small_vehicle,10,49
