1584716067127,large_vehicle,2,196
1570955093698,large_vehicle,8,39
1581652435986,small_vehicle,6,19
1569403048280,large_vehicle,6,267
1585130029726,small_vehicle,5,228
1576854836191,small_vehicle,1,213
1575618411431,large_vehicle,5,182
1573026508203,small_vehicle,8,4
1564976337812,large_vehicle,4,171
1568573552936,small_vehicle,6,321
1580613566373,large_vehicle,4,238
1577534361863,large_vehicle,1,343
1578918205312,large_vehicle,5,45
1574348427573,small_vehicle,2,349
1565270776976,large_vehicle,4,342
1585102146191,large_vehicle,6,70
1575273753673,large_vehicle,10,250
1572593477853,small_vehicle,9,331
1583947534319,large_vehicle,9,242
1572113045189,large_vehicle,0,346
1583086041655,large_vehicle,3,233
1578073964748,small_vehicle,5,12
1565706216757,small_vehicle,6,115
1567693632054,small_vehicle,0,204
1571351935293,large_vehicle,9,103
1578431375507,large_vehicle,8,179
1585073419458,small_vehicle,3,51
1576535946655,large_vehicle,7,292
1579012936823,large_vehicle,1,246
1580592523763,large_vehicle,8,221
1575203122386,small_vehicle,0,66
1583100799988,small_vehicle,5,96
1568241165302,small_vehicle,4,92
1585395300606,small_vehicle,3,307
1579141880056,large_vehicle,6,13
1580690351432,large_vehicle,0,193
1581703821477,small_vehicle,0,167
1586388559241,small_vehicle,2,173
1583810892329,large_vehicle,10,166
1566132186459,small_vehicle,10,166
1584228990525,small_vehicle,0,71
1564802307551,small_vehicle,8,226
1586000576523,small_vehicle,9,219
1571914649213,large_vehicle,10,140
1568069213005,small_vehicle,2,341
1581758600760,small_vehicle,6,173
1579794769420,large_vehicle,5,155
1578034242312,large_vehicle,9,8
1566789234316,large_vehicle,1,200
1583838994200,large_vehicle,6,231
1582742095562,small_vehicle,0,10
1565421219035,large_vehicle,2,349
1564936468855,small_vehicle,3,7
1585892342491,small_vehicle,5,151
1571113485299,small_vehicle,5,304
1575573682190,small_vehicle,6,56
1574452493794,small_vehicle,10,195
1572804495206,small_vehicle,8,108
1571527951569,large_vehicle,7,332
1581773961259,large_vehicle,8,102
1571154111938,large_vehicle,2,180
1568911663961,large_vehicle,9,289
1566870517878,small_vehicle,1,44
1574262611198,small_vehicle,0,201
1578241948918,small_vehicle,0,107
1568112570111,small_vehicle,4,235
1585373060974,small_vehicle,2,86
1584409882114,small_vehicle,5,137
1579396264509,small_vehicle,5,258
1572593993624,large_vehicle,5,31
1576344158299,small_vehicle,1,185
1583576008084,small_vehicle,3,56
1574962590334,large_vehicle,10,69
1579647491684,small_vehicle,6,122
1575234066149,small_vehicle,0,349
1570034241625,large_vehicle,8,233
1585587886682,small_vehicle,0,141
1575854309137,large_vehicle,1,26
1575690836706,large_vehicle,0,260
1582764353241,small_vehicle,8,176
1573276020588,small_vehicle,9,290
1574339955675,large_vehicle,8,299
1569622645697,large_vehicle,6,97
1586548473721,large_vehicle,9,299
1567267379746,large_vehicle,6,54
1575835112502,large_vehicle,4,180
1567448862745,small_vehicle,9,193
1567337707686,large_vehicle,4,37
1585376842722,small_vehicle,1,212
1578786018864,small_vehicle,7,324
1570344878860,large_vehicle,4,273
1566254847399,small_vehicle,0,360
1578811337820,large_vehicle,2,99
1578374924363,large_vehicle,7,56
1567227658220,large_vehicle,1,284
1585860139577,large_vehicle,8,328
1581928032241,small_vehicle,2,342
1567056915634,small_vehicle,6,349
1566933997323,small_vehicle,5,257
1586667768615,large_vehicle,4,147
1576754457078,large_vehicle,9,325
1578089367104,large_vehicle,4,330
1570287947600,small_vehicle,7,314
1565932887799,large_vehicle,3,70
1577032467982,small_vehicle,5,211
1572909559139,small_vehicle,5,335
1569158008659,small_vehicle,3,159
1586621606613,large_vehicle,3,42
1567867498661,large_vehicle,1,244
1578841431113,large_vehicle,4,91
1567019825420,large_vehicle,1,230
1578410996539,small_vehicle,9,83
1584343195925,large_vehicle,8,12
1566919674544,large_vehicle,3,147
1586066400856,large_vehicle,0,106
1572679805982,large_vehicle,4,2
1579640282890,small_vehicle,10,28
1568781329120,large_vehicle,8,76
1579829393519,small_vehicle,9,329
1578599500232,large_vehicle,9,95
1567565084643,large_vehicle,5,224
1580918571727,small_vehicle,5,264
1566029952426,large_vehicle,3,39
1573367892712,large_vehicle,2,291
1584911919055,small_vehicle,9,168
1568331393299,small_vehicle,5,61
1573794237450,small_vehicle,2,277
1569308857915,small_vehicle,9,149
1582200764507,large_vehicle,10,23
1577583933709,large_vehicle,4,302
1583873073755,large_vehicle,4,101
1578506388833,small_vehicle,3,299
1584995224720,small_vehicle,4,179
1573452377590,small_vehicle,6,163
1579079682028,large_vehicle,7,20
1565875145518,large_vehicle,8,273
1582992308824,large_vehicle,9,351
1574208224585,small_vehicle,4,261
1583029246690,small_vehicle,7,69
1581016487020,large_vehicle,1,315
1567618964379,large_vehicle,0,17
1579394514944,small_vehicle,5,101
1568741531353,small_vehicle,2,32
1579921818625,large_vehicle,3,129
1568442962551,large_vehicle,4,81
1585549498090,small_vehicle,8,59
1584763725738,large_vehicle,3,56
1583421180345,large_vehicle,6,8
1572152347818,small_vehicle,0,102
1580142525224,small_vehicle,8,113
1565426697572,small_vehicle,5,357
1567734650134,small_vehicle,7,348
1584745223278,large_vehicle,7,339
1577650360954,large_vehicle,4,356
1581863203276,large_vehicle,0,11
1572902072794,large_vehicle,3,103
1576185271651,small_vehicle,10,248
1578398763377,large_vehicle,9,120
1579364294466,small_vehicle,4,267
1581566194970,small_vehicle,9,7
1576307656555,large_vehicle,9,176
1586073047726,small_vehicle,4,325
1568571603609,small_vehicle,7,311
1581428391703,large_vehicle,7,275
1569102049877,large_vehicle,0,68
1585808646397,small_vehicle,1,65
1573675332585,large_vehicle,4,290
1566925576418,large_vehicle,3,53
1576725355244,small_vehicle,1,220
1575281496615,large_vehicle,9,352
1583056600971,large_vehicle,7,266
1570216189577,small_vehicle,5,101
1583133848111,small_vehicle,5,357
1583356797766,large_vehicle,3,100
1566739022459,small_vehicle,2,55
1580151304407,large_vehicle,0,120
1574140518430,large_vehicle,0,95
1565767040103,large_vehicle,0,223
1580032348238,large_vehicle,3,319
1567581406798,small_vehicle,4,309
1571973142000,large_vehicle,7,284
1572869315837,small_vehicle,1,287
1579406018289,small_vehicle,1,176
1570867359719,large_vehicle,7,4
1580165485071,large_vehicle,7,292
1565752613692,small_vehicle,1,57
1578642224121,large_vehicle,7,220
1569927907454,small_vehicle,6,217
1580736321076,large_vehicle,4,261
1583126848150,large_vehicle,0,38
1585987603142,large_vehicle,1,130
1582540230746,small_vehicle,7,104
1585292191683,small_vehicle,8,281
1567159778240,small_vehicle,6,291
1569421933410,large_vehicle,10,324
1580598575181,small_vehicle,3,307
1578681891994,large_vehicle,0,300
1579596944873,small_vehicle,2,318
1571194143417,large_vehicle,5,44
1579789516785,small_vehicle,2,9
1579771477425,small_vehicle,4,328
1578424610491,small_vehicle,6,317
1577208464472,large_vehicle,1,48
1583282616915,small_vehicle,0,178
1572038479734,small_vehicle,1,142
1584685630902,small_vehicle,10,99
1568430481008,large_vehicle,8,20
1578172421663,small_vehicle,2,157
1571226973746,small_vehicle,3,190
1583137943923,small_vehicle,8,57
1573756275192,small_vehicle,2,149
1586035208111,small_vehicle,4,85
1574531575563,large_vehicle,6,235
1581499889793,large_vehicle,4,176
1574551771081,small_vehicle,1,72
1582488598575,large_vehicle,3,220
1582726391759,small_vehicle,1,173
1583437315745,large_vehicle,8,191
1570624444041,small_vehicle,9,157
1580783002725,large_vehicle,1,197
1573901512771,small_vehicle,10,99
1577145177872,large_vehicle,1,127
1566972977037,large_vehicle,9,87
1572740437157,small_vehicle,6,222
1567475039320,small_vehicle,5,346
1568058323174,large_vehicle,10,44
1579027519632,large_vehicle,8,92
1586351816685,small_vehicle,7,195
1585913908592,large_vehicle,7,98
1578705649843,small_vehicle,8,10
1583063875899,small_vehicle,6,28
1581293486924,small_vehicle,8,314
1565844658866,small_vehicle,10,79
1565402674823,large_vehicle,3,174
1569941924337,small_vehicle,7,224
1584926282931,large_vehicle,9,106
1584485870166,large_vehicle,6,353
1575272112063,large_vehicle,3,255
1584260790334,large_vehicle,1,249
1585860967802,large_vehicle,9,190
1571180103352,large_vehicle,3,248
1585587351778,large_vehicle,2,83
1584846484753,large_vehicle,2,249
1572576016887,small_vehicle,8,45
1565865347607,small_vehicle,4,91
1580683209003,large_vehicle,4,120
1578628418082,small_vehicle,5,100
1577584404340,large_vehicle,4,239
1570345812725,small_vehicle,8,118
1581721718913,large_vehicle,6,267
1584623783791,small_vehicle,6,350
1568718278342,large_vehicle,9,298
1579080693359,small_vehicle,10,32
1577477699133,large_vehicle,4,103
1571822827159,small_vehicle,8,56
1569574324213,small_vehicle,9,103
1567617695983,large_vehicle,9,41
1574342642642,large_vehicle,4,129
1579828554564,large_vehicle,0,123
1572751647361,small_vehicle,4,315
1572683959789,large_vehicle,4,184
1585007310369,small_vehicle,6,324
1575773496796,small_vehicle,2,327
1575929550880,small_vehicle,7,168
1584504446361,large_vehicle,6,218
1575801287708,large_vehicle,8,77
1565704008526,small_vehicle,1,233
1569571755043,large_vehicle,9,42
1570906364160,small_vehicle,5,354
1584032365993,large_vehicle,1,59
1580772102998,large_vehicle,10,249
1581105822406,large_vehicle,10,94
1567268663819,large_vehicle,2,134
1575705235725,large_vehicle,2,129
1571005669143,large_vehicle,0,340
1566774710938,large_vehicle,10,240
1583877913229,large_vehicle,4,214
1572477562687,small_vehicle,10,67
1566594013907,large_vehicle,2,252
1583190351797,small_vehicle,10,183
1568396136118,large_vehicle,7,36
1566206586046,small_vehicle,4,157
1585599384950,large_vehicle,8,39
1566200183324,small_vehicle,7,116
1568929768667,small_vehicle,2,71
1571014602020,small_vehicle,4,358
1576001225480,small_vehicle,4,166
1567225091742,large_vehicle,10,125
1573963054043,small_vehicle,3,148
1586697454059,large_vehicle,2,263
1567699006318,small_vehicle,9,61
1583266430993,small_vehicle,3,192
1568952910991,large_vehicle,10,4
1570502440591,small_vehicle,3,11
1583357844522,small_vehicle,10,305
1569748432904,large_vehicle,5,179
1582910341325,large_vehicle,10,51
1564813643586,small_vehicle,6,170
1582363212675,small_vehicle,4,124
1575611793575,small_vehicle,8,181
1570937634332,large_vehicle,8,147
1578936944368,large_vehicle,8,310
1569690013638,large_vehicle,10,162
1575536011914,large_vehicle,5,195
1578124893151,small_vehicle,6,263
1585592195707,small_vehicle,3,290
1575918543498,large_vehicle,2,90
1586244990647,large_vehicle,6,147
1579853635299,large_vehicle,7,17
1585037904299,small_vehicle,10,249
1584925009715,large_vehicle,9,77
1564894617052,small_vehicle,2,177
1586201005024,small_vehicle,5,336
1578824984531,small_vehicle,6,309
1583732832623,large_vehicle,8,199
1580471656661,large_vehicle,2,196
1585782101666,large_vehicle,4,222
1571114919300,small_vehicle,8,182
1585159728332,small_vehicle,6,156
1575144922792,small_vehicle,8,224
1584908205777,large_vehicle,3,343
1566074113539,small_vehicle,8,122
1572812868754,small_vehicle,1,25
1581511167845,small_vehicle,0,176
1583947574358,small_vehicle,6,248
1567985106802,large_vehicle,3,350
1582322416458,large_vehicle,5,291
1579830739330,small_vehicle,3,183
1569101435920,small_vehicle,5,33
1579062951144,large_vehicle,5,191
1584222795378,large_vehicle,8,291
1582856009111,small_vehicle,9,8
1577854515449,large_vehicle,9,41
1575791741671,small_vehicle,9,206
1567719663293,large_vehicle,7,191
1574065599329,small_vehicle,6,104
1581249242641,large_vehicle,1,178
1573081569012,large_vehicle,9,39
1577923949685,large_vehicle,10,243
1584462632601,small_vehicle,2,277
1575904963034,small_vehicle,1,122
1583943464394,small_vehicle,2,207
1578076693702,small_vehicle,6,117
1582264928804,large_vehicle,10,91
1565198457433,large_vehicle,7,318
1571619947980,large_vehicle,0,296
1574412873063,large_vehicle,3,89
1572433770016,large_vehicle,5,86
1565064345534,small_vehicle,3,41
1575164644227,large_vehicle,7,308
1578374770476,large_vehicle,4,263
1570641245832,large_vehicle,9,172
1572657812602,small_vehicle,4,84
1584747015275,large_vehicle,6,63
1575836584241,large_vehicle,6,328
1584973117326,large_vehicle,7,282
1582886228182,large_vehicle,9,252
1577589664388,large_vehicle,5,16
1586408349539,small_vehicle,4,93
1580102220300,large_vehicle,0,275
1567639793971,small_vehicle,9,268
1568604288542,small_vehicle,3,195
1586261378188,small_vehicle,2,194
1571387695286,small_vehicle,5,112
1565293260251,small_vehicle,0,150
1584770761756,large_vehicle,6,156
1567667842026,small_vehicle,3,276
1580197081109,large_vehicle,1,322
1576198597502,small_vehicle,10,34
1565232562116,small_vehicle,0,204
1584455809615,large_vehicle,8,206
1573683088583,large_vehicle,1,290
1574708153304,large_vehicle,7,125
1577669297986,small_vehicle,10,137
1580278471666,small_vehicle,8,241
1566790356032,small_vehicle,0,224
1574388694768,small_vehicle,0,65
1575612639507,large_vehicle,5,359
1564802456305,large_vehicle,2,63
1577738668700,small_vehicle,2,138
1573536642781,small_vehicle,5,290
1582164142351,large_vehicle,1,116
1582124578399,large_vehicle,5,333
1581442274510,large_vehicle,0,113
1582296024816,small_vehicle,1,153
1581464428218,large_vehicle,8,211
1577671391285,large_vehicle,0,11
1567851036184,large_vehicle,7,264
1585898324605,small_vehicle,9,294
1570905762659,large_vehicle,2,275
1586187423223,small_vehicle,8,107
1575844631698,large_vehicle,9,284
1575879811272,large_vehicle,10,121
1571939327008,large_vehicle,4,351
1572661902945,large_vehicle,7,195
1576738155818,small_vehicle,10,293
1582770736424,large_vehicle,3,124
1579648240082,small_vehicle,9,296
1577201240061,small_vehicle,2,261
1579674556955,small_vehicle,7,49
1570064287859,small_vehicle,7,319
1573258115725,small_vehicle,8,343
1567315823728,large_vehicle,7,341
1567469422148,large_vehicle,7,181
1571899107975,large_vehicle,10,196
1565688917074,small_vehicle,9,12
1571329113695,small_vehicle,9,79
1580902188280,small_vehicle,2,156
1573128455873,small_vehicle,5,345
1572834671851,small_vehicle,0,193
1565773488875,small_vehicle,8,312
1577308358209,large_vehicle,4,180
1578059162345,small_vehicle,6,92
1574486679769,large_vehicle,6,335
1567470801644,large_vehicle,9,356
1576957887872,large_vehicle,7,207
1572486566635,small_vehicle,3,250
1573791433392,large_vehicle,5,168
1581694493129,large_vehicle,9,311
1570911748568,small_vehicle,7,343
1568202347341,large_vehicle,7,340
1584249384241,large_vehicle,7,256
1575363685272,small_vehicle,4,360
1574405896232,large_vehicle,3,51
1569791041567,large_vehicle,6,304
1569493306068,large_vehicle,1,257
1565854330534,large_vehicle,9,348
1566769536211,small_vehicle,7,52
1572398068028,small_vehicle,3,43
1571768907115,large_vehicle,1,359
1575631404319,large_vehicle,0,348
1585403641251,large_vehicle,1,57
1566119869871,small_vehicle,0,184
1571201402995,small_vehicle,0,352
1581040546698,large_vehicle,0,299
1577687140781,small_vehicle,4,4
1576648182978,large_vehicle,0,55
1566710156713,large_vehicle,6,5
1582304381703,large_vehicle,3,306
1575243673001,large_vehicle,5,308
1567964629301,large_vehicle,9,342
1567856971750,small_vehicle,7,235
1581781656717,small_vehicle,10,14
1572697961748,large_vehicle,0,218
1566450858620,small_vehicle,6,318
1571113264029,large_vehicle,7,260
1565859712474,large_vehicle,4,232
1586095735015,small_vehicle,2,63
1567089085815,small_vehicle,4,120
1585932481862,small_vehicle,2,214
1579591134934,small_vehicle,3,247
1565472379168,large_vehicle,6,255
1576397828885,large_vehicle,9,81
1581533818290,large_vehicle,6,196
1569685121300,large_vehicle,1,283
1578959211128,large_vehicle,3,167
1564908837115,small_vehicle,1,333
1578472246299,large_vehicle,3,55
1576482627816,small_vehicle,10,327
1571926305132,large_vehicle,7,204
1584859644626,small_vehicle,7,31
1572444286330,large_vehicle,2,85
1566298724146,large_vehicle,3,43
1571747692303,small_vehicle,3,251
1566670452707,large_vehicle,2,107
1575673085051,large_vehicle,8,152
1571990245799,large_vehicle,1,41
1575127135402,small_vehicle,8,169
1586458587738,small_vehicle,10,42
1572933070740,large_vehicle,4,22
1571384925467,large_vehicle,10,336
1567122901636,large_vehicle,2,171
1569371342678,small_vehicle,3,102
1576602000578,small_vehicle,6,335
1580051127820,small_vehicle,1,319
1572516916005,small_vehicle,10,35
1583859491115,large_vehicle,1,247
1578511780397,small_vehicle,3,17
1572807135430,large_vehicle,8,243
1568454583942,large_vehicle,9,151
1574465809582,large_vehicle,5,30
1570115067141,small_vehicle,9,326
1570453096972,large_vehicle,10,141
1576760752703,small_vehicle,1,134
1574923123407,small_vehicle,2,246
1570914274512,small_vehicle,10,148
1586701829223,large_vehicle,7,326
1578642603995,large_vehicle,6,20
1567305940471,large_vehicle,4,100
1567829318737,small_vehicle,4,38
1573686495152,large_vehicle,1,348
1579566290109,large_vehicle,6,286
1566174378470,large_vehicle,2,204
1581237142025,small_vehicle,7,59
1577577075978,large_vehicle,4,108
1571475395658,small_vehicle,8,259
1568168630163,large_vehicle,7,89
1569166249851,large_vehicle,0,335
1565871523610,small_vehicle,7,86
1568523423879,small_vehicle,10,207
1568818064557,large_vehicle,4,89
1569885398709,large_vehicle,7,73
1566859864393,large_vehicle,3,285
1571230157259,small_vehicle,7,10
1583547810513,large_vehicle,10,191
1582842597233,small_vehicle,6,59
1583760925887,small_vehicle,2,218
1582392067233,large_vehicle,8,25
1569635742097,large_vehicle,4,267
1575956835156,small_vehicle,2,256
1576133703033,small_vehicle,7,175
1586547632583,large_vehicle,7,130
1578317736872,large_vehicle,4,219
1579814260428,small_vehicle,5,44
1565175841353,large_vehicle,7,181
1578582410256,large_vehicle,9,281
1566909493385,large_vehicle,3,319
1564702463385,small_vehicle,9,116
1572301395259,large_vehicle,3,187
1571553323506,small_vehicle,1,313
1565900850184,small_vehicle,6,217
1565542536082,large_vehicle,1,87
1576274878873,small_vehicle,5,47
1570360634075,small_vehicle,8,149
1565027155796,large_vehicle,4,242
1566453771786,small_vehicle,1,116
1586285700740,large_vehicle,4,200
1585709008339,large_vehicle,0,261
1573225098380,small_vehicle,6,281
1572884024673,large_vehicle,10,56
1584419867329,small_vehicle,8,232
1583405194516,small_vehicle,1,75
1566823073335,large_vehicle,0,347
1579577880867,small_vehicle,9,300
1572748305964,small_vehicle,8,247
1570895138329,large_vehicle,6,188
1575646002860,large_vehicle,2,269
1580928055627,large_vehicle,1,42
1570573291513,small_vehicle,2,347
1566803719472,large_vehicle,7,29
1567715320451,small_vehicle,10,81
1566789715519,small_vehicle,2,247
1583158333330,large_vehicle,2,8
1581155735234,large_vehicle,5,52
1575453056491,large_vehicle,7,134
1586040746203,small_vehicle,2,173
1570955112010,large_vehicle,6,129
1575296757628,small_vehicle,10,69
1583322590706,large_vehicle,5,97
1572454720828,large_vehicle,6,18
1578192625445,small_vehicle,10,107
1569468989531,large_vehicle,5,274
1582577275324,small_vehicle,1,295
1584416207738,small_vehicle,7,4
1574752173789,small_vehicle,3,17
1570937071865,large_vehicle,8,133
1572025158695,small_vehicle,6,1
1574164758613,large_vehicle,10,93
1574557699772,large_vehicle,8,345
1570301099576,large_vehicle,2,221
1574629102008,large_vehicle,8,273
1575587997581,small_vehicle,2,105
1585775344347,large_vehicle,2,171
1578265829155,large_vehicle,8,314
1566446293950,small_vehicle,1,8
1571496925329,large_vehicle,0,141
1577037168763,large_vehicle,7,274
1577924431428,large_vehicle,0,80
1581996284451,large_vehicle,1,40
1576561676415,large_vehicle,8,58
1582304536988,large_vehicle,6,326
1580878418435,large_vehicle,5,157
1570838921989,small_vehicle,9,84
1574415698082,large_vehicle,0,84
1575542041407,small_vehicle,5,51
1566119286598,large_vehicle,8,351
1570280234720,large_vehicle,0,264
1584984826787,small_vehicle,3,34
1570644642146,large_vehicle,5,82
1575340915551,large_vehicle,4,191
1575046647714,small_vehicle,8,352
1581371605079,small_vehicle,2,103
1571657771293,small_vehicle,1,195
1574806060559,large_vehicle,0,149
1571185041166,large_vehicle,2,101
1575075521709,small_vehicle,4,193
1583858777547,small_vehicle,3,93
1570291439161,large_vehicle,10,277
1577883519544,small_vehicle,5,25
1573288881683,small_vehicle,6,179
1572760005827,small_vehicle,8,287
1569295095812,small_vehicle,4,330
1583139422732,small_vehicle,2,166
1577873201629,large_vehicle,7,212
1582232856006,small_vehicle,9,167
1576914404651,small_vehicle,5,323
1572527432398,small_vehicle,1,14
1576360418446,large_vehicle,0,310
1567710929686,small_vehicle,7,65
1572252568058,large_vehicle,8,128
1573268211925,large_vehicle,1,9
1585915135699,large_vehicle,4,4
1579311761438,large_vehicle,7,278
1575722061826,large_vehicle,0,84
1570874748274,small_vehicle,10,271
1568359824826,large_vehicle,0,136
1573275959425,large_vehicle,8,216
1570975946350,large_vehicle,10,72
1585684416033,small_vehicle,3,139
1566608867416,large_vehicle,8,120
1576767835398,large_vehicle,10,47
1580383309129,large_vehicle,3,304
1568581210910,large_vehicle,0,262
1583812395773,small_vehicle,4,146
1585962095657,small_vehicle,8,10
1581529974912,small_vehicle,8,230
1574146957718,small_vehicle,6,249
1568345399006,small_vehicle,3,191
1580209139333,large_vehicle,6,253
1568304499004,large_vehicle,10,116
1566027932073,small_vehicle,1,69
1572038840878,large_vehicle,4,353
1583635370726,large_vehicle,4,320
1584900403098,large_vehicle,3,218
1582441606333,small_vehicle,2,339
1578248848535,large_vehicle,9,222
1573490919786,large_vehicle,6,347
1568188239402,small_vehicle,1,333
1577957930768,large_vehicle,2,241
1567412228692,large_vehicle,0,190
1584741296460,large_vehicle,3,108
1584885881422,large_vehicle,6,58
1572664961167,small_vehicle,7,333
1571020785242,small_vehicle,0,43
1570549857919,large_vehicle,6,185
1580715619106,large_vehicle,6,3
1567726372126,small_vehicle,9,175
1580368572198,small_vehicle,6,269
1566922849513,small_vehicle,3,84
1574984652611,small_vehicle,5,296
1574424297084,small_vehicle,3,131
1575099544243,small_vehicle,1,290
1574683631928,large_vehicle,6,84
1568103613401,small_vehicle,0,191
1566532219638,small_vehicle,9,235
1565111047365,large_vehicle,10,278
1572304704336,large_vehicle,3,234
1567764183989,small_vehicle,1,24
1568512320473,small_vehicle,8,243
1582827929164,large_vehicle,8,115
1577875904886,small_vehicle,5,329
1580735589702,small_vehicle,10,51
1576452126056,large_vehicle,2,142
1572517457897,small_vehicle,7,238
1568710661431,small_vehicle,9,336
1579677541079,large_vehicle,5,163
1568984821671,small_vehicle,8,31
1573449302702,large_vehicle,8,302
1581112562432,large_vehicle,1,175
1570405459330,large_vehicle,6,358
1575860248450,large_vehicle,10,132
1576869189565,small_vehicle,0,192
1580962917821,large_vehicle,1,311
1569736060297,large_vehicle,2,53
1578522859625,small_vehicle,7,241
1586488462685,small_vehicle,6,81
1575005402071,large_vehicle,6,154
1578280069134,large_vehicle,8,302
1580050226007,large_vehicle,9,122
1569252421505,large_vehicle,10,353
1568664560963,small_vehicle,10,145
1565975274591,large_vehicle,0,212
1578255564490,large_vehicle,0,51
1579903391060,large_vehicle,0,18
1565745173303,large_vehicle,1,41
1577716329836,large_vehicle,3,53
1584406116386,small_vehicle,8,220
1573806479950,small_vehicle,2,181
1566419125222,large_vehicle,9,288
1585026390433,large_vehicle,8,162
1577545700003,large_vehicle,0,50
1575464523704,small_vehicle,1,141
1565958235791,large_vehicle,0,215
1577653901201,small_vehicle,9,67
1569088925472,large_vehicle,8,352
1568916446322,small_vehicle,10,350
1580487113866,small_vehicle,2,255
1585560481922,large_vehicle,7,130
1568810453702,small_vehicle,3,140
1581170176904,large_vehicle,10,51
1566107754907,large_vehicle,5,154
1579900768304,large_vehicle,9,148
1579944013714,small_vehicle,10,256
1574882612926,small_vehicle,7,134
1577103487904,small_vehicle,1,330
1585420824071,small_vehicle,2,341
1567923745508,large_vehicle,5,119
1581422415323,small_vehicle,9,219
1581983731839,small_vehicle,3,70
1570869244521,small_vehicle,8,55
1578191132218,small_vehicle,5,152
1586185336456,large_vehicle,5,16
1578397661526,large_vehicle,4,298
1579044731562,large_vehicle,2,286
1582478966360,small_vehicle,6,75
1583584152219,small_vehicle,7,80
1585220159029,small_vehicle,9,96
1578747658220,large_vehicle,7,108
1567743052760,large_vehicle,7,337
1586534431692,large_vehicle,10,21
1583620229424,small_vehicle,4,63
1582312582896,large_vehicle,9,178
1566289765917,large_vehicle,0,137
1565652002132,large_vehicle,3,25
1578409620211,large_vehicle,2,308
1586300734185,large_vehicle,8,179
1567115081565,large_vehicle,0,124
1579537637657,large_vehicle,10,234
1573268390281,large_vehicle,2,35
1586074028007,small_vehicle,8,193
1571854993844,large_vehicle,0,269
1586313548226,large_vehicle,5,185
1573341967418,small_vehicle,5,64
1578129381086,small_vehicle,3,80
1578815386455,large_vehicle,1,220
1569138585928,small_vehicle,8,89
1564806045800,large_vehicle,5,188
1586254160609,small_vehicle,9,324
1572679678322,small_vehicle,7,66
1573825795398,small_vehicle,5,15
1580128028589,small_vehicle,0,11
1584917661991,small_vehicle,2,3
1582597038165,large_vehicle,3,30
1581975049228,small_vehicle,7,137
1568474013848,large_vehicle,0,55
1571832365073,small_vehicle,0,202
1568325635190,large_vehicle,2,175
1578724835504,small_vehicle,9,300
1578582563194,large_vehicle,3,149
1577638277731,large_vehicle,7,108
1571518646357,small_vehicle,1,316
1580415789307,large_vehicle,4,233
1581452909753,large_vehicle,2,17
1565830938835,large_vehicle,3,106
1576863382207,small_vehicle,8,320
1569467368626,large_vehicle,5,233
1583643109824,small_vehicle,1,347
1565437492892,small_vehicle,7,29
1580343773302,small_vehicle,8,44
1571541372143,small_vehicle,1,89
1584061908701,small_vehicle,2,170
1579279999550,small_vehicle,3,148
1567685178516,large_vehicle,0,58
1567879090270,large_vehicle,3,36
1581362364028,small_vehicle,0,146
1577121954932,small_vehicle,2,72
1585960527973,small_vehicle,3,243
1574572431255,large_vehicle,2,283
1574384921947,large_vehicle,7,1
1567496101987,large_vehicle,5,238
1582585683459,large_vehicle,5,248
1571824394115,small_vehicle,9,39
1572958036490,large_vehicle,2,168
1586672200151,small_vehicle,3,201
1578736870796,large_vehicle,9,225
1569268719264,small_vehicle,3,275
1582644065268,small_vehicle,1,53
1575983323321,large_vehicle,1,249
1581272126450,large_vehicle,10,294
1585194199672,large_vehicle,0,183
1585466441028,small_vehicle,5,289
1565515641841,small_vehicle,6,45
1567979651177,small_vehicle,5,139
1577679167573,small_vehicle,4,91
1571786003230,small_vehicle,5,325
1574745465733,small_vehicle,9,52
1573658387567,large_vehicle,1,143
1585521278957,large_vehicle,4,286
1565209807805,small_vehicle,7,328
1570331866032,small_vehicle,5,109
1569839681268,small_vehicle,0,121
1570104620274,large_vehicle,0,5
1569565412440,small_vehicle,6,319
1579810193620,large_vehicle,6,114
1573001252792,small_vehicle,4,149
1583239405554,large_vehicle,6,291
1569832302145,large_vehicle,0,148
1565486183461,large_vehicle,8,300
1577657767339,small_vehicle,9,241
1575247884961,small_vehicle,4,332
1581640780234,small_vehicle,4,80
1565115764263,small_vehicle,9,148
1579301105493,large_vehicle,3,249
1584126782105,small_vehicle,5,295
1576047816796,small_vehicle,5,42
1575915959853,small_vehicle,2,266
1582886641393,large_vehicle,4,195
1585646541670,small_vehicle,4,271
1574108659115,small_vehicle,6,275
1578862540302,large_vehicle,6,211
1578356313132,small_vehicle,5,347
1568701408917,large_vehicle,6,208
1581455801238,large_vehicle,8,31
1568686907658,small_vehicle,0,229
1573533428778,large_vehicle,5,27
1585052204577,small_vehicle,9,320
1568311245577,large_vehicle,8,325
1565083476078,small_vehicle,2,221
1573176770361,small_vehicle,8,338
1570652222402,small_vehicle,6,39
1581430168522,small_vehicle,0,252
1577617253741,large_vehicle,2,318
1574361796214,small_vehicle,10,162
1565365077454,small_vehicle,5,157
1584507016125,small_vehicle,2,248
1572053816792,small_vehicle,8,182
1580804794933,small_vehicle,8,309
1580446288326,small_vehicle,3,151
1584302267671,small_vehicle,0,30
1582795551053,large_vehicle,0,324
1578218606353,large_vehicle,7,328
1579982858860,large_vehicle,7,105
1573183407396,small_vehicle,8,97
1569886148555,large_vehicle,9,139
1579798601839,large_vehicle,1,234
1569274396774,large_vehicle,2,260
1584706646508,large_vehicle,8,117
1574584575210,large_vehicle,1,348
1577623857518,small_vehicle,6,28
1568454974255,small_vehicle,8,330
1581230819964,large_vehicle,2,207
1572184857530,large_vehicle,10,29
1567231241743,small_vehicle,3,50
1569095384749,small_vehicle,9,9
1568883427552,large_vehicle,3,62
1570783165472,small_vehicle,4,359
1567938780045,small_vehicle,2,43
1582126638615,small_vehicle,2,178
1584921392690,small_vehicle,6,71
1570992069169,small_vehicle,1,191
1574583253650,large_vehicle,1,281
1580108882173,small_vehicle,9,216
1565247533962,small_vehicle,3,15
1578374655023,small_vehicle,1,260
1565543221374,large_vehicle,8,46
1575985176496,small_vehicle,8,128
1572739892834,small_vehicle,9,94
1569709769338,small_vehicle,0,357
1565716892805,large_vehicle,3,211
1582470389811,small_vehicle,1,187
1581379221966,small_vehicle,10,202
1575090760019,large_vehicle,0,41
1580947788546,small_vehicle,3,88
1578684959178,small_vehicle,10,167
1584979747829,small_vehicle,8,146
1578806945411,large_vehicle,10,259
1564783120514,small_vehicle,9,345
1580864881538,small_vehicle,10,270
1570262743985,small_vehicle,4,274
1585653221926,small_vehicle,10,245
1568363747211,large_vehicle,8,292
1575842532625,small_vehicle,2,171
1577390729634,large_vehicle,6,227
1573816948195,large_vehicle,8,171
1576793368712,large_vehicle,3,266
1568475418001,large_vehicle,2,70
1585228549191,small_vehicle,7,78
1570612301512,small_vehicle,0,278
1565089565530,small_vehicle,5,165
1577684768853,large_vehicle,5,213
1572262716561,large_vehicle,4,89
1579341317661,large_vehicle,9,90
1573914407406,large_vehicle,7,27
1572313424249,large_vehicle,6,105
1565221791624,large_vehicle,6,123
1572084094798,small_vehicle,5,325
1575249766460,large_vehicle,6,261
1580092540063,small_vehicle,1,204
1570709419977,large_vehicle,3,70
1573683001551,large_vehicle,5,108
1568818318213,small_vehicle,4,88
1570471595969,large_vehicle,5,299
1581049577733,small_vehicle,3,188
1564982728526,small_vehicle,2,262
1576197563925,small_vehicle,2,120
1571618076797,large_vehicle,3,36
1567102280374,small_vehicle,1,210
1582338995166,small_vehicle,0,355
1564835774106,small_vehicle,2,256
1571367674456,large_vehicle,6,63
1576017142576,large_vehicle,8,167
1572299873934,large_vehicle,1,173
1586517590820,small_vehicle,5,262
1564721898988,large_vehicle,3,171
1578079932939,large_vehicle,10,92
1567989615462,large_vehicle,5,291
1572977881412,large_vehicle,0,258
1570828791917,small_vehicle,1,251
1585703327947,small_vehicle,5,125
1572135797343,small_vehicle,6,28
1575346491729,large_vehicle,9,135
1581699955106,small_vehicle,2,61
1574298148340,small_vehicle,5,12
1583819284656,large_vehicle,2,138
1580480483599,large_vehicle,7,174
1570455070075,large_vehicle,3,63
1579516088929,large_vehicle,6,223
1578834178168,small_vehicle,0,252
1567829367449,small_vehicle,2,20
1566366930527,small_vehicle,1,20
1565905363472,small_vehicle,1,298
1572421947204,large_vehicle,5,224
1569125359214,small_vehicle,2,307
1575817274827,small_vehicle,3,319
1569559215439,small_vehicle,3,188
1564647656243,large_vehicle,4,158
1576759030695,small_vehicle,6,151
1577428493293,small_vehicle,9,21
1565409673250,large_vehicle,3,165
1571173515658,large_vehicle,8,298
1580889099352,large_vehicle,10,347
1574668784894,large_vehicle,7,248
1565356680770,large_vehicle,2,28
1576511694574,large_vehicle,5,265
1582224045914,small_vehicle,5,341
1578314604015,large_vehicle,7,324
1586247401970,large_vehicle,0,43
1572248186831,large_vehicle,9,229
1579081080367,small_vehicle,7,3
1570307995330,large_vehicle,7,311
1579878646680,small_vehicle,10,240
1583907283353,small_vehicle,2,323
1571246668645,small_vehicle,10,268
1577389939957,large_vehicle,7,265
1585955230458,large_vehicle,7,12
1584043409184,small_vehicle,9,36
1573931000833,large_vehicle,10,182
1566167252531,small_vehicle,1,329
1566834187149,small_vehicle,8,185
1585442450711,small_vehicle,3,348
1579575971850,small_vehicle,3,27
1582993476142,large_vehicle,8,360
1565847655936,large_vehicle,2,296
1583056176363,small_vehicle,4,148
1580820182357,small_vehicle,7,62
1565340475758,large_vehicle,0,354
1576592507780,small_vehicle,7,110
1573529772630,large_vehicle,5,35
1584364144330,small_vehicle,10,3
1586385263715,large_vehicle,7,95
1568515674082,large_vehicle,9,176
1570375667684,large_vehicle,2,65
1572062329363,small_vehicle,10,16
1569728421641,large_vehicle,1,269
1571508313284,small_vehicle,4,106
1583032262757,small_vehicle,0,50
1570015948822,large_vehicle,4,72
1566209095399,large_vehicle,1,214
1576493595308,large_vehicle,1,46
1572094469472,small_vehicle,6,158
1582231767162,small_vehicle,4,238
1576157040629,large_vehicle,9,280
1581269813886,large_vehicle,5,100
1570312980023,large_vehicle,8,146
1574259358870,large_vehicle,6,97
1566413559022,large_vehicle,3,288
1566794196369,large_vehicle,10,182
1571062972464,small_vehicle,4,150
1567213863140,small_vehicle,7,182
1579234702665,small_vehicle,1,91
1578344104708,small_vehicle,5,319
1567013403239,small_vehicle,7,91
1572424235625,large_vehicle,9,293
1564911910566,small_vehicle,6,46
1573225906047,small_vehicle,9,212
1581158632800,small_vehicle,1,119
1572124090088,small_vehicle,2,303
1572973642334,large_vehicle,2,53
1576745273686,small_vehicle,3,113
1569451882407,large_vehicle,8,114
1580744984522,small_vehicle,9,154
1570691110477,large_vehicle,2,144
1580709127040,small_vehicle,8,359
1586721108259,large_vehicle,10,10
1570578485289,small_vehicle,0,237
1579163120578,large_vehicle,2,331
1568175519801,small_vehicle,3,160
1566515100135,small_vehicle,6,96
1575390038426,large_vehicle,10,242
1565019203768,large_vehicle,5,198
1573982001252,small_vehicle,2,174
1567325828498,large_vehicle,3,314
1585874112294,small_vehicle,6,290
1583135367984,small_vehicle,0,253
1571228853109,small_vehicle,4,238
1578245444041,small_vehicle,2,78
1581284905092,small_vehicle,4,303
1580083336850,small_vehicle,7,309
1580017989280,large_vehicle,7,134
1578145890876,small_vehicle,5,313
