1565988102669,small_vehicle,3,264
1582873132129,small_vehicle,0,232
1584895838644,small_vehicle,6,107
1569338193704,large_vehicle,8,204
1572152887606,large_vehicle,4,123
1566377532370,small_vehicle,1,261
1584263433928,small_vehicle,3,26
1584889720717,large_vehicle,2,115
1581141098578,small_vehicle,7,138
1585692119762,large_vehicle,4,332
1578025289127,large_vehicle,3,334
1572299465441,large_vehicle,3,120
1571840389172,small_vehicle,9,90
1567666874422,large_vehicle,10,302
1584990592442,small_vehicle,2,54
1577887744882,large_vehicle,2,270
1574793104041,large_vehicle,7,165
1571329978906,large_vehicle,0,171
1583686137443,small_vehicle,7,145
1584974760599,large_vehicle,2,148
1586692438012,large_vehicle,2,46
1579676902359,large_vehicle,4,329
1570461031752,small_vehicle,8,18
1565392200802,small_vehicle,2,308
1566258149105,large_vehicle,7,295
1577771292117,small_vehicle,7,7
1584241755880,large_vehicle,7,357
1570044321280,small_vehicle,2,117
1582777695589,small_vehicle,8,39
1583063172882,small_vehicle,8,193
1579304448011,small_vehicle,4,136
1572337387352,large_vehicle,7,330
1575361984997,small_vehicle,9,70
1585972943612,large_vehicle,8,86
1569644306500,small_vehicle,4,262
1578923405994,small_vehicle,10,114
1574499839083,small_vehicle,9,331
1572869084031,small_vehicle,7,299
1572150896113,small_vehicle,2,150
1579637142440,large_vehicle,3,2
1578596416162,large_vehicle,8,26
1577204302144,small_vehicle,9,212
1579440075844,large_vehicle,10,155
1569594608187,large_vehicle,1,252
1574267349447,small_vehicle,9,88
1571662577036,small_vehicle,8,212
1578897940130,large_vehicle,2,56
1565784566121,large_vehicle,9,184
1584903439962,small_vehicle,0,293
1565071590747,small_vehicle,7,297
1572269218863,large_vehicle,5,349
1582492876919,large_vehicle,2,206
1569813535439,large_vehicle,4,139
1583634819240,large_vehicle,10,175
1565627266877,large_vehicle,1,68
1576740218227,small_vehicle,5,315
1567841622644,large_vehicle,2,125
1570718904957,small_vehicle,9,330
1570878846692,large_vehicle,4,227
1578300891160,small_vehicle,3,221
1585161030581,small_vehicle,7,229
1574036550438,small_vehicle,3,80
1577902178699,small_vehicle,4,38
1570613064048,small_vehicle,3,1
1582870180462,large_vehicle,4,198
1576658571860,small_vehicle,3,259
1567204410913,small_vehicle,2,255
1572350280744,small_vehicle,0,304
1575177243596,large_vehicle,7,88
1582748621376,small_vehicle,7,97
1572233584928,large_vehicle,5,321
1572421945911,large_vehicle,7,25
1573535248224,small_vehicle,8,322
1585910952838,small_vehicle,10,348
1578246595758,large_vehicle,5,140
1582077176719,small_vehicle,7,249
1585881670354,small_vehicle,3,113
1565180210726,small_vehicle,0,339
1582004432058,small_vehicle,3,324
1584205310980,small_vehicle,10,343
1582909693046,small_vehicle,0,127
1570844141388,large_vehicle,6,250
1573886374273,large_vehicle,0,129
1582753295777,large_vehicle,1,346
1574581775056,large_vehicle,1,75
1565909728534,small_vehicle,2,198
1579712544419,large_vehicle,9,220
1565213930950,large_vehicle,2,194
1581882945545,small_vehicle,5,171
1583797269594,large_vehicle,4,52
1577320503565,large_vehicle,3,264
1574455822928,small_vehicle,1,198
1580745599775,small_vehicle,3,234
1582017343687,large_vehicle,0,283
1577137803071,small_vehicle,2,125
1574815059476,small_vehicle,5,262
1575336784180,small_vehicle,10,336
1583230955223,small_vehicle,2,155
1578994236591,small_vehicle,0,177
1586672333372,small_vehicle,4,16
1583369058593,small_vehicle,8,54
1565959210426,large_vehicle,6,224
1574923359123,small_vehicle,10,59
1584676742978,large_vehicle,1,65
1585814148822,large_vehicle,3,135
1572326714076,large_vehicle,0,263
1584886783120,small_vehicle,0,190
1580848183019,small_vehicle,0,280
1585252879551,large_vehicle,1,102
1567553048414,small_vehicle,1,7
1586692866382,large_vehicle,2,25
1575639588138,large_vehicle,9,111
1584521977707,small_vehicle,1,80
1575169920500,large_vehicle,7,84
1584795680902,large_vehicle,4,204
1578972474275,large_vehicle,1,301
1568710426641,small_vehicle,7,83
1586518670313,large_vehicle,10,5
1571766596693,large_vehicle,3,125
1565144738647,small_vehicle,2,78
1570396331862,small_vehicle,4,37
1583022144707,large_vehicle,9,304
1572884580035,small_vehicle,10,206
1586113900212,large_vehicle,3,223
1567689608485,small_vehicle,10,289
1567887947003,small_vehicle,1,358
1575540772535,small_vehicle,0,303
1571806145400,small_vehicle,0,16
1573290679169,small_vehicle,9,288
1565493329051,large_vehicle,2,240
1568677769368,small_vehicle,9,264
1574753374920,large_vehicle,9,109
1582528005357,small_vehicle,3,213
1567626585557,small_vehicle,4,82
1572888082246,large_vehicle,0,135
1576085933059,small_vehicle,5,201
1583933021277,small_vehicle,6,297
1573199084996,large_vehicle,0,324
1579482951656,large_vehicle,0,300
1577450414101,large_vehicle,0,153
1568234605981,large_vehicle,7,34
1586105830767,large_vehicle,6,133
1573752354559,large_vehicle,9,94
1572897492626,small_vehicle,3,226
1582689105700,large_vehicle,6,148
1570687369273,small_vehicle,10,170
1574858932536,large_vehicle,9,149
1585191542300,large_vehicle,1,290
1583235955082,large_vehicle,6,360
1581197216453,small_vehicle,1,228
1581247450421,large_vehicle,4,335
1571837678749,large_vehicle,7,114
1564935283125,large_vehicle,8,33
1566806140141,large_vehicle,4,204
1567560811612,large_vehicle,9,29
1581855467362,small_vehicle,9,310
1565671789383,small_vehicle,2,265
1570076435355,small_vehicle,0,10
1577694440778,small_vehicle,7,201
1566126619568,large_vehicle,2,165
1573489705513,small_vehicle,2,109
1584254474975,small_vehicle,4,44
1575471864340,small_vehicle,5,305
1566948184370,small_vehicle,7,96
1572241218160,large_vehicle,9,160
1583612470790,large_vehicle,6,347
1570639033729,large_vehicle,10,212
1570923560564,large_vehicle,1,218
1585756118586,large_vehicle,0,55
1586466103815,small_vehicle,4,155
1567249329781,large_vehicle,0,201
1569001654948,large_vehicle,3,20
1580477875359,large_vehicle,0,222
1569934279018,small_vehicle,0,82
1571768619792,large_vehicle,2,114
1574681002316,large_vehicle,4,61
1576643448487,small_vehicle,8,85
1576991724539,small_vehicle,5,288
1572967065528,large_vehicle,3,181
1586190918877,large_vehicle,5,235
1567370429013,large_vehicle,10,267
1572701576430,small_vehicle,1,98
1574614660786,small_vehicle,9,337
1583171817374,large_vehicle,6,20
1569639551628,small_vehicle,8,27
1569195907215,small_vehicle,0,15
1579149289905,small_vehicle,8,357
1583268543050,large_vehicle,9,146
1586095877569,small_vehicle,8,346
1579087818802,large_vehicle,8,71
1569662197061,small_vehicle,3,227
1583153616603,large_vehicle,6,137
1575680545786,large_vehicle,3,72
1576698644503,small_vehicle,2,120
1575173177597,large_vehicle,1,145
1579779520112,large_vehicle,8,351
1570223973583,small_vehicle,0,349
1583253550418,large_vehicle,6,179
1567849879280,small_vehicle,10,266
1580187706730,small_vehicle,10,23
1576723203955,large_vehicle,2,206
1572790267910,large_vehicle,8,136
1574198307309,small_vehicle,1,58
1570833140638,large_vehicle,5,28
1581594138161,small_vehicle,4,254
1574503381838,large_vehicle,4,264
1583752225261,small_vehicle,1,326
1579848538461,large_vehicle,2,50
1585410461909,large_vehicle,7,66
1586321586175,large_vehicle,4,148
1584316196038,large_vehicle,2,123
1577260803732,large_vehicle,0,168
1569205405006,large_vehicle,10,219
1586261327568,large_vehicle,6,90
1581603876298,large_vehicle,3,265
1569807411726,large_vehicle,1,244
1574643013144,large_vehicle,8,337
1569666586132,small_vehicle,8,24
1571937932025,small_vehicle,1,12
1574402094186,small_vehicle,4,68
1570019916538,large_vehicle,8,7
1565010133134,small_vehicle,10,96
1576527395272,large_vehicle,8,25
1580415279028,small_vehicle,7,115
1580399707854,small_vehicle,4,151
1567881005105,large_vehicle,5,260
1583725219114,small_vehicle,8,126
1585601570863,small_vehicle,9,278
1584180753647,small_vehicle,0,259
1568714310314,small_vehicle,8,183
1570514442485,small_vehicle,8,117
1577493384360,small_vehicle,4,288
1577975097878,large_vehicle,2,205
1571771303978,large_vehicle,7,194
1571933841336,small_vehicle,8,95
1566893123472,large_vehicle,10,151
1582080817873,small_vehicle,9,263
1575834776000,small_vehicle,0,289
1567429730025,large_vehicle,8,343
1571051733182,large_vehicle,7,50
1575165868725,large_vehicle,2,212
1582058016104,large_vehicle,7,222
1579336159585,small_vehicle,0,347
1570357671235,large_vehicle,10,150
1580079849030,small_vehicle,8,337
1583154390517,large_vehicle,7,263
1577272232774,small_vehicle,10,72
1573931232112,small_vehicle,0,331
1580444554117,large_vehicle,10,126
1571690596397,large_vehicle,6,281
1566892497007,large_vehicle,3,112
1566611199347,small_vehicle,4,340
1567449597572,small_vehicle,7,271
1584385990831,large_vehicle,6,205
1581375978080,small_vehicle,2,163
1585537475068,large_vehicle,5,177
1568184997920,small_vehicle,10,208
1570817799351,large_vehicle,9,163
1572223079542,small_vehicle,3,250
1574125988665,small_vehicle,3,127
1586355137076,small_vehicle,3,253
1575279460333,small_vehicle,7,259
1581771810259,large_vehicle,1,271
1583408891185,large_vehicle,2,209
1577434606719,small_vehicle,7,38
1565041978443,small_vehicle,10,22
1577343865090,small_vehicle,9,190
1583437502160,small_vehicle,6,300
1577864443298,large_vehicle,3,176
1581432343529,small_vehicle,7,31
1566782926826,small_vehicle,0,249
1575082366870,small_vehicle,0,213
1564810958196,large_vehicle,3,166
1576661015027,small_vehicle,4,183
1583934146230,small_vehicle,8,123
1568836132023,large_vehicle,8,48
1571845226737,large_vehicle,10,269
1572131645645,large_vehicle,10,31
1577215969620,small_vehicle,1,83
1578020463924,small_vehicle,10,261
1578641017422,small_vehicle,5,227
1585181650949,large_vehicle,2,345
1573290597492,small_vehicle,0,149
1578330336633,large_vehicle,9,115
1585924308337,large_vehicle,3,286
1566392342637,large_vehicle,9,177
1580943619219,large_vehicle,3,120
1572410865576,small_vehicle,10,166
1566599709759,large_vehicle,3,237
1571482315468,large_vehicle,0,245
1571359607246,large_vehicle,8,303
1574328850096,small_vehicle,5,23
1573585323013,large_vehicle,10,15
1575692857213,large_vehicle,2,149
1574290728037,large_vehicle,1,181
1586007871298,small_vehicle,4,210
1566483754236,small_vehicle,2,109
1568532468687,small_vehicle,6,337
1576075580709,large_vehicle,6,283
1580383472772,small_vehicle,3,208
1583930568304,large_vehicle,8,306
1566784391122,small_vehicle,4,127
1579495410943,small_vehicle,3,360
1568871901100,large_vehicle,1,81
1566812560550,large_vehicle,5,164
1573760629518,small_vehicle,5,38
1564863664971,large_vehicle,0,110
1575992802505,large_vehicle,2,271
1566165100045,large_vehicle,6,79
1575178094955,small_vehicle,3,63
1586009586038,small_vehicle,8,173
1585576196052,large_vehicle,8,104
1570165624077,small_vehicle,3,25
1582796422713,small_vehicle,0,30
1567651291691,small_vehicle,3,91
1573857655725,large_vehicle,0,336
1573015073440,small_vehicle,5,328
1573056793779,small_vehicle,3,261
1584510894203,small_vehicle,2,154
1574522474099,small_vehicle,6,34
1581099038070,large_vehicle,9,229
1576253892127,small_vehicle,6,202
1569060618337,large_vehicle,8,253
1578779653044,large_vehicle,6,47
1570774521904,small_vehicle,1,8
1566873469300,large_vehicle,0,46
1573092515235,large_vehicle,3,230
1576045708567,small_vehicle,2,153
1573537971568,small_vehicle,2,191
1582128086928,large_vehicle,3,160
1573926326204,large_vehicle,6,239
1581461566669,large_vehicle,9,341
1572131338236,large_vehicle,1,303
1567832847646,small_vehicle,9,215
1565556534731,small_vehicle,5,136
1585510400734,small_vehicle,1,355
1577603994170,large_vehicle,10,313
1576895161009,small_vehicle,10,197
1585881605996,large_vehicle,1,282
1574805292482,large_vehicle,10,223
1564917910232,large_vehicle,4,285
1578082048052,large_vehicle,7,33
1576455836329,small_vehicle,7,22
1578131248794,small_vehicle,2,16
1575833823829,large_vehicle,7,177
1572618422825,small_vehicle,9,339
1566923797529,large_vehicle,6,52
1573339542060,large_vehicle,8,312
1583973333667,large_vehicle,3,248
1573459761293,large_vehicle,6,291
1584659244746,large_vehicle,4,138
1572955579903,large_vehicle,4,257
1565490430430,large_vehicle,4,173
1583193836381,small_vehicle,9,227
1571424789981,large_vehicle,9,325
1575157033921,small_vehicle,2,187
1574388544487,small_vehicle,2,266
1580939987952,large_vehicle,4,143
1565308654371,small_vehicle,4,145
1566430219314,large_vehicle,8,357
1571571764026,small_vehicle,5,264
1571800638350,small_vehicle,9,51
1573879229531,small_vehicle,7,254
1575496476039,small_vehicle,1,120
1583968396537,small_vehicle,6,47
1573771841913,small_vehicle,3,2
1572205383649,large_vehicle,0,253
1573587557867,large_vehicle,5,178
1585724552546,small_vehicle,2,43
1581775942927,small_vehicle,6,278
1585792073681,large_vehicle,1,249
1573277515235,small_vehicle,1,257
1585597910351,large_vehicle,1,357
1564703563344,large_vehicle,1,315
1577457679151,small_vehicle,5,70
1570574049554,small_vehicle,4,331
1576802272126,large_vehicle,3,70
1586407970784,large_vehicle,1,39
1571393815343,small_vehicle,10,311
1566000947042,small_vehicle,6,157
1586073824545,small_vehicle,7,72
1584329631481,large_vehicle,3,0
1570152367238,large_vehicle,9,193
1578685922074,large_vehicle,0,100
1584897658416,large_vehicle,0,46
1572309520529,large_vehicle,0,240
1568953454556,large_vehicle,7,114
1577623236845,large_vehicle,4,88
1569825921015,small_vehicle,1,70
1571909932610,large_vehicle,6,304
1580687713629,small_vehicle,3,7
1585566906871,large_vehicle,2,153
1565866945636,small_vehicle,7,254
1570561737588,large_vehicle,2,159
1570369929679,large_vehicle,4,242
1580393699318,large_vehicle,8,181
1583290886796,small_vehicle,3,38
1578214135856,small_vehicle,0,105
1568073824423,large_vehicle,4,98
1571328513438,small_vehicle,10,249
1576818011686,large_vehicle,8,133
1570312559578,small_vehicle,1,357
1567530490159,small_vehicle,9,251
1573830475630,large_vehicle,10,266
1573397544721,small_vehicle,6,24
1586643251821,small_vehicle,7,20
1570327498808,large_vehicle,7,9
1579893048449,large_vehicle,2,176
1583524568530,large_vehicle,3,269
1565416268595,large_vehicle,8,68
1570998610498,large_vehicle,9,313
1583457908101,small_vehicle,8,107
1574853636126,large_vehicle,2,124
1573680257179,large_vehicle,8,295
1568084889059,small_vehicle,1,90
1564683323992,small_vehicle,1,336
1584812589076,large_vehicle,2,166
1580850915262,large_vehicle,6,308
1578279013229,large_vehicle,3,99
1582489424386,large_vehicle,8,66
1567268710988,large_vehicle,2,229
1567272453641,large_vehicle,7,354
1584276478339,small_vehicle,5,53
1575423138076,small_vehicle,3,150
1575364268978,large_vehicle,7,119
1574176305982,small_vehicle,4,218
1581153086014,small_vehicle,0,130
1573481292895,large_vehicle,0,155
1582070065638,large_vehicle,3,18
1584883390160,large_vehicle,10,194
1569652887878,small_vehicle,10,271
1570234670606,small_vehicle,6,35
1566909385367,small_vehicle,3,203
1568282774251,small_vehicle,6,131
1584947170763,small_vehicle,10,214
1566804623514,large_vehicle,9,331
1586670210083,large_vehicle,7,88
1575726519288,small_vehicle,8,170
1566808900990,large_vehicle,6,232
1571545081712,small_vehicle,1,209
1564848956627,large_vehicle,1,56
1568589983433,large_vehicle,8,262
1570995117044,small_vehicle,7,236
1577706647717,large_vehicle,8,16
1576159857374,large_vehicle,5,143
1576695321966,small_vehicle,7,299
1572989911457,small_vehicle,8,121
1567671171633,small_vehicle,10,353
1581852399952,large_vehicle,5,106
1581112483005,large_vehicle,10,101
1572290622169,small_vehicle,1,314
1565703071045,small_vehicle,7,224
1583457719625,small_vehicle,4,157
1575590506553,small_vehicle,1,31
1580179535697,small_vehicle,3,90
1583281913587,small_vehicle,7,49
1575625407582,small_vehicle,10,136
1579028105863,small_vehicle,1,295
1571170985191,large_vehicle,4,289
1569279559604,large_vehicle,1,56
1577642061390,small_vehicle,10,120
1577171899542,large_vehicle,5,137
1568726435347,small_vehicle,10,70
1582226279764,large_vehicle,4,254
1584685098246,large_vehicle,8,231
1575369173786,small_vehicle,0,29
1574964439308,large_vehicle,0,53
1576598932747,large_vehicle,4,133
1568971866415,small_vehicle,3,174
1571523396227,large_vehicle,5,313
1569676631241,small_vehicle,1,184
1577923472413,large_vehicle,2,79
1579839730726,small_vehicle,9,134
1569658466990,large_vehicle,8,303
1580313021974,large_vehicle,2,270
1567534959019,large_vehicle,0,96
1575806904177,large_vehicle,9,226
1567093429651,small_vehicle,8,24
1566025378210,small_vehicle,6,18
1580173050896,small_vehicle,5,91
1576992006201,small_vehicle,1,350
1585630560025,small_vehicle,7,120
1582645315341,small_vehicle,5,268
1584170417139,large_vehicle,4,49
1572310188030,small_vehicle,6,106
1570115676513,small_vehicle,5,139
1579242468855,small_vehicle,3,194
1584599095640,large_vehicle,6,172
1576938518768,large_vehicle,3,177
1573888929414,large_vehicle,10,73
1566865320844,large_vehicle,10,316
1578733045306,large_vehicle,4,337
1568268053109,small_vehicle,8,17
1570541285669,large_vehicle,3,265
1584881731382,large_vehicle,2,330
1573036580487,large_vehicle,8,332
1584451308700,large_vehicle,2,288
1581974493351,large_vehicle,1,139
1581534186656,large_vehicle,10,109
1574256650839,small_vehicle,3,282
1585839945904,large_vehicle,1,71
1584784865717,small_vehicle,8,340
1566971040186,large_vehicle,8,289
1582629336598,large_vehicle,6,91
1581586458153,large_vehicle,6,256
1584952192450,small_vehicle,8,151
1575659069006,large_vehicle,9,97
1567523773129,small_vehicle,2,0
1584683500275,small_vehicle,6,323
1564699053839,small_vehicle,8,333
1576062998109,large_vehicle,5,19
1567425882015,small_vehicle,0,349
1568945125106,large_vehicle,10,170
1578023999476,small_vehicle,2,328
1576137368182,large_vehicle,7,89
1583110253526,small_vehicle,4,103
1578331385396,small_vehicle,0,190
1571831556206,large_vehicle,2,246
1586202592280,small_vehicle,5,210
1571437266130,large_vehicle,5,27
1571551474068,small_vehicle,10,227
1568944801219,small_vehicle,5,238
1580132126834,large_vehicle,7,156
1586382818898,large_vehicle,8,155
1576810084158,small_vehicle,10,344
1574258144500,small_vehicle,10,85
1576477939498,large_vehicle,5,86
1586182853349,large_vehicle,4,254
1578883790660,small_vehicle,10,210
1574982267286,small_vehicle,2,240
1570197612397,small_vehicle,8,54
1586203408513,small_vehicle,9,343
1579598268306,small_vehicle,6,117
1575818448698,large_vehicle,8,103
1568798830567,small_vehicle,4,130
1577841016937,large_vehicle,8,260
1586146405761,small_vehicle,9,253
1581819748710,small_vehicle,7,189
1570156371940,small_vehicle,3,318
1577931801275,small_vehicle,3,187
1583497511693,small_vehicle,5,166
1576290870073,large_vehicle,9,181
1575290877668,small_vehicle,8,163
1583505317147,small_vehicle,10,145
1566439759479,large_vehicle,5,93
1564655279223,small_vehicle,0,281
1576042283006,small_vehicle,4,219
1574162983076,small_vehicle,3,341
1573986162715,large_vehicle,0,90
1572461364716,large_vehicle,2,163
1569692559364,small_vehicle,6,195
1577976317361,small_vehicle,4,295
1584339076515,small_vehicle,9,17
1573203379197,small_vehicle,3,151
1567772114769,small_vehicle,7,122
1583101629131,large_vehicle,4,209
1576699663214,large_vehicle,9,251
1567252863870,small_vehicle,2,213
1580331410253,large_vehicle,4,11
1580665472727,small_vehicle,9,313
1577944389280,large_vehicle,4,291
1570307392699,small_vehicle,6,11
1569001328614,large_vehicle,9,227
1573591760163,large_vehicle,10,56
1572775609180,small_vehicle,0,51
1577520407224,large_vehicle,8,42
1574365501158,large_vehicle,9,149
1578834373778,large_vehicle,5,179
1566302308974,large_vehicle,2,74
1566549072293,small_vehicle,9,200
1581913246305,small_vehicle,1,29
1573863827540,small_vehicle,10,329
1570992758345,large_vehicle,1,171
1565411482094,small_vehicle,4,287
1577572388368,large_vehicle,7,349
1582605584206,large_vehicle,7,220
1583226899162,large_vehicle,4,308
1566665718068,large_vehicle,2,261
1586616901261,large_vehicle,5,181
1581939278328,large_vehicle,9,201
1565439152432,small_vehicle,4,40
1566253155450,large_vehicle,8,28
1569493694719,large_vehicle,1,174
1575335668500,small_vehicle,3,340
1579984521546,small_vehicle,5,315
1574190884321,large_vehicle,5,111
1566662441178,small_vehicle,3,116
1576281265220,large_vehicle,6,261
1576246713324,small_vehicle,6,148
1572385709202,small_vehicle,2,66
1566586475244,large_vehicle,6,183
1567963538992,large_vehicle,9,163
1575159352951,large_vehicle,8,342
1568321678461,small_vehicle,2,145
1580457341261,small_vehicle,6,271
1573345847264,large_vehicle,10,264
1586377759799,large_vehicle,10,328
1583453632873,small_vehicle,1,334
1577509071167,small_vehicle,5,124
1583308980494,large_vehicle,8,143
1572837112494,large_vehicle,5,348
1582461599892,large_vehicle,8,262
1565986366695,large_vehicle,3,70
1581257768654,small_vehicle,8,22
1576328284709,large_vehicle,5,23
1567456275662,small_vehicle,4,20
1571347147725,small_vehicle,9,99
1572745720044,large_vehicle,3,51
1574576664410,large_vehicle,0,144
1566192652231,small_vehicle,9,55
1579871268846,small_vehicle,2,234
1582776224717,large_vehicle,10,66
1565262292736,small_vehicle,7,331
1569532955231,small_vehicle,7,38
1569478221513,large_vehicle,5,285
1569902369715,small_vehicle,0,195
1573829897318,small_vehicle,2,85
1580429504324,small_vehicle,3,103
1566634721494,large_vehicle,9,294
1574932878481,large_vehicle,0,235
1577110411047,large_vehicle,9,183
1569500399413,small_vehicle,4,77
1576074840936,small_vehicle,3,34
1586579254151,small_vehicle,9,9
1574017802042,large_vehicle,10,293
1570105288122,large_vehicle,1,256
1579016420195,large_vehicle,0,157
1584850400728,large_vehicle,1,89
1582961873494,small_vehicle,4,197
1575311753907,small_vehicle,5,236
1572937474504,large_vehicle,10,65
1568724284228,large_vehicle,5,238
1583851633578,small_vehicle,4,263
1571238884435,large_vehicle,3,245
1575145872917,large_vehicle,10,314
1569297367161,small_vehicle,9,200
1570671345154,small_vehicle,10,164
1578224560556,small_vehicle,0,313
1575621479704,large_vehicle,6,280
1567260720994,large_vehicle,10,74
1566033056316,small_vehicle,7,206
1565684407070,large_vehicle,8,103
1575708480900,small_vehicle,0,334
1583541406594,large_vehicle,10,148
1584148064135,small_vehicle,4,177
1570133345189,small_vehicle,3,32
1584791140800,large_vehicle,2,307
1566647570216,large_vehicle,2,292
1573727059810,small_vehicle,2,282
1568693703351,small_vehicle,2,155
1577670337790,small_vehicle,4,347
1571548961836,large_vehicle,3,295
1565844780567,large_vehicle,2,9
1584977753222,small_vehicle,2,70
1577555189230,small_vehicle,3,268
1569484465119,large_vehicle,9,104
1570412733507,small_vehicle,3,103
1583132908968,large_vehicle,4,64
1575417462485,small_vehicle,5,217
1581882103196,small_vehicle,3,324
1582092810323,small_vehicle,8,283
1566701401506,large_vehicle,10,306
1567294402444,small_vehicle,1,262
1572775130340,small_vehicle,4,256
1575422503144,large_vehicle,6,14
1564695423710,large_vehicle,5,262
1571356872623,large_vehicle,8,266
1578021088803,large_vehicle,3,31
1581154257603,small_vehicle,6,154
1581307352356,small_vehicle,6,71
1583820497463,large_vehicle,10,299
1578592396719,large_vehicle,4,165
1582766229985,large_vehicle,7,53
1586020125805,large_vehicle,0,283
1579224967635,small_vehicle,2,234
1583701441295,small_vehicle,10,304
1580754301136,large_vehicle,9,110
1572093104744,large_vehicle,0,22
1568393848717,large_vehicle,5,125
1583968997900,large_vehicle,4,124
1581552204784,small_vehicle,3,223
1573658006241,small_vehicle,3,176
1575660969553,small_vehicle,10,46
1585561884401,large_vehicle,2,134
1573776027409,large_vehicle,4,157
1572809512074,small_vehicle,2,195
1579334652416,small_vehicle,5,36
1566666412043,large_vehicle,6,339
1579354375264,large_vehicle,9,219
1569040236605,small_vehicle,6,223
1574980837539,small_vehicle,3,9
1566966057799,large_vehicle,9,359
1573308119462,small_vehicle,4,55
1565924077524,small_vehicle,2,266
1567545854039,large_vehicle,1,122
1586521118456,large_vehicle,3,205
1576090604735,large_vehicle,2,183
1584592392059,small_vehicle,10,108
1569663055426,large_vehicle,1,108
1573194408739,small_vehicle,3,151
1576796197892,small_vehicle,1,219
1581314349931,large_vehicle,4,233
1573154478373,large_vehicle,0,71
1580023721101,large_vehicle,0,262
1577684160939,large_vehicle,4,314
1567198202118,large_vehicle,8,328
1586391727754,large_vehicle,3,331
1566477796007,large_vehicle,7,271
1578421083073,small_vehicle,5,351
1581155835756,large_vehicle,6,1
1583846461002,small_vehicle,7,119
1570220555450,large_vehicle,3,3
1578293623987,small_vehicle,10,209
1576669703002,small_vehicle,4,343
1583957416346,large_vehicle,10,169
1576920601105,large_vehicle,7,102
1573705244506,small_vehicle,9,129
1575931271525,small_vehicle,8,27
1571801893090,large_vehicle,8,120
1586496474769,large_vehicle,7,357
1583080306039,small_vehicle,8,235
1578896887425,large_vehicle,10,110
1581512438737,small_vehicle,9,33
1578351462988,large_vehicle,8,246
1573041699154,large_vehicle,4,132
1565886932498,large_vehicle,3,139
1586521595980,small_vehicle,2,62
1566156205368,small_vehicle,3,323
1575950251943,small_vehicle,6,185
1581922973200,large_vehicle,5,37
1571205525101,small_vehicle,8,26
1564877261424,small_vehicle,8,119
1576753738024,large_vehicle,8,258
1574112796298,small_vehicle,7,90
1577491357020,small_vehicle,5,245
1579766890072,small_vehicle,2,231
1577416496899,large_vehicle,3,210
1572745811887,large_vehicle,1,83
1581906161087,small_vehicle,9,152
1583671560236,large_vehicle,4,273
1579303384136,large_vehicle,8,188
1574546374887,small_vehicle,4,300
1568116193957,large_vehicle,8,360
1584467604421,large_vehicle,9,222
1579408784978,large_vehicle,8,350
1576191340760,small_vehicle,0,209
1569115563685,small_vehicle,0,321
1584132120747,small_vehicle,8,175
1578930894968,large_vehicle,6,245
1572044464327,large_vehicle,2,256
1571272014577,large_vehicle,0,130
1569629958976,small_vehicle,9,132
1566866959750,large_vehicle,5,343
1581534085704,large_vehicle,0,181
1571120288240,large_vehicle,5,270
1583069601900,small_vehicle,1,274
1585871008439,large_vehicle,9,11
1574894735017,small_vehicle,0,240
1577385683374,large_vehicle,4,38
1566535500898,small_vehicle,3,67
1571448363769,small_vehicle,2,77
1574473660167,large_vehicle,0,282
1579792362409,small_vehicle,8,358
1583790606648,large_vehicle,0,9
1580190186694,large_vehicle,9,204
1573528156070,large_vehicle,3,92
1581094665246,large_vehicle,6,78
1567057506436,large_vehicle,2,242
1576998141235,large_vehicle,7,62
1572380353098,large_vehicle,5,62
1570713054784,large_vehicle,0,99
1571890647581,large_vehicle,1,327
1569759459665,large_vehicle,8,314
1565564787927,small_vehicle,6,340
1577627073307,large_vehicle,7,251
1568633381927,small_vehicle,3,166
1568065638510,small_vehicle,1,24
1572570734049,large_vehicle,6,158
1570247673783,large_vehicle,4,193
1583656226848,large_vehicle,9,246
1582873395666,large_vehicle,6,82
1570101610884,small_vehicle,1,80
1573536400158,small_vehicle,10,73
1586161696946,large_vehicle,1,344
1578026175664,large_vehicle,6,110
1586438667052,large_vehicle,6,342
1575065525142,small_vehicle,3,101
1582708417140,large_vehicle,3,351
1574110513460,small_vehicle,1,199
1567271537912,large_vehicle,8,88
1564835689761,large_vehicle,0,72
1578404532372,small_vehicle,6,298
1569202861008,large_vehicle,4,122
1579183378568,large_vehicle,10,191
1570055150862,large_vehicle,10,275
1578357362774,large_vehicle,2,305
1567585231443,small_vehicle,6,258
1573598690144,small_vehicle,5,309
1578968304742,large_vehicle,7,349
1571495417502,small_vehicle,1,25
1586440797732,large_vehicle,1,323
1573226407850,large_vehicle,6,351
1577568881195,small_vehicle,1,128
1585990980533,small_vehicle,7,194
1579423497472,small_vehicle,3,306
1583967878732,small_vehicle,8,72
1586097327115,large_vehicle,5,176
1565913625047,large_vehicle,2,214
1585532688287,large_vehicle,0,195
1576598307285,large_vehicle,10,265
1568562965267,small_vehicle,5,211
1583419186003,small_vehicle,10,71
1582062099660,large_vehicle,4,125
1582104034537,small_vehicle,9,50
1572113345970,small_vehicle,3,21
1565729815166,large_vehicle,0,78
1576902342639,large_vehicle,3,95
1566436234365,large_vehicle,5,358
1576847985223,small_vehicle,7,353
1573773759467,large_vehicle,5,339
1579456090391,small_vehicle,8,325
1581291417261,large_vehicle,10,254
1581604461427,large_vehicle,8,284
1586336035718,small_vehicle,9,140
1578667356867,small_vehicle,3,2
1572397387424,large_vehicle,0,204
1575646571674,large_vehicle,3,255
1581844391056,small_vehicle,9,101
1579001618580,small_vehicle,2,275
1586076337019,small_vehicle,9,169
1576665846745,large_vehicle,10,311
1573659689077,small_vehicle,1,173
1578045497266,small_vehicle,7,171
1571061941353,small_vehicle,4,139
1581566501715,small_vehicle,6,62
1577526138436,large_vehicle,5,250
1575703957504,large_vehicle,9,187
1577863976108,small_vehicle,9,159
1568499228305,large_vehicle,0,247
1575718494188,small_vehicle,0,301
1571046469369,large_vehicle,1,329
1580517923529,large_vehicle,10,108
1582381683340,large_vehicle,1,151
1570557022227,small_vehicle,6,150
1575056704828,small_vehicle,1,33
1577972397906,small_vehicle,1,360
1577367938054,large_vehicle,6,34
1577073444888,small_vehicle,9,13
1565385519718,small_vehicle,0,105
1575437084123,small_vehicle,1,66
1564962140660,small_vehicle,4,359
1569541737037,small_vehicle,3,60
1566251731577,large_vehicle,2,338
1579939096098,large_vehicle,4,144
1573337842441,small_vehicle,1,50
1573136971295,large_vehicle,0,50
1567208269146,small_vehicle,6,63
1574751004259,large_vehicle,9,89
1569455750681,small_vehicle,5,16
1570214717778,small_vehicle,2,237
1573296290385,small_vehicle,6,262
1583214869243,small_vehicle,3,75
1570469870129,small_vehicle,6,93
1579642169916,small_vehicle,4,217
1571610970940,small_vehicle,0,235
1569071770539,large_vehicle,0,338
1578121666631,large_vehicle,10,292
1568070029491,large_vehicle,6,59
1569181818014,large_vehicle,3,79
1573862158421,large_vehicle,9,5
1570350485545,large_vehicle,9,333
1586607912279,large_vehicle,7,94
1585687460667,small_vehicle,9,308
1572522973769,large_vehicle,0,202
1577810617371,large_vehicle,8,59
1567675792194,small_vehicle,6,153
1564837596481,small_vehicle,2,303
1577497168709,small_vehicle,10,252
1566716682951,small_vehicle,6,79
1577822450202,small_vehicle,7,103
1571926507406,large_vehicle,5,141
1578046977064,large_vehicle,7,260
1577304823836,large_vehicle,2,162
1586288010077,small_vehicle,7,167
1569184946810,small_vehicle,4,321
1580728198839,large_vehicle,8,9
1584120086444,small_vehicle,5,41
1576127930707,small_vehicle,2,337
1573726325075,small_vehicle,5,347
1568807486776,small_vehicle,5,20
1585720500006,small_vehicle,6,113
1567896022383,large_vehicle,9,305
1586647454297,large_vehicle,7,317
1586665013361,small_vehicle,1,262
1576408180118,small_vehicle,1,308
1577358000446,small_vehicle,2,60
1586695267353,small_vehicle,7,320
1583915423875,large_vehicle,10,101
1580292998323,large_vehicle,1,339
1580046099488,small_vehicle,8,273
1581921948357,large_vehicle,7,294
1580732891052,large_vehicle,7,76
1569573440804,small_vehicle,10,257
1573236078046,small_vehicle,6,153
1581326819976,small_vehicle,2,337
1572015581231,large_vehicle,8,304
1576468919327,small_vehicle,3,306
1570791257676,large_vehicle,6,144
1576434788959,small_vehicle,9,233
1584232555159,small_vehicle,10,32
1565307341823,small_vehicle,0,35
1583987167623,small_vehicle,2,79
1584472885104,small_vehicle,0,238
1579503410239,small_vehicle,0,38
1576696558180,small_vehicle,7,306
1572604294606,large_vehicle,10,286
1585144012718,large_vehicle,2,74
1564970621715,large_vehicle,1,132
1576482637718,small_vehicle,9,141
1582618887048,small_vehicle,7,154
1574503029420,small_vehicle,4,77
1579597411641,small_vehicle,10,295
1576956688429,small_vehicle,7,133
1582242929337,small_vehicle,9,9
1574166735344,large_vehicle,2,127
1569899644520,large_vehicle,6,155
1576363324773,small_vehicle,9,28
1566356862699,small_vehicle,0,336
1582443186971,small_vehicle,5,239
1576760308467,small_vehicle,10,118
1576510134944,large_vehicle,1,136
1570759316954,small_vehicle,3,343
1585451795805,small_vehicle,10,286
1566077869659,large_vehicle,1,234
1566079815411,small_vehicle,2,103
1571356026314,large_vehicle,4,171
1569273207108,large_vehicle,9,24
1564805198831,large_vehicle,5,325
1572155764937,large_vehicle,2,8
1577398122539,large_vehicle,7,22
1579633445931,large_vehicle,0,358
1572965870343,small_vehicle,1,7
1575219827006,large_vehicle,4,352
1583651330158,small_vehicle,5,344
1577675174764,small_vehicle,10,25
1585148433783,small_vehicle,9,149
1571333820809,small_vehicle,9,188
1571152402102,large_vehicle,6,63
1564928216261,large_vehicle,9,333
1580363960036,large_vehicle,0,16
1566500065391,large_vehicle,5,75
1573697219250,small_vehicle,6,254
1578763932738,small_vehicle,2,187
1576634400034,small_vehicle,3,9
1573825117853,large_vehicle,2,219
1580609923702,small_vehicle,0,210
1572326142597,large_vehicle,2,110
1565457779154,small_vehicle,5,190
1565622545370,small_vehicle,6,34
1585794420875,small_vehicle,1,284
1568186104812,large_vehicle,8,261
1567901164161,small_vehicle,0,122
1575382651402,large_vehicle,2,347
1582858568195,small_vehicle,5,211
1583713685739,small_vehicle,5,41
1566616753882,large_vehicle,5,43
1569832965974,large_vehicle,4,122
1573896737112,small_vehicle,8,243
1567801324324,small_vehicle,1,342
1569955899169,large_vehicle,0,287
1573993385105,large_vehicle,2,297
1573376843680,small_vehicle,8,167
1579954298030,small_vehicle,1,339
1585355891190,small_vehicle,4,280
1566529308538,small_vehicle,5,9
1573503031258,large_vehicle,1,104
1569934953416,small_vehicle,9,191
1573382586351,large_vehicle,3,353
1570179161870,large_vehicle,1,263
1569529267786,small_vehicle,3,204
1572002240417,small_vehicle,4,232
1577700804296,large_vehicle,10,192
1573112514814,small_vehicle,2,26
1567080608280,large_vehicle,0,268
1583284770782,small_vehicle,0,22
1576189493052,large_vehicle,2,342
1575910864837,large_vehicle,7,304
1575333667415,large_vehicle,7,255
1578273478466,large_vehicle,1,329
1581285445051,small_vehicle,0,176
1577620891607,small_vehicle,6,352
1577067292300,large_vehicle,8,185
1577689764187,large_vehicle,5,39
1583314410770,large_vehicle,7,121
1577769460990,small_vehicle,5,30
1575119275664,small_vehicle,4,253
1581469133677,small_vehicle,10,28
1568298236906,small_vehicle,9,177
1569705548451,large_vehicle,7,212
1583694179252,small_vehicle,3,123
