1571973597027,small_vehicle,0,111
1569964914775,large_vehicle,0,147
1575994348615,large_vehicle,2,104
1578424687007,large_vehicle,7,25
1578841544829,small_vehicle,9,293
1580457741012,large_vehicle,4,217
1584218462592,small_vehicle,2,16
1567601481018,large_vehicle,5,140
1579150229581,large_vehicle,6,3
1566326999775,large_vehicle,7,76
1576399554883,large_vehicle,4,286
1581688759544,large_vehicle,4,221
1581760449307,small_vehicle,6,254
1586154566690,large_vehicle,9,330
1566758013149,small_vehicle,0,1
1574643047106,large_vehicle,3,260
1568541979508,small_vehicle,5,2
1574586590690,large_vehicle,4,206
1583422853181,large_vehicle,8,255
1569128252988,large_vehicle,2,233
1582207973642,large_vehicle,1,241
1579009891752,small_vehicle,0,337
1573797108694,large_vehicle,7,173
1567672581441,small_vehicle,8,53
1573281166932,small_vehicle,4,338
1570561424741,small_vehicle,9,175
1585574707830,small_vehicle,8,258
1564742620140,small_vehicle,0,278
1575464406032,large_vehicle,5,204
1578222839003,small_vehicle,7,312
1568131955256,small_vehicle,4,335
1568695695236,small_vehicle,7,141
1568041927810,large_vehicle,0,318
1582078063275,large_vehicle,7,219
1579832865741,small_vehicle,5,71
1572980243307,small_vehicle,0,210
1566112290702,large_vehicle,4,285
1581500994484,large_vehicle,0,57
1584757819084,large_vehicle,6,318
1564964751342,small_vehicle,2,11
1577921768175,small_vehicle,7,292
1583580579743,small_vehicle,6,85
1583025417591,small_vehicle,0,324
1573914230877,small_vehicle,3,117
1582229933653,small_vehicle,7,4
1581750080130,large_vehicle,9,135
1579536450794,large_vehicle,5,172
1584003282284,small_vehicle,3,46
1566141644754,large_vehicle,9,318
1583655971385,large_vehicle,4,178
1572274989463,large_vehicle,7,226
1582051890680,small_vehicle,6,348
1567433221717,large_vehicle,2,199
1581655588780,large_vehicle,4,320
1579256864506,large_vehicle,1,308
1565615826856,large_vehicle,3,330
1576954712096,small_vehicle,3,240
1582480126784,large_vehicle,4,296
1583508692120,large_vehicle,3,132
1569876508557,small_vehicle,5,52
1568711403624,small_vehicle,3,2
1585423704851,small_vehicle,6,104
1567972519839,small_vehicle,4,346
1576972017284,small_vehicle,7,32
1575065498994,small_vehicle,8,88
1566161418776,large_vehicle,10,79
1570667866890,large_vehicle,1,109
1565862375793,small_vehicle,1,119
1574589543772,small_vehicle,9,45
1565297682329,large_vehicle,8,270
1577951434051,small_vehicle,4,205
1566698234025,large_vehicle,7,9
1584961306108,small_vehicle,7,346
1577709343600,large_vehicle,8,131
1571109701943,small_vehicle,3,286
1578816157716,small_vehicle,2,222
1577378374871,large_vehicle,9,348
1566570652217,small_vehicle,7,202
1585999963932,small_vehicle,6,87
1566532019017,small_vehicle,0,199
1567138737067,large_vehicle,8,45
1572704553203,small_vehicle,6,316
1568013988159,small_vehicle,8,337
1566286275328,small_vehicle,10,263
1568727863131,large_vehicle,1,332
1577141080056,small_vehicle,2,311
1585458176630,large_vehicle,10,6
1576939212862,large_vehicle,3,36
1574999222958,small_vehicle,1,38
1571476506482,large_vehicle,3,311
1575266833030,small_vehicle,10,219
1576063599212,small_vehicle,7,140
1578318467857,small_vehicle,1,336
1570485227072,large_vehicle,6,180
1569024996589,large_vehicle,7,294
1583617872975,large_vehicle,3,120
1584795345169,large_vehicle,1,297
1581722736926,large_vehicle,1,257
1583150281992,large_vehicle,10,83
1571614913116,small_vehicle,8,52
1574262498052,small_vehicle,9,326
1586325638579,large_vehicle,8,54
1584664439082,small_vehicle,7,157
1568707057675,large_vehicle,1,173
1579413948002,small_vehicle,5,109
1565363922224,small_vehicle,1,298
1581676334548,large_vehicle,6,130
1585719109118,small_vehicle,3,12
1579203455463,small_vehicle,1,209
1567286903967,large_vehicle,9,350
1578129131635,large_vehicle,0,107
1572535497751,small_vehicle,9,313
1582966031287,small_vehicle,4,336
1572884233234,small_vehicle,8,182
1566913014365,large_vehicle,1,187
1568152939432,large_vehicle,3,68
1575226718080,small_vehicle,6,45
1577408261298,small_vehicle,7,72
1579704415350,large_vehicle,7,180
1579429827874,large_vehicle,2,198
1582163154093,small_vehicle,9,213
1579950155301,small_vehicle,0,270
1575250966717,large_vehicle,1,95
1571402140263,large_vehicle,10,94
1584632037814,large_vehicle,1,118
1575184689749,large_vehicle,3,107
1585156474401,large_vehicle,10,300
1577412168032,large_vehicle,3,103
1581942798484,small_vehicle,10,21
1574836091477,large_vehicle,8,253
1582898836528,small_vehicle,9,306
1584233546820,large_vehicle,7,15
1565251338837,large_vehicle,6,237
1575279318569,large_vehicle,5,150
1573116134512,small_vehicle,1,303
1582142544556,large_vehicle,0,77
1571669937123,small_vehicle,5,335
1578175953760,large_vehicle,5,48
1584681801668,large_vehicle,10,344
1578515490102,large_vehicle,7,61
1572139318242,small_vehicle,7,298
1565646248688,large_vehicle,6,337
1574166611252,large_vehicle,2,323
1572383380852,small_vehicle,0,187
1580239719533,large_vehicle,8,69
1567004026284,small_vehicle,2,246
1573151226862,small_vehicle,7,303
1578505889282,large_vehicle,3,79
1565321037473,small_vehicle,2,85
1572654059537,small_vehicle,0,88
1578416465505,small_vehicle,1,95
1569287592879,small_vehicle,9,91
1582359810882,large_vehicle,8,335
1566252841756,large_vehicle,8,214
1577911123704,large_vehicle,0,261
1582335425359,large_vehicle,3,261
1567488741425,large_vehicle,10,37
1580989410129,large_vehicle,10,337
1572216148086,small_vehicle,10,196
1585296667590,large_vehicle,8,306
1568963325286,small_vehicle,3,233
1576759721028,small_vehicle,4,97
1582288762379,large_vehicle,6,227
1572767975472,large_vehicle,2,29
1575605083473,large_vehicle,8,116
1579912899616,small_vehicle,2,268
1573150346216,large_vehicle,0,81
1564826147424,large_vehicle,0,266
1569252308097,small_vehicle,10,151
1569942771418,small_vehicle,2,193
1569125209446,small_vehicle,5,340
1579794595294,large_vehicle,5,33
1581810756093,small_vehicle,10,124
1584256875497,large_vehicle,6,330
1567646479587,small_vehicle,2,24
1581804537032,large_vehicle,3,197
1573145963132,small_vehicle,6,352
1579197321988,large_vehicle,0,140
1582690154883,small_vehicle,0,83
1569739299028,small_vehicle,2,63
1565175980742,small_vehicle,4,175
1580897813546,small_vehicle,2,84
1579351867908,small_vehicle,1,104
1573556400901,small_vehicle,7,346
1576868093512,small_vehicle,3,319
1584819760096,small_vehicle,6,305
1568654306071,small_vehicle,4,293
1580337585936,large_vehicle,5,5
1582663871295,small_vehicle,6,190
1579723791414,large_vehicle,1,9
1575356252482,small_vehicle,7,351
1570590728074,large_vehicle,0,103
1567292821174,small_vehicle,9,313
1581838337860,large_vehicle,2,54
1574098442800,small_vehicle,7,7
1565899880390,small_vehicle,0,73
1585946470959,small_vehicle,10,257
1578124160752,large_vehicle,6,316
1579457072609,small_vehicle,8,82
1568579221262,large_vehicle,6,256
1569361873830,large_vehicle,2,93
1564747819427,small_vehicle,0,305
1586244790272,small_vehicle,10,34
1577747963790,small_vehicle,4,253
1583328237073,large_vehicle,8,107
1577650327167,large_vehicle,6,222
1583117737910,small_vehicle,0,178
1574619929058,large_vehicle,0,143
1579433439521,small_vehicle,3,24
1575485143211,small_vehicle,5,77
1570549616731,small_vehicle,1,196
1577143034027,large_vehicle,10,58
1572425483113,large_vehicle,6,11
1572930686865,large_vehicle,1,98
1566014072335,small_vehicle,2,211
1571382455967,small_vehicle,2,106
1586159453200,large_vehicle,4,235
1570156197046,small_vehicle,1,272
1571831039201,large_vehicle,9,276
1585049900694,large_vehicle,5,182
1567214483023,small_vehicle,1,84
1583956482591,small_vehicle,9,193
1573842100874,small_vehicle,6,101
1565260569511,small_vehicle,1,266
1575083852664,small_vehicle,9,8
1569849776442,small_vehicle,5,324
1584982430437,small_vehicle,7,51
1572054721222,large_vehicle,2,155
1576587820662,small_vehicle,10,1
1576557823900,small_vehicle,1,231
1566476707070,small_vehicle,8,81
1566297221716,large_vehicle,2,2
1575743698810,large_vehicle,1,217
1577721258187,small_vehicle,1,213
1566818498184,large_vehicle,9,322
1580245725676,large_vehicle,0,31
1567650879610,large_vehicle,8,108
1575069934295,small_vehicle,8,242
1565163073076,large_vehicle,6,330
1569722766389,large_vehicle,9,289
1564812386005,small_vehicle,2,288
1569889999671,small_vehicle,3,206
1572464402971,large_vehicle,5,44
1571566391225,small_vehicle,3,161
1576441512680,small_vehicle,8,94
1579035947116,large_vehicle,4,275
1573050987221,large_vehicle,1,181
1569364161258,large_vehicle,7,68
1568654271014,small_vehicle,4,24
1574989226232,large_vehicle,6,3
1573072851072,large_vehicle,3,109
1567156453407,large_vehicle,8,83
1585890138345,small_vehicle,2,80
1569139210876,small_vehicle,8,303
1572325195443,small_vehicle,7,120
1578958706777,small_vehicle,6,291
1584749677777,small_vehicle,4,12
1568114314442,small_vehicle,6,319
1570429513576,large_vehicle,3,349
1570232741120,small_vehicle,6,248
1574323965053,small_vehicle,6,135
1586585727663,small_vehicle,4,88
1566852778030,large_vehicle,7,30
1585060585471,small_vehicle,5,96
1583837924165,small_vehicle,1,123
1571714605958,large_vehicle,1,217
1581815609053,small_vehicle,9,47
1586523574508,small_vehicle,9,134
1564800112964,small_vehicle,5,84
1566781407057,large_vehicle,5,175
1577876051002,small_vehicle,4,64
1577181774295,small_vehicle,4,21
1573051330842,large_vehicle,0,143
1576644788140,small_vehicle,0,57
1583151096288,large_vehicle,7,143
1583904992332,small_vehicle,7,193
1581776814894,small_vehicle,4,176
1585087154275,small_vehicle,1,30
1582870245317,large_vehicle,7,1
1568620095533,large_vehicle,4,264
1575502686404,small_vehicle,1,151
1568421165699,large_vehicle,10,247
1585177734143,small_vehicle,4,167
1584060662755,small_vehicle,1,176
1576636096227,large_vehicle,2,154
1572645627818,large_vehicle,3,21
1565977815634,large_vehicle,3,342
1569416303057,large_vehicle,3,147
1567757777733,large_vehicle,4,188
1583246729727,large_vehicle,10,80
1569316606854,small_vehicle,8,84
1580234403024,large_vehicle,10,21
1585427414800,small_vehicle,8,76
1573001942148,small_vehicle,5,314
1564979003401,large_vehicle,5,70
1579640108612,large_vehicle,9,146
1569482893498,large_vehicle,0,106
1580368018581,large_vehicle,4,319
1566299842364,large_vehicle,2,8
1578696910431,small_vehicle,6,159
1581570170167,small_vehicle,7,326
1584922390612,small_vehicle,9,259
1577135415139,large_vehicle,5,351
1572390381841,small_vehicle,1,330
1566002752250,large_vehicle,10,150
1573524261624,large_vehicle,7,251
1565764215432,small_vehicle,3,215
1569076646966,small_vehicle,7,158
1584681157541,small_vehicle,5,61
1574642169535,large_vehicle,2,225
1577403704101,large_vehicle,8,259
1571478417010,large_vehicle,6,301
1566138633335,large_vehicle,1,261
1583393808576,small_vehicle,3,228
1584534446923,large_vehicle,5,220
1583797931026,large_vehicle,7,354
1577847852481,large_vehicle,0,339
1571634062997,large_vehicle,0,103
1574129277592,small_vehicle,2,173
1565950329195,large_vehicle,8,5
1575085463347,large_vehicle,7,47
1582641246530,small_vehicle,6,278
1578024836113,small_vehicle,8,265
1570756787178,small_vehicle,1,280
1568196199837,large_vehicle,5,255
1573481718193,large_vehicle,4,163
1580761093932,large_vehicle,0,47
1575505943856,small_vehicle,0,251
1567751271453,large_vehicle,5,64
1578637142444,small_vehicle,4,42
1573896292902,large_vehicle,9,290
1575242220145,small_vehicle,5,85
1574251071066,large_vehicle,0,191
1566890520608,large_vehicle,10,112
1568356280955,large_vehicle,3,2
1578930283934,large_vehicle,10,319
1566554523531,small_vehicle,2,178
1583490848218,small_vehicle,3,292
1565261374297,large_vehicle,0,354
1573722572844,large_vehicle,1,323
1570765899006,small_vehicle,9,103
1583095039546,small_vehicle,7,220
1567621379757,small_vehicle,8,61
1567873660001,small_vehicle,10,82
1565342572662,large_vehicle,8,211
1571051757411,small_vehicle,6,209
1575251550224,small_vehicle,6,143
1570276341908,large_vehicle,2,76
1570527027455,large_vehicle,4,213
1586371528981,large_vehicle,9,39
1579841191740,large_vehicle,1,42
1586063144463,large_vehicle,10,167
1568966934936,small_vehicle,6,59
1573470045824,large_vehicle,4,221
1581207543503,large_vehicle,4,2
1584791276970,large_vehicle,0,267
1565382768387,small_vehicle,0,58
1581013442541,large_vehicle,1,310
1573371742393,small_vehicle,4,24
1568527608695,small_vehicle,3,51
1566305417325,small_vehicle,10,280
1578519018197,small_vehicle,10,91
1582498115144,large_vehicle,6,11
1586196064561,large_vehicle,2,284
1572721685885,large_vehicle,0,98
1573865235337,large_vehicle,1,115
1580663703522,large_vehicle,1,172
1565656573320,small_vehicle,8,14
1570703404807,large_vehicle,6,156
1578010490583,large_vehicle,3,342
1574942152504,large_vehicle,6,356
1573068103687,large_vehicle,5,206
1572131224774,small_vehicle,0,139
1585880999880,large_vehicle,9,354
1579982500858,large_vehicle,3,287
1567340732539,large_vehicle,8,279
1569242177986,small_vehicle,3,90
1569626311945,large_vehicle,9,259
1584999947788,small_vehicle,4,14
1575286725663,small_vehicle,7,219
1571166172355,large_vehicle,5,303
1564831228194,small_vehicle,5,172
1577909661658,small_vehicle,1,65
1566804185278,large_vehicle,6,120
1579068521401,large_vehicle,3,28
1574498979281,small_vehicle,10,29
1585086929422,large_vehicle,8,303
1565524295994,small_vehicle,4,337
1567626650628,small_vehicle,1,58
1578149945826,large_vehicle,9,117
1580501348114,small_vehicle,3,274
1567784618300,large_vehicle,6,14
1584475587797,large_vehicle,10,40
1574167232512,small_vehicle,2,266
1576483572333,small_vehicle,3,312
1578210829496,large_vehicle,4,2
1569052883375,large_vehicle,10,97
1567131065628,small_vehicle,9,82
1580043953055,large_vehicle,3,140
1568543012587,large_vehicle,7,134
1566223322240,small_vehicle,6,202
1576013728206,small_vehicle,8,170
1568807881686,large_vehicle,7,105
1586292747059,large_vehicle,8,42
1584633327786,large_vehicle,8,21
1581226621785,small_vehicle,10,332
1574153041107,large_vehicle,5,249
1580881596749,small_vehicle,8,159
1576464215664,small_vehicle,7,0
1567162813117,large_vehicle,4,60
1568128654916,small_vehicle,1,168
1566953814988,small_vehicle,2,35
1575634036716,large_vehicle,4,230
1578892871044,small_vehicle,3,37
1574076278270,large_vehicle,6,290
1566736458697,large_vehicle,2,35
1569210532620,large_vehicle,8,69
1571029872053,small_vehicle,3,172
1581092559983,small_vehicle,1,298
1569871839825,large_vehicle,0,262
1565725606586,small_vehicle,5,77
1579980448928,small_vehicle,7,298
1573135802877,large_vehicle,5,60
1569958646990,large_vehicle,3,2
1565932158043,large_vehicle,6,9
1580067237758,large_vehicle,6,302
1570532325163,small_vehicle,3,246
1579788914715,small_vehicle,4,197
1585174701311,large_vehicle,0,145
1564857661180,large_vehicle,8,55
1565260810297,large_vehicle,1,121
1583664036579,small_vehicle,4,207
1575000366659,large_vehicle,6,313
1570586180563,large_vehicle,5,297
1571495635489,small_vehicle,1,31
1570184569888,large_vehicle,10,216
1579845553463,large_vehicle,8,207
1567052108002,large_vehicle,6,133
1583166211479,small_vehicle,4,287
1567381802779,small_vehicle,2,309
1566975016078,small_vehicle,9,303
1570212964248,large_vehicle,0,353
1579395401384,large_vehicle,5,297
1583975953831,large_vehicle,6,241
1581848858303,large_vehicle,1,72
1567451334440,small_vehicle,2,89
1570805800577,large_vehicle,3,328
1580785554093,small_vehicle,1,344
1580135730527,small_vehicle,7,115
1585492782843,small_vehicle,0,103
1572858159728,large_vehicle,9,27
1579536245381,small_vehicle,2,98
1579101204952,large_vehicle,10,87
1586124411291,small_vehicle,3,231
1566771504413,large_vehicle,10,96
1573668111658,large_vehicle,4,134
1576696563465,small_vehicle,3,118
1582301947057,small_vehicle,5,271
1574969145291,small_vehicle,1,151
1576311729456,large_vehicle,6,6
1571024674208,small_vehicle,9,252
1586211530354,large_vehicle,4,285
1568930710540,large_vehicle,1,132
1573737075245,small_vehicle,8,315
1565980989356,small_vehicle,9,344
1567932571978,large_vehicle,2,9
1567055742039,small_vehicle,3,123
1570168460136,large_vehicle,2,227
1586451343208,small_vehicle,2,264
1581491347824,small_vehicle,7,186
1564741102365,large_vehicle,0,322
1579781194734,small_vehicle,5,39
1577736446797,large_vehicle,9,330
1580381816566,small_vehicle,1,249
1574105332497,large_vehicle,7,107
1576478133459,large_vehicle,2,281
1577953329036,large_vehicle,7,106
1583317418414,large_vehicle,9,265
1586631104052,large_vehicle,2,108
1566564151530,small_vehicle,0,275
1574464283620,small_vehicle,7,171
1578046518991,large_vehicle,8,329
1574127524573,large_vehicle,8,269
1569093210188,large_vehicle,2,288
1568558553574,small_vehicle,2,358
1576337471074,large_vehicle,0,328
1565640082555,large_vehicle,8,194
1565549564153,large_vehicle,6,62
1572277027748,small_vehicle,2,207
1583580206932,small_vehicle,6,59
1584345475680,large_vehicle,2,354
1585032437490,small_vehicle,9,257
1581672560835,large_vehicle,6,104
1583718546214,small_vehicle,6,52
1584175699349,small_vehicle,9,105
1582070555557,large_vehicle,6,156
1580244949413,small_vehicle,7,283
1575159761062,large_vehicle,8,47
1570027309894,small_vehicle,1,48
1584409962589,large_vehicle,8,252
1569983422881,small_vehicle,10,300
1581867837052,small_vehicle,4,33
1583535845863,small_vehicle,8,275
1582951668501,large_vehicle,5,266
1581213996319,large_vehicle,0,213
1578139662110,large_vehicle,6,201
1578366768898,small_vehicle,2,23
1579721920209,small_vehicle,4,357
1571603220073,small_vehicle,5,245
1571278045113,large_vehicle,4,201
1571717533571,small_vehicle,2,351
1579149265031,small_vehicle,1,298
1567570452860,small_vehicle,4,357
1582635561856,large_vehicle,8,215
1573901513766,large_vehicle,6,334
1569872301792,large_vehicle,0,82
1570515098814,large_vehicle,7,257
1580563694864,small_vehicle,1,133
1586675561574,large_vehicle,4,177
1581417842175,small_vehicle,6,307
1576054673735,large_vehicle,2,262
1580565774398,small_vehicle,4,47
1568611054346,large_vehicle,10,251
1585625423467,small_vehicle,8,89
1573524783150,large_vehicle,3,165
1584911149788,small_vehicle,0,274
1567318840505,large_vehicle,7,178
1565308854711,large_vehicle,5,86
1585705581281,large_vehicle,7,118
1573092902347,large_vehicle,2,294
1584414796347,small_vehicle,8,75
1583446312980,small_vehicle,3,309
1570445475872,large_vehicle,6,246
1571816277434,small_vehicle,6,129
1580187858313,small_vehicle,10,335
1573471233567,small_vehicle,8,304
1574313077048,small_vehicle,2,64
1567149946120,small_vehicle,6,152
1569481987679,small_vehicle,5,196
1580208095041,small_vehicle,3,235
1567014724987,small_vehicle,7,94
1565730370280,large_vehicle,7,218
1578323091463,small_vehicle,2,66
1581063782393,small_vehicle,6,210
1577875749859,small_vehicle,8,340
1586508587133,small_vehicle,2,49
1573933546400,small_vehicle,5,302
1582095464790,large_vehicle,0,206
1586565594549,large_vehicle,10,296
1574566475340,large_vehicle,2,93
1568866812128,small_vehicle,3,52
1579159314909,large_vehicle,1,27
1566455563410,large_vehicle,8,119
1579609577577,large_vehicle,2,59
1569949295990,large_vehicle,1,249
1585092237666,large_vehicle,8,217
1574974443564,small_vehicle,1,15
1575696705475,large_vehicle,6,339
1580612602771,large_vehicle,5,45
1574256784186,large_vehicle,1,62
1579982512132,small_vehicle,7,83
1570679089264,large_vehicle,0,51
1571114995769,small_vehicle,4,289
1575538454835,large_vehicle,5,112
1574904552336,large_vehicle,2,295
1567205895603,small_vehicle,9,85
1585145538746,small_vehicle,8,203
1585480164490,large_vehicle,7,158
1580096282212,small_vehicle,3,356
1584962598761,large_vehicle,3,223
1584884056129,small_vehicle,2,125
1580869931904,small_vehicle,8,52
1582204319341,large_vehicle,4,118
1585349704104,small_vehicle,3,359
1576784004477,large_vehicle,4,165
1574157150085,large_vehicle,6,85
1581743485108,large_vehicle,10,343
1576487963735,small_vehicle,0,329
1565750446377,small_vehicle,9,26
1582737048868,small_vehicle,5,12
1577207963850,large_vehicle,0,137
1573564047130,small_vehicle,5,177
1578024725003,small_vehicle,5,136
1578017208426,small_vehicle,1,56
1574747364068,large_vehicle,5,172
1577098662222,small_vehicle,10,252
1573944673467,large_vehicle,8,49
1582132647418,large_vehicle,9,217
1569068131553,large_vehicle,9,198
1568140518968,large_vehicle,6,122
1586291152621,large_vehicle,6,284
1571458120111,small_vehicle,1,187
1573217810449,small_vehicle,10,199
1569227508819,large_vehicle,10,28
1584007220649,large_vehicle,1,86
1564699491865,large_vehicle,10,142
1579667589089,large_vehicle,10,224
1574099665432,small_vehicle,9,59
1571894757481,small_vehicle,9,117
1586350326433,large_vehicle,1,223
1572136987065,small_vehicle,6,138
1585606194919,small_vehicle,0,52
1577330369893,large_vehicle,6,333
1568388086918,large_vehicle,4,207
1584022644112,small_vehicle,4,194
1574153056541,large_vehicle,3,255
1582523155182,small_vehicle,0,99
1585550421072,large_vehicle,3,146
1570336336590,large_vehicle,0,158
1573929263764,small_vehicle,5,118
1564674101057,large_vehicle,10,182
1564959573435,large_vehicle,9,289
1577021964880,large_vehicle,0,357
1567018840085,large_vehicle,5,283
1579995671164,large_vehicle,10,255
1578363158808,large_vehicle,0,329
1568055106957,large_vehicle,7,335
1568352514411,large_vehicle,2,21
1578143680757,small_vehicle,9,157
1564915815107,large_vehicle,8,344
1566225424617,small_vehicle,2,81
1564756039316,large_vehicle,3,37
1575372380295,small_vehicle,4,196
1585865804349,small_vehicle,9,163
1573408755234,small_vehicle,8,86
1578375217212,small_vehicle,1,106
1574200843049,large_vehicle,3,167
1571871680322,small_vehicle,8,118
1574868672961,small_vehicle,2,138
1576818033548,large_vehicle,2,196
1568361153729,large_vehicle,5,190
1573384724365,small_vehicle,3,82
1577843105168,small_vehicle,8,93
1570565547466,small_vehicle,3,191
1576873780007,large_vehicle,4,164
1586352130651,small_vehicle,2,105
1570414186249,large_vehicle,1,223
1576535003626,large_vehicle,0,103
1571334553630,small_vehicle,0,345
1580958556699,small_vehicle,9,103
1565576195121,large_vehicle,10,204
1582995238363,small_vehicle,3,82
1575947234482,small_vehicle,10,313
1573675327114,large_vehicle,0,90
1583062346672,small_vehicle,7,227
1586245222620,small_vehicle,6,196
1584466978328,small_vehicle,9,238
1567700428032,large_vehicle,8,339
1579157844937,large_vehicle,9,18
1579646108880,large_vehicle,7,30
1566237906635,small_vehicle,2,239
1584334735791,large_vehicle,4,39
1584168221792,large_vehicle,3,219
1586215948279,small_vehicle,8,234
1574200692754,large_vehicle,5,328
1581865685360,large_vehicle,3,267
1570195876781,small_vehicle,8,168
1566409503521,large_vehicle,1,213
1568441918796,small_vehicle,3,235
1584352277419,small_vehicle,7,250
1577465298962,small_vehicle,8,164
1570445616166,large_vehicle,4,40
1584640761388,small_vehicle,2,221
1573242965395,small_vehicle,2,165
1573887003960,large_vehicle,6,171
1573501985401,small_vehicle,5,67
1566342024753,large_vehicle,5,82
1582889646950,small_vehicle,7,77
1571184740877,large_vehicle,4,179
1571709540894,large_vehicle,8,187
1567584258228,large_vehicle,2,74
1582310808617,small_vehicle,2,349
1574732446587,large_vehicle,5,213
1585661934755,large_vehicle,10,187
1568310705630,small_vehicle,10,19
1581370374287,small_vehicle,3,273
1584357580912,small_vehicle,2,6
1577176514393,small_vehicle,8,288
1570603002196,small_vehicle,7,177
1565138307916,large_vehicle,9,212
1578012350490,large_vehicle,7,30
1578047502710,large_vehicle,9,1
1573772607595,small_vehicle,1,320
1569450609311,large_vehicle,9,153
1565458893094,small_vehicle,8,196
1579883570604,small_vehicle,1,322
1575474054101,small_vehicle,10,356
1584983010980,small_vehicle,4,314
1572397858860,small_vehicle,0,290
1584334687967,large_vehicle,10,145
1582171079656,small_vehicle,2,14
1584027063255,small_vehicle,7,208
1580805202303,large_vehicle,8,298
1581750110829,small_vehicle,2,297
1571424860850,small_vehicle,8,263
1575955496943,small_vehicle,10,314
1569179226515,large_vehicle,5,13
1573598158927,small_vehicle,0,332
1580340940654,small_vehicle,3,197
1569853807912,large_vehicle,2,126
1583860403280,small_vehicle,7,175
1581812619357,small_vehicle,7,330
1579371071358,large_vehicle,2,232
1584128774763,small_vehicle,8,108
1574247869101,small_vehicle,1,292
1573537645579,large_vehicle,4,165
1586712234727,large_vehicle,4,335
1576732951190,small_vehicle,2,289
1574335839702,small_vehicle,8,113
1570956245376,large_vehicle,0,86
1575468102056,large_vehicle,0,267
1578620175677,large_vehicle,1,160
1581778589517,large_vehicle,2,330
1569942035627,large_vehicle,9,321
1567016303120,large_vehicle,8,161
1577664205250,small_vehicle,9,356
1567973289576,large_vehicle,2,236
1578312025771,large_vehicle,5,271
1576595214145,large_vehicle,0,359
1570117464386,large_vehicle,5,175
1571620065125,small_vehicle,8,115
1578936134826,small_vehicle,4,1
1574314974869,large_vehicle,9,50
1567209965707,small_vehicle,8,325
1566190998974,large_vehicle,10,29
1581551974448,small_vehicle,7,126
1571459170614,large_vehicle,4,194
1574445125892,small_vehicle,5,257
1567158719584,large_vehicle,3,61
1582794052272,small_vehicle,0,37
1584776332774,large_vehicle,8,318
1581784756162,small_vehicle,1,252
1570479499918,small_vehicle,6,305
1575380745471,small_vehicle,9,215
1565878665311,large_vehicle,3,69
1566495735673,small_vehicle,3,229
1571736858023,small_vehicle,1,62
1573245190585,small_vehicle,9,114
1567956884251,small_vehicle,4,155
1569907943720,large_vehicle,9,292
1566607845181,small_vehicle,3,154
1572660498065,small_vehicle,6,38
1572739823194,small_vehicle,2,111
1582016331331,small_vehicle,4,273
1579604109311,small_vehicle,2,290
1572841482952,large_vehicle,4,220
1585749966441,small_vehicle,1,113
1579807461625,large_vehicle,0,105
1569093100971,large_vehicle,7,334
1574508756382,large_vehicle,6,240
1568733451450,small_vehicle,2,78
1583759057986,large_vehicle,1,338
1575727741656,large_vehicle,3,102
1583072248307,large_vehicle,9,288
1575057194796,small_vehicle,9,180
1567165018480,small_vehicle,1,43
1564854438712,small_vehicle,4,39
1585353340950,large_vehicle,5,300
1571585736146,small_vehicle,5,228
1586251308768,small_vehicle,3,48
1577596191267,small_vehicle,5,103
1581314209512,large_vehicle,5,45
1574551160427,large_vehicle,7,266
1570571752492,small_vehicle,1,353
1571854571120,small_vehicle,3,334
1575804684994,large_vehicle,2,145
1564646527970,small_vehicle,3,326
1571426164579,large_vehicle,9,69
1580916100371,small_vehicle,0,59
1578421815391,small_vehicle,5,316
1564956540729,large_vehicle,4,319
1565026411876,small_vehicle,9,291
1570190340798,large_vehicle,5,340
1583238934074,large_vehicle,5,158
1568698054636,large_vehicle,3,44
1570909098185,large_vehicle,5,276
1570758289759,large_vehicle,8,139
1582614958456,large_vehicle,8,11
1578209222615,small_vehicle,6,101
1583912692312,small_vehicle,8,194
1582738572259,small_vehicle,2,293
1579718831045,small_vehicle,5,200
1567122624694,large_vehicle,9,265
1572284397893,small_vehicle,7,353
1571752367116,small_vehicle,6,198
1566486935359,small_vehicle,9,186
1565724904559,large_vehicle,9,118
1576294132462,small_vehicle,0,27
1584207185621,small_vehicle,7,172
1586302840439,small_vehicle,6,336
1579822631557,large_vehicle,3,295
1579067700121,large_vehicle,6,193
1570241174179,small_vehicle,6,36
1566197639153,large_vehicle,6,137
1582483832423,small_vehicle,8,202
1567631779803,large_vehicle,1,55
1585736373002,small_vehicle,6,273
1581922340626,small_vehicle,3,214
1575964746241,small_vehicle,0,138
1582004940717,large_vehicle,2,80
1578820622227,small_vehicle,3,328
1569340498753,large_vehicle,9,182
1571632292345,small_vehicle,1,120
1564869461641,small_vehicle,7,332
1567637377507,large_vehicle,8,81
1565977748347,large_vehicle,3,228
1582374697370,small_vehicle,9,192
1580098073321,large_vehicle,1,110
1565591179024,large_vehicle,7,137
1573464382277,large_vehicle,4,273
1583243440109,large_vehicle,8,48
1566744208299,large_vehicle,2,59
1564655456475,large_vehicle,2,295
1566125101836,small_vehicle,4,299
1577039456266,small_vehicle,5,352
1582815807506,small_vehicle,1,164
1581316080457,small_vehicle,3,133
1577099330633,small_vehicle,5,21
1566998334243,small_vehicle,4,204
1571536128178,small_vehicle,8,7
1573446786413,small_vehicle,7,346
1583347934922,small_vehicle,2,35
1567405005904,large_vehicle,6,83
1581638664272,small_vehicle,9,225
1576751817282,small_vehicle,1,266
1575233636313,large_vehicle,4,324
1568100189249,small_vehicle,2,308
1576264808314,large_vehicle,4,355
1573447583036,small_vehicle,0,73
1569342228398,small_vehicle,1,92
1576851023632,large_vehicle,2,306
1575924605980,large_vehicle,3,145
1577115134294,small_vehicle,4,291
1572923406799,small_vehicle,4,154
1585063534957,small_vehicle,6,41
1579462866377,large_vehicle,3,86
1582741343408,large_vehicle,10,217
1569668208301,small_vehicle,1,162
1586659811120,large_vehicle,4,337
1574745514766,large_vehicle,4,45
1571826875897,small_vehicle,0,59
1567592331479,large_vehicle,8,157
1575828936794,small_vehicle,3,296
1569581012900,small_vehicle,4,123
1579766461407,small_vehicle,5,172
1584182362043,small_vehicle,10,22
1574609912695,small_vehicle,8,319
1575966675619,small_vehicle,1,76
1565914845206,small_vehicle,8,104
1580427586844,large_vehicle,7,104
1582448220291,large_vehicle,7,354
1584893778851,small_vehicle,9,89
1574839302445,large_vehicle,4,119
1583765937551,large_vehicle,1,127
1576242249628,small_vehicle,2,216
1567588718502,large_vehicle,4,278
1573305606997,small_vehicle,3,258
1575996838774,large_vehicle,6,113
1577485495817,small_vehicle,0,323
1584514333697,small_vehicle,2,164
1585570216261,large_vehicle,8,225
1573132990679,large_vehicle,10,73
1572223838793,large_vehicle,6,156
1570424073651,large_vehicle,9,203
1578087973005,small_vehicle,6,41
1579686203446,large_vehicle,5,99
1576993131078,large_vehicle,0,91
1565674124293,large_vehicle,2,104
1585893323777,small_vehicle,7,111
1584493153701,large_vehicle,2,324
1573432129099,small_vehicle,2,96
1571682561509,small_vehicle,8,289
1575722056308,large_vehicle,5,315
1575177860257,large_vehicle,6,264
1578111349105,small_vehicle,10,67
1577972073416,large_vehicle,7,312
1564769987524,large_vehicle,10,60
1571524790912,large_vehicle,7,68
1569352008699,large_vehicle,9,148
1571113176783,large_vehicle,6,334
1579131124482,large_vehicle,8,155
1570864121258,large_vehicle,0,66
1574654949595,large_vehicle,0,154
1581393494059,large_vehicle,3,214
1571986725333,small_vehicle,3,247
1583995821250,large_vehicle,7,309
1580003512713,small_vehicle,3,80
1571260872276,small_vehicle,8,121
1571558728407,small_vehicle,1,31
1575021988255,large_vehicle,6,159
1581967968121,large_vehicle,9,179
1581674559201,large_vehicle,1,292
1566328301822,large_vehicle,0,9
1570358357023,small_vehicle,0,213
1582027140726,small_vehicle,1,336
1583957627783,large_vehicle,10,232
1584342775935,small_vehicle,5,78
1564873982516,small_vehicle,0,205
1586407693719,small_vehicle,6,154
1570916412848,small_vehicle,3,315
1583777747613,large_vehicle,7,164
1567810115964,small_vehicle,6,42
1569609806399,small_vehicle,10,250
1577673169452,large_vehicle,3,220
1566458333658,large_vehicle,1,66
1580355317574,small_vehicle,0,115
1584685387396,large_vehicle,10,193
1576694755470,large_vehicle,9,13
1584686891733,large_vehicle,0,40
1586099724336,large_vehicle,0,270
1586717544471,large_vehicle,8,8
1571368695904,large_vehicle,6,314
1569868890351,small_vehicle,7,23
1567129275339,small_vehicle,8,326
1579565482134,small_vehicle,8,166
1570204644406,small_vehicle,9,178
1575959242086,small_vehicle,2,328
1582458626004,large_vehicle,0,160
1567063106284,large_vehicle,4,231
1574319175927,small_vehicle,5,288
1583530614279,large_vehicle,9,254
1584771792510,large_vehicle,0,188
1566704568590,small_vehicle,2,192
1567780534484,large_vehicle,4,178
1578809643480,small_vehicle,9,249
1574476211543,large_vehicle,5,266
1569379931324,large_vehicle,1,14
1581625303447,large_vehicle,9,49
1572304511264,large_vehicle,9,26
1580672069226,small_vehicle,7,121
1582668280729,large_vehicle,0,220
1575666472651,large_vehicle,7,274
1570579917038,small_vehicle,6,193
1576766012694,small_vehicle,1,226
1566749856904,small_vehicle,4,124
1578595584025,large_vehicle,8,132
1583557166731,large_vehicle,7,326
1572063608236,large_vehicle,5,225
1584367655739,small_vehicle,5,179
1581766257352,small_vehicle,2,163
1569461763497,large_vehicle,0,223
1565905616841,large_vehicle,9,37
1583230995079,large_vehicle,0,77
1572714331769,large_vehicle,4,16
1572509600612,large_vehicle,0,163
1575784640988,small_vehicle,1,321
1585689143272,large_vehicle,4,145
1567826274976,large_vehicle,0,220
1568211741722,small_vehicle,8,184
1581031587311,small_vehicle,2,298
1566104767436,small_vehicle,0,257
1579690554573,large_vehicle,0,11
1565839502468,small_vehicle,0,316
1582039323716,large_vehicle,6,66
1574491080407,large_vehicle,1,356
1565342212774,small_vehicle,8,236
1577551829943,small_vehicle,8,336
1584421832886,small_vehicle,4,344
1574757809471,large_vehicle,9,305
1582954864844,small_vehicle,8,104
1582776603600,small_vehicle,0,338
1572427209350,large_vehicle,4,335
1582162750907,large_vehicle,7,157
1582597336544,small_vehicle,10,321
1569790571795,small_vehicle,8,292
1569798387006,large_vehicle,4,202
1583736254058,large_vehicle,2,261
1573383275024,large_vehicle,7,24
1572588631847,small_vehicle,0,137
1584718247781,small_vehicle,1,151
1580413798686,small_vehicle,7,274
1566681858226,large_vehicle,3,226
1572987779496,small_vehicle,8,194
1585454641521,small_vehicle,1,64
1583452587732,small_vehicle,2,193
1579922595314,small_vehicle,4,35
1570425289201,large_vehicle,6,105
1579032479035,large_vehicle,5,16
1574108776658,small_vehicle,0,25
1579456978559,small_vehicle,10,280
1569303434267,small_vehicle,10,256
1568079086847,large_vehicle,7,53
1584387413402,large_vehicle,6,53
1584573999365,small_vehicle,7,262
1576111829488,large_vehicle,0,49
1578538473468,large_vehicle,0,347
1582217010974,small_vehicle,10,308
1573480915881,small_vehicle,2,245
1571177411931,small_vehicle,6,207
1566582282351,large_vehicle,8,325
1579260520046,large_vehicle,0,276
1586372284584,large_vehicle,7,274
1567502205315,small_vehicle,10,355
1575043315772,small_vehicle,5,75
1581448313407,large_vehicle,9,70
1576416852769,small_vehicle,6,11
1582956899332,small_vehicle,4,187
1579524338187,small_vehicle,2,60
1580983145130,large_vehicle,3,300
1573100474740,large_vehicle,6,351
