1566714810680,small_vehicle,7,78
1573363807387,large_vehicle,2,56
1577392438056,small_vehicle,8,8
1574698263557,small_vehicle,8,280
1566067949411,small_vehicle,0,128
1576025015338,small_vehicle,5,357
1566679220573,small_vehicle,6,11
1569906045557,small_vehicle,1,344
1579147824919,small_vehicle,6,241
1574967842962,large_vehicle,0,175
1584574790131,small_vehicle,8,52
1579043933950,small_vehicle,3,226
1567489768469,large_vehicle,1,267
1582745270097,small_vehicle,5,335
1566708242459,large_vehicle,10,184
1565312059098,small_vehicle,1,115
1569233856603,small_vehicle,5,309
1570726908325,large_vehicle,7,291
1581314986484,large_vehicle,8,0
1585026842052,large_vehicle,7,316
1580608624972,small_vehicle,8,218
1568532841637,large_vehicle,3,231
1585312068467,large_vehicle,10,48
1571364067982,large_vehicle,4,288
1565744584355,small_vehicle,2,46
1566748155172,small_vehicle,8,286
1572032937786,large_vehicle,8,48
1580612079661,small_vehicle,1,291
1586219619378,large_vehicle,0,337
1566868888043,small_vehicle,5,251
1567501259887,small_vehicle,2,226
1565865362235,small_vehicle,6,340
1586314104690,small_vehicle,4,93
1579298380933,large_vehicle,5,286
1575431839111,small_vehicle,8,173
1578333733500,large_vehicle,10,120
1583108316569,large_vehicle,0,80
1569111278246,small_vehicle,6,79
1573168111631,large_vehicle,9,345
1584998865884,small_vehicle,7,229
1580016587280,small_vehicle,2,100
1581874522222,large_vehicle,10,169
1581136836740,small_vehicle,4,21
1583215751009,small_vehicle,3,352
1576119820563,large_vehicle,1,218
1584234745832,small_vehicle,0,299
1572328309591,large_vehicle,1,12
1576808703793,small_vehicle,1,100
1569516099290,large_vehicle,4,36
1567562985913,small_vehicle,3,55
1585380793515,large_vehicle,7,173
1569224980981,large_vehicle,9,41
1585248216122,small_vehicle,6,226
1582643741820,small_vehicle,5,346
1584302843853,small_vehicle,2,227
1574277978445,large_vehicle,3,294
1584875843727,small_vehicle,2,45
1580825740367,small_vehicle,2,122
1578000129186,small_vehicle,2,50
1573002354438,large_vehicle,2,244
1573064942623,large_vehicle,6,295
1569130955954,large_vehicle,10,129
1566086567496,small_vehicle,10,7
1583275739506,large_vehicle,8,311
1568459953814,large_vehicle,4,303
1576313267907,small_vehicle,4,128
1582320868160,small_vehicle,6,169
1583449713609,large_vehicle,1,277
1582946646895,small_vehicle,4,317
1579453369565,small_vehicle,4,350
1576817970231,small_vehicle,1,296
1583738450709,small_vehicle,10,212
1574615101129,small_vehicle,1,280
1572691866307,large_vehicle,0,226
1567163683000,small_vehicle,9,44
1573000141994,small_vehicle,3,114
1585198696934,large_vehicle,5,356
1585016810642,large_vehicle,0,353
1582426777750,large_vehicle,1,308
1565725557043,small_vehicle,8,223
1571145756860,small_vehicle,7,129
1584864558389,large_vehicle,1,121
1572454397003,large_vehicle,8,151
1577064709131,small_vehicle,8,193
1574395931743,small_vehicle,7,349
1571836051234,large_vehicle,2,108
1573725808371,large_vehicle,7,118
1575953127560,large_vehicle,9,168
1586151355311,large_vehicle,1,13
1578385428726,large_vehicle,10,30
1567303232383,small_vehicle,0,249
1586227495990,small_vehicle,10,257
1578398300134,large_vehicle,4,24
1574587135631,large_vehicle,3,346
1575931870948,small_vehicle,5,105
1579273979295,small_vehicle,10,270
1566126165013,large_vehicle,0,304
1583279967732,small_vehicle,1,52
1576096089932,large_vehicle,2,308
1585184741547,small_vehicle,10,65
1585844927079,small_vehicle,1,68
1568708322791,large_vehicle,3,291
1585895443525,small_vehicle,4,182
1579042098698,small_vehicle,1,348
1569583884761,small_vehicle,5,42
1566725967337,large_vehicle,5,245
1575036532939,small_vehicle,8,60
1583430019550,small_vehicle,6,285
1580417928924,small_vehicle,10,278
1568539711963,large_vehicle,4,263
1569248682954,small_vehicle,5,307
1567702689589,large_vehicle,9,217
1585783757285,large_vehicle,4,130
1569261468452,large_vehicle,9,80
1585141607381,large_vehicle,3,267
1579200519045,small_vehicle,1,246
1569983999109,large_vehicle,4,232
1584273759490,small_vehicle,10,29
1576492625758,large_vehicle,8,79
1576851774198,large_vehicle,6,354
1567143298254,large_vehicle,7,69
1566127901375,large_vehicle,1,118
1578230503202,large_vehicle,1,297
1574773328885,small_vehicle,8,295
1581004693521,large_vehicle,8,29
1575093118285,small_vehicle,10,75
1572288796246,small_vehicle,10,169
1581272739407,small_vehicle,3,278
1565200833983,large_vehicle,9,248
1567537732796,large_vehicle,1,285
1569684860502,small_vehicle,0,92
1582867677429,small_vehicle,4,341
1576048018748,large_vehicle,1,46
1572491534843,large_vehicle,5,330
1569600201864,large_vehicle,10,39
1575119866777,large_vehicle,2,60
1570742021694,small_vehicle,10,140
1573789705579,large_vehicle,2,190
1586565470016,large_vehicle,7,67
1580639316949,large_vehicle,6,147
1584383694562,large_vehicle,3,67
1565250857906,large_vehicle,8,205
1575089479494,small_vehicle,0,0
1576306083634,large_vehicle,6,202
1579944369469,large_vehicle,6,334
1577400968776,large_vehicle,10,13
1571391562439,large_vehicle,9,321
1573861703591,small_vehicle,8,162
1586039850378,large_vehicle,9,234
1578251404897,large_vehicle,1,208
1585772098041,small_vehicle,8,327
1579477539771,small_vehicle,5,252
1573908314238,large_vehicle,10,172
1573301985882,large_vehicle,3,204
1566823397960,small_vehicle,10,263
1573871334509,small_vehicle,0,291
1569813313491,small_vehicle,1,245
1570260800636,small_vehicle,9,99
1584670697659,small_vehicle,3,221
1569516467764,large_vehicle,7,271
1567750501032,large_vehicle,2,98
1578652827463,small_vehicle,7,28
1579876168282,small_vehicle,9,18
1568687707579,large_vehicle,1,170
1585934733016,large_vehicle,1,89
1570744741318,large_vehicle,8,252
1569951004777,large_vehicle,1,208
1582363314794,large_vehicle,5,51
1580304337918,large_vehicle,10,229
1570192170740,small_vehicle,1,56
1576361042779,small_vehicle,7,271
1570272143190,large_vehicle,8,341
1576726882277,large_vehicle,5,353
1578599264078,small_vehicle,1,8
1571749031870,small_vehicle,10,300
1579383017451,small_vehicle,2,121
1573680980279,large_vehicle,7,296
1568717378267,small_vehicle,4,244
1586454802013,large_vehicle,5,339
1582942460983,small_vehicle,8,344
1573007696701,large_vehicle,7,274
1573480989032,large_vehicle,7,236
1572745461788,small_vehicle,9,253
1566283684883,small_vehicle,4,319
1580523907932,small_vehicle,6,318
1567392660176,small_vehicle,10,230
1571672114333,large_vehicle,8,296
1565503615874,large_vehicle,7,76
1584805336510,small_vehicle,4,212
1567770133706,small_vehicle,9,250
1572687025378,small_vehicle,8,188
1586359347087,small_vehicle,5,202
1573674495140,large_vehicle,4,91
1582376482209,small_vehicle,6,301
1571933051430,small_vehicle,1,74
1581467369360,small_vehicle,3,304
1578002837785,large_vehicle,6,351
1572871044113,small_vehicle,1,351
1565618416802,large_vehicle,4,231
1566246846047,small_vehicle,1,323
1568591330859,large_vehicle,0,154
1573457767188,large_vehicle,3,246
1574300975899,large_vehicle,6,308
1570900509083,large_vehicle,1,277
1569441852232,large_vehicle,4,196
1569371257740,small_vehicle,4,147
1566293543487,small_vehicle,0,347
1568479795736,large_vehicle,9,295
1586219175514,large_vehicle,0,93
1566048157127,small_vehicle,8,332
1568149680905,small_vehicle,2,285
1567492683901,small_vehicle,6,82
1575182147969,large_vehicle,9,81
1583796244376,large_vehicle,9,99
1570434370080,large_vehicle,0,46
1582822618189,small_vehicle,9,328
1581203529327,large_vehicle,1,306
1565454226330,large_vehicle,3,128
1575729111971,small_vehicle,6,145
1572619441661,large_vehicle,3,94
1577955603595,large_vehicle,9,171
1568628143179,large_vehicle,7,52
1568294743433,small_vehicle,9,1
1585784008451,small_vehicle,1,224
1585377100173,small_vehicle,8,271
1576370014183,large_vehicle,1,140
1565319204370,small_vehicle,8,341
1583038367125,small_vehicle,4,301
1580020022801,large_vehicle,10,184
1573139088989,large_vehicle,5,82
1583420763074,large_vehicle,4,212
1583402879862,large_vehicle,4,99
1573888657904,large_vehicle,5,325
1565127757128,large_vehicle,10,200
1571838596534,large_vehicle,3,55
1571713031370,large_vehicle,5,322
1579108885232,small_vehicle,6,72
1566132444128,large_vehicle,9,18
1574918599055,small_vehicle,9,180
1568494857653,small_vehicle,6,282
1573385299004,small_vehicle,4,205
1581758825300,small_vehicle,2,17
1571603931913,large_vehicle,4,39
1565781285654,small_vehicle,0,347
1566501319102,small_vehicle,7,80
1576309479693,small_vehicle,9,308
1564663741685,large_vehicle,7,287
1572951265339,large_vehicle,1,231
1585928485632,large_vehicle,10,142
1581530697448,small_vehicle,0,183
1566742832666,large_vehicle,2,53
1570193068365,large_vehicle,1,66
1577074150430,small_vehicle,6,178
1569941200864,small_vehicle,7,232
1575976197631,large_vehicle,8,323
1569960768237,small_vehicle,0,302
1574257873391,small_vehicle,8,96
1580301208120,small_vehicle,2,35
1582472945306,small_vehicle,6,252
1578482379030,large_vehicle,6,20
1566592131261,large_vehicle,10,41
1573416203397,small_vehicle,9,107
1570428464051,large_vehicle,8,153
1567912456112,small_vehicle,7,297
1567450513348,small_vehicle,8,289
1583014461626,large_vehicle,6,2
1577847683160,small_vehicle,6,78
1576253229331,small_vehicle,3,11
1567180681899,small_vehicle,8,214
1565876535356,small_vehicle,6,345
1567815255956,large_vehicle,0,322
1585394155752,small_vehicle,8,78
1566276766745,small_vehicle,5,78
1568882017381,large_vehicle,5,59
1579313326101,large_vehicle,2,114
1582160783259,large_vehicle,5,249
1571276324344,large_vehicle,7,64
1575821660903,small_vehicle,0,301
1568990401221,small_vehicle,9,111
1575374056148,small_vehicle,0,114
1569929919480,small_vehicle,4,31
1565190952609,small_vehicle,6,328
1569413500967,small_vehicle,7,324
1580687233311,large_vehicle,5,228
1565566792831,large_vehicle,9,221
1571298442444,small_vehicle,9,152
1573888385618,small_vehicle,3,293
1585829332067,small_vehicle,0,218
1577220970641,large_vehicle,10,245
1579910938593,large_vehicle,7,354
1573313117841,large_vehicle,3,226
1583618390290,small_vehicle,5,214
1584143478129,small_vehicle,6,222
1581248654762,large_vehicle,6,200
1575155981363,large_vehicle,1,240
1576654761980,large_vehicle,8,85
1582244232148,small_vehicle,7,312
1573708201035,large_vehicle,5,21
1575165545317,small_vehicle,2,207
1580351015809,small_vehicle,4,164
1572613950537,large_vehicle,10,145
1586090430659,small_vehicle,2,96
1585616708480,small_vehicle,1,176
1585281307939,large_vehicle,1,26
1580596587013,large_vehicle,7,60
1572591120093,large_vehicle,9,250
1566329955548,small_vehicle,8,48
1568888700130,small_vehicle,7,35
1583351575753,large_vehicle,8,244
1568392992047,small_vehicle,5,225
1575894105306,large_vehicle,1,255
1575378268402,small_vehicle,10,340
1570501042181,large_vehicle,10,183
1568400788744,small_vehicle,8,127
1566103728447,small_vehicle,7,62
1576825743349,large_vehicle,1,38
1574773424397,small_vehicle,3,355
1566608077174,small_vehicle,3,102
1581580621395,small_vehicle,4,235
1581841847574,large_vehicle,9,141
1572952382889,large_vehicle,7,74
1574981077511,small_vehicle,1,166
1564967370112,small_vehicle,9,260
1576610457537,small_vehicle,4,17
1578829442650,small_vehicle,0,168
1571691384875,small_vehicle,6,338
1571046302234,large_vehicle,10,100
1569827624262,small_vehicle,10,244
1579324387111,small_vehicle,1,2
1575701743954,large_vehicle,1,27
1576703387240,small_vehicle,5,250
1583436789254,small_vehicle,4,92
1570199767841,small_vehicle,5,182
1585506437798,large_vehicle,0,4
1566981863856,large_vehicle,7,17
1582207704733,small_vehicle,1,344
1574333014789,small_vehicle,4,41
1583368008485,large_vehicle,1,214
1568383536734,large_vehicle,5,318
1567119065443,large_vehicle,6,206
1568339582772,large_vehicle,10,44
1574363850517,small_vehicle,2,245
1567889543681,small_vehicle,0,264
1568331189722,large_vehicle,8,319
1569686744640,small_vehicle,5,51
1583853822907,small_vehicle,9,135
1573155071937,large_vehicle,8,317
1577414504313,small_vehicle,2,88
1568239489012,large_vehicle,4,269
1583472688039,small_vehicle,6,156
1573819931087,small_vehicle,9,211
1568043103968,large_vehicle,4,335
1569069337003,large_vehicle,2,224
1585949309023,large_vehicle,1,266
1579999029239,large_vehicle,7,215
1571618005104,small_vehicle,4,241
1585445678583,large_vehicle,6,332
1575560721249,large_vehicle,3,138
1577904220610,small_vehicle,4,82
1565585813633,small_vehicle,9,148
1586298030706,small_vehicle,0,78
1581592660964,small_vehicle,4,214
1565260170270,small_vehicle,8,140
1570878499222,large_vehicle,10,274
1578465240120,small_vehicle,10,11
1577741245398,small_vehicle,6,210
1566932684137,small_vehicle,2,330
1584959325821,small_vehicle,0,132
1576586303337,small_vehicle,1,301
1569155371107,large_vehicle,4,303
1573647549456,small_vehicle,3,335
1578308845528,large_vehicle,8,310
1565357579179,large_vehicle,9,141
1581813613392,large_vehicle,9,112
1570019532637,small_vehicle,3,48
1575222674367,small_vehicle,6,170
1567769674875,small_vehicle,6,274
1570264731096,large_vehicle,1,124
1584891431025,large_vehicle,1,78
1580551461603,small_vehicle,8,22
1571238530076,large_vehicle,10,338
1584279224653,small_vehicle,1,326
1568121044077,large_vehicle,9,197
1580886765786,small_vehicle,10,261
1577311945063,large_vehicle,1,50
1578048035402,small_vehicle,8,312
1579095383136,small_vehicle,1,183
1585759586853,small_vehicle,3,63
1577154717501,large_vehicle,7,313
1586711176700,small_vehicle,2,265
1568676180221,small_vehicle,1,301
1577595420259,large_vehicle,9,115
1574950091513,large_vehicle,5,202
1580729349077,small_vehicle,4,194
1573558709986,small_vehicle,3,193
1576020236843,large_vehicle,1,142
1586404096670,small_vehicle,7,164
1570349064294,small_vehicle,9,319
1576380510347,small_vehicle,1,319
1579581751763,small_vehicle,7,111
1580811940886,small_vehicle,4,130
1572215562103,large_vehicle,10,307
1574249932773,large_vehicle,6,180
1566168438415,large_vehicle,10,137
1576806189805,small_vehicle,6,12
1582729771437,large_vehicle,8,105
1569269499242,small_vehicle,1,210
1582193615083,large_vehicle,5,287
1565514924689,large_vehicle,1,232
1583242552042,large_vehicle,9,332
1580451488302,large_vehicle,10,225
1572195902272,small_vehicle,6,189
1568010475538,large_vehicle,6,347
1586512417303,small_vehicle,1,3
1570387584576,large_vehicle,1,98
1576036797157,small_vehicle,7,55
1573630086750,small_vehicle,0,315
1585732195259,large_vehicle,2,194
1579851573770,large_vehicle,10,350
1570959955007,small_vehicle,3,33
1568524412573,small_vehicle,10,85
1586508296228,large_vehicle,9,174
1576848441496,large_vehicle,8,85
1581161068965,small_vehicle,2,293
1564802916186,small_vehicle,7,114
1580297510640,small_vehicle,1,255
1565680150809,small_vehicle,4,132
1582110505153,small_vehicle,3,218
1585356556475,large_vehicle,2,287
1579368997494,small_vehicle,5,226
1579772701307,large_vehicle,2,302
1565948850517,large_vehicle,4,55
1566794526743,small_vehicle,6,77
1582833404930,large_vehicle,8,223
1581790928884,large_vehicle,8,249
1575354843039,large_vehicle,6,321
1566624156623,small_vehicle,9,212
1569179253394,large_vehicle,2,188
1569428853203,small_vehicle,6,264
1568470389412,large_vehicle,6,153
1571189958828,large_vehicle,2,344
1565543250119,small_vehicle,7,236
1573845213766,small_vehicle,4,156
1581008206370,large_vehicle,0,221
1582930954266,large_vehicle,8,244
1584001288658,large_vehicle,1,324
1583453152340,large_vehicle,4,319
1581172945592,small_vehicle,6,307
1584597566802,small_vehicle,4,45
1577850418974,small_vehicle,4,236
1569037517169,large_vehicle,9,284
1570700894320,small_vehicle,10,159
1581154303336,small_vehicle,2,161
1566408142887,small_vehicle,10,180
1573564145975,small_vehicle,3,31
1569197110630,small_vehicle,3,147
1567022826737,large_vehicle,2,111
1576711114354,small_vehicle,7,277
1580470442904,large_vehicle,5,167
1576815260220,small_vehicle,2,153
1582021498183,large_vehicle,4,197
1577911383898,large_vehicle,10,229
1581820001083,large_vehicle,4,101
1570654684963,small_vehicle,2,292
1575208891365,large_vehicle,10,358
1576768396073,small_vehicle,8,351
1573243260345,small_vehicle,7,209
1585091882387,small_vehicle,7,287
1574839302981,large_vehicle,2,121
1579608226156,large_vehicle,8,142
1567100833150,small_vehicle,3,141
1566370269650,large_vehicle,6,8
1576636230888,large_vehicle,7,145
1572550562505,large_vehicle,7,61
1571030735313,large_vehicle,3,186
1568062093132,small_vehicle,3,232
1570946979430,small_vehicle,8,185
1578175832601,large_vehicle,5,346
1582745743215,small_vehicle,5,111
1565676206792,small_vehicle,1,139
1576708827298,large_vehicle,6,298
1570380184116,small_vehicle,2,72
1569786387632,large_vehicle,7,5
1583982437750,small_vehicle,0,51
1578656325054,small_vehicle,10,133
1576599269731,small_vehicle,5,9
1581166703514,small_vehicle,7,245
1569985097237,large_vehicle,2,290
1586306517517,small_vehicle,4,82
1576090797210,large_vehicle,0,109
1579911453495,small_vehicle,3,211
1567399591029,large_vehicle,1,47
1586420322452,large_vehicle,5,76
1582648201208,large_vehicle,1,43
1580758163343,small_vehicle,4,245
1568433426633,large_vehicle,7,100
1577384270675,small_vehicle,1,197
1583093468538,large_vehicle,9,180
1577498793962,small_vehicle,6,175
1567797789339,small_vehicle,10,290
1582514696956,small_vehicle,9,282
1583583666492,large_vehicle,8,334
1571848055808,small_vehicle,7,136
1577825395561,small_vehicle,4,112
1569171894131,large_vehicle,8,209
1581177814100,small_vehicle,9,360
1567354764908,small_vehicle,0,194
1568903645494,large_vehicle,5,104
1569931198326,large_vehicle,1,59
1578824803455,large_vehicle,2,216
1579067597883,small_vehicle,3,335
1585485069101,large_vehicle,8,275
1583041470545,small_vehicle,5,317
1568486409774,small_vehicle,7,183
1578351764826,large_vehicle,6,223
1574943358460,small_vehicle,3,68
1579732228721,large_vehicle,6,219
1577113471540,small_vehicle,3,359
1571813537436,large_vehicle,4,113
1564826567125,large_vehicle,3,30
1580401302211,small_vehicle,6,299
1586518210436,small_vehicle,6,48
1573910759711,large_vehicle,1,315
1567772629864,large_vehicle,5,272
1576551382836,small_vehicle,6,294
1580594039539,small_vehicle,9,103
1568859182177,large_vehicle,3,20
1585737743434,large_vehicle,1,87
1567023170825,large_vehicle,2,199
1569376375541,small_vehicle,3,331
1585091223510,small_vehicle,8,101
1581101439422,large_vehicle,2,294
1569472325229,small_vehicle,10,133
1581241085404,small_vehicle,10,329
1567096972553,small_vehicle,8,134
1572745821862,small_vehicle,9,88
1566429689877,small_vehicle,2,200
1573743547630,small_vehicle,2,58
1582805011175,small_vehicle,7,222
1572841352862,large_vehicle,3,252
1575016717736,small_vehicle,5,354
1572256562358,small_vehicle,9,195
1573951781242,large_vehicle,1,146
1586144627795,small_vehicle,3,123
1573811187085,small_vehicle,0,232
1571937678647,small_vehicle,9,102
1573865339601,large_vehicle,0,115
1585946373580,small_vehicle,10,218
1584501634746,small_vehicle,1,95
1573851984780,large_vehicle,0,153
1579785096713,small_vehicle,0,213
1577459499872,small_vehicle,2,168
1582071230735,small_vehicle,6,193
1578260869701,large_vehicle,7,248
1583180377865,small_vehicle,8,257
1580966110620,small_vehicle,4,320
1572925374932,large_vehicle,9,251
1566248165069,large_vehicle,9,96
1578733904208,large_vehicle,0,273
1580902766948,small_vehicle,8,209
1583181204819,small_vehicle,4,175
1582947935739,large_vehicle,0,59
1577234884787,small_vehicle,4,277
1577477187285,large_vehicle,7,87
1574568751445,large_vehicle,6,264
1579127362210,small_vehicle,10,115
1571041168974,small_vehicle,2,208
1568334907178,large_vehicle,6,38
1582863258465,small_vehicle,7,200
1585569807921,large_vehicle,4,53
1572405161389,large_vehicle,1,353
1586367150404,large_vehicle,8,134
1584522143979,small_vehicle,6,275
1584401582192,large_vehicle,1,170
1567718098091,large_vehicle,5,328
1581144799482,small_vehicle,6,339
1584195112772,large_vehicle,2,94
1579654848928,small_vehicle,6,264
1573641881527,large_vehicle,4,229
1582445058592,large_vehicle,1,111
1579615394570,large_vehicle,9,211
1569102356624,large_vehicle,7,298
1573402996222,large_vehicle,7,178
1569473443554,small_vehicle,4,203
1582487785430,large_vehicle,8,105
1572445063379,small_vehicle,8,137
1586157848486,large_vehicle,6,206
1566703689274,small_vehicle,10,245
1585980956909,small_vehicle,4,66
1576108014964,large_vehicle,5,163
1577417249446,small_vehicle,6,238
1567397960410,small_vehicle,8,332
1578477471041,small_vehicle,10,301
1584309969445,small_vehicle,2,203
1566317333336,small_vehicle,2,54
1573593592828,large_vehicle,3,220
1571273463831,small_vehicle,9,195
1569443381502,large_vehicle,1,198
1572440346924,large_vehicle,8,147
1574635984570,small_vehicle,6,306
1568537018913,large_vehicle,0,326
1575577843959,large_vehicle,4,110
1567233804937,small_vehicle,9,305
1583167929841,small_vehicle,5,73
1565789164383,large_vehicle,10,244
1567990954738,large_vehicle,10,291
1581452378071,large_vehicle,7,43
1568887482422,small_vehicle,9,281
1576157550996,large_vehicle,7,145
1566746582274,large_vehicle,4,267
1567761069868,small_vehicle,6,101
1582851388737,small_vehicle,8,232
1580070083386,large_vehicle,9,103
1572192398660,small_vehicle,7,92
1565295076541,large_vehicle,6,168
1584144679559,large_vehicle,0,77
1575597077930,small_vehicle,4,260
1586622620019,large_vehicle,0,208
1565342465308,small_vehicle,7,316
1584749838132,small_vehicle,6,29
1575681192264,large_vehicle,10,40
1584299482486,large_vehicle,0,351
1565360865114,large_vehicle,10,248
1584753982015,small_vehicle,7,260
1577642660780,small_vehicle,7,195
1569324920002,small_vehicle,2,46
1581519169595,large_vehicle,3,309
1565614644437,small_vehicle,2,348
1572968285300,large_vehicle,0,35
1572255950878,small_vehicle,5,41
1583267620923,small_vehicle,9,209
1566499391749,large_vehicle,3,127
1577382872739,small_vehicle,7,305
1581688823668,small_vehicle,7,322
1579545136726,small_vehicle,3,1
1574836588211,large_vehicle,10,64
1573636407156,large_vehicle,1,225
1583330064972,small_vehicle,9,178
1583366325069,small_vehicle,9,153
1566023525309,small_vehicle,1,360
1580213260333,large_vehicle,3,139
1578252432220,small_vehicle,9,126
1576681657690,large_vehicle,3,123
1565014714142,small_vehicle,8,104
1572258442806,small_vehicle,7,292
1576466720867,large_vehicle,10,215
1583369888028,small_vehicle,3,92
1579350920255,small_vehicle,0,359
1573415461857,large_vehicle,3,2
1581868569959,large_vehicle,9,188
1586483325106,small_vehicle,4,48
1577857237161,small_vehicle,8,346
1573002674255,small_vehicle,1,287
1569876934493,large_vehicle,1,173
1580188543113,small_vehicle,8,248
1585914535254,large_vehicle,8,166
1583237757733,large_vehicle,0,190
1572279590919,large_vehicle,5,150
1585576895704,large_vehicle,6,131
1581175036942,large_vehicle,2,44
1578883114822,large_vehicle,7,209
1577170666402,large_vehicle,7,267
1568618895258,large_vehicle,2,240
1565370723280,large_vehicle,10,34
1568466820999,small_vehicle,3,316
1582078926814,large_vehicle,8,111
1575645960117,large_vehicle,8,266
1569283415787,small_vehicle,10,269
1572484074026,large_vehicle,4,247
1577423679009,small_vehicle,8,244
1583545055221,large_vehicle,6,144
1582415067528,large_vehicle,10,274
1575326522354,small_vehicle,8,41
1578644775581,large_vehicle,8,6
1578634097832,large_vehicle,3,121
1568408032273,large_vehicle,5,182
1572544800829,small_vehicle,6,154
1569627770133,large_vehicle,9,358
1578175269418,large_vehicle,3,60
1585691303522,small_vehicle,10,191
1565474578832,large_vehicle,4,78
1575395021483,large_vehicle,8,288
1568666543719,large_vehicle,9,270
1572453387695,small_vehicle,8,162
1585105614172,large_vehicle,0,246
1565002244556,large_vehicle,2,342
1585173609419,small_vehicle,5,290
1566081268066,small_vehicle,0,2
1573734019276,large_vehicle,5,34
1574781388184,large_vehicle,2,342
1577722387726,small_vehicle,5,82
1581877494745,small_vehicle,5,351
1573373818976,small_vehicle,4,320
1572203337192,large_vehicle,0,331
1582212280774,large_vehicle,9,82
1570280215976,small_vehicle,9,100
1582060566385,small_vehicle,1,326
1575122541185,large_vehicle,5,268
1573170946215,large_vehicle,10,8
1576568388761,small_vehicle,4,1
1569719726999,large_vehicle,4,250
1571693886677,small_vehicle,10,176
1582664826145,large_vehicle,4,134
1566579821510,small_vehicle,7,125
1582661916352,large_vehicle,10,314
1578254398689,small_vehicle,9,241
1579466834597,small_vehicle,9,177
1580285110870,small_vehicle,3,209
1572759656360,large_vehicle,4,56
1585517919122,small_vehicle,6,96
1571228086960,large_vehicle,0,62
1578180303057,small_vehicle,4,330
1573840580875,small_vehicle,10,358
1580117570743,small_vehicle,2,115
1580018619685,small_vehicle,6,184
1574898702728,small_vehicle,1,155
1585731934519,small_vehicle,3,80
1582324971048,large_vehicle,0,86
1572421589542,large_vehicle,10,34
1579212578187,large_vehicle,4,129
1568923937982,large_vehicle,8,136
1568955428398,large_vehicle,9,85
1579732408949,small_vehicle,2,20
1574819373610,large_vehicle,8,306
1584195897404,small_vehicle,6,19
1584509376074,large_vehicle,3,301
1565854809660,large_vehicle,4,292
1569898200254,small_vehicle,2,134
1577653973559,small_vehicle,8,115
1578418943790,small_vehicle,6,237
1585631402955,large_vehicle,3,228
1577791136587,large_vehicle,1,25
1569461101311,small_vehicle,4,88
1571134669345,small_vehicle,6,73
1573807525574,small_vehicle,4,343
1568926884120,small_vehicle,2,49
1585463584280,large_vehicle,1,307
1582949859412,large_vehicle,9,135
1574031447868,small_vehicle,9,95
1584726562012,large_vehicle,5,109
1571004661154,small_vehicle,8,133
1570572637084,small_vehicle,10,354
1573665647057,large_vehicle,5,106
1565670991511,small_vehicle,1,352
1579584763629,small_vehicle,2,2
1569617464795,large_vehicle,4,131
1582510581620,small_vehicle,1,139
1583414310073,large_vehicle,7,289
1576839599859,small_vehicle,6,233
1571058550557,small_vehicle,5,257
1578160185962,large_vehicle,10,86
1578619316110,large_vehicle,9,1
1569562598946,small_vehicle,5,26
1568626789126,small_vehicle,3,144
1574808037132,large_vehicle,6,352
1571302998683,small_vehicle,5,205
1570549919792,small_vehicle,9,187
1581954161471,large_vehicle,3,27
1580092061430,large_vehicle,8,197
1576732960370,large_vehicle,9,87
1568837147904,large_vehicle,4,27
1577405642587,small_vehicle,9,278
1582884361967,small_vehicle,2,299
1576804075751,small_vehicle,5,65
1573754971880,small_vehicle,0,176
1571749248557,small_vehicle,9,320
1579589899921,large_vehicle,3,293
1585799701398,large_vehicle,8,51
1585553472638,small_vehicle,7,345
1566144316354,large_vehicle,1,230
1585496830122,small_vehicle,3,99
1566429021809,large_vehicle,2,329
1566065706776,small_vehicle,10,217
1571812710496,small_vehicle,1,50
1585877049732,small_vehicle,10,222
1566876278832,small_vehicle,2,228
1565221498159,small_vehicle,10,263
1576388228080,large_vehicle,6,190
1573149605652,small_vehicle,6,135
1581371653604,large_vehicle,8,30
1576297395859,large_vehicle,9,116
1578456934857,small_vehicle,0,240
1583412867597,small_vehicle,4,274
1572535476507,small_vehicle,2,301
1567370746510,small_vehicle,4,155
1584656463680,small_vehicle,7,80
1564846605025,large_vehicle,3,308
1576690015933,small_vehicle,9,306
1566150037305,small_vehicle,2,330
1568034638622,small_vehicle,0,243
1580840881909,small_vehicle,3,211
1584605855395,small_vehicle,4,43
1573957240873,small_vehicle,7,176
1574290878117,large_vehicle,2,138
1586639836153,large_vehicle,1,310
1584957610235,small_vehicle,2,98
1576038128091,large_vehicle,0,73
1579676997833,large_vehicle,3,12
1582878856242,large_vehicle,8,255
1583226624139,large_vehicle,1,34
1585925558122,large_vehicle,9,21
1584434138478,small_vehicle,5,66
1574505101436,small_vehicle,6,236
1573924604515,small_vehicle,4,328
1566867743641,small_vehicle,10,188
1575126730254,small_vehicle,6,135
1581017171834,small_vehicle,6,296
1584282706369,large_vehicle,3,268
1579095499878,large_vehicle,8,161
1571327260590,small_vehicle,4,245
1576452904748,large_vehicle,4,198
1564809122577,small_vehicle,8,30
1585390512948,small_vehicle,0,166
1582602346526,large_vehicle,6,129
1572839062326,large_vehicle,6,151
1568683124854,large_vehicle,7,188
1574729381449,large_vehicle,9,10
1571040459879,large_vehicle,7,254
1566517201950,small_vehicle,1,61
1581000249269,small_vehicle,5,236
1571337167366,small_vehicle,8,130
1581680203194,small_vehicle,6,213
1580691261358,small_vehicle,8,16
1582724500584,large_vehicle,7,325
1565093852743,small_vehicle,8,20
1567681456560,small_vehicle,4,248
1582260383392,small_vehicle,7,136
1574197721452,small_vehicle,3,15
1565581535005,large_vehicle,6,1
1583731842873,small_vehicle,1,142
1566090990434,small_vehicle,6,37
1583838356079,large_vehicle,7,241
1568891892358,large_vehicle,9,33
1575084868140,small_vehicle,10,263
1566082094010,large_vehicle,4,224
1583074700121,large_vehicle,2,265
1576885310523,large_vehicle,2,275
1568214635144,large_vehicle,8,337
1583770925385,small_vehicle,0,125
1574313522538,large_vehicle,2,339
1571040015545,large_vehicle,3,64
1571038134561,small_vehicle,9,138
1584731441497,small_vehicle,0,280
1581016539385,small_vehicle,8,278
1579705995578,small_vehicle,1,340
1570095152010,small_vehicle,8,277
1579772691247,small_vehicle,10,247
1578569104485,large_vehicle,2,145
1576397694268,small_vehicle,4,145
1565336341728,small_vehicle,3,288
1578598390182,small_vehicle,10,286
1567430040371,large_vehicle,1,11
1573034750874,small_vehicle,9,304
1582065578422,large_vehicle,10,14
1568684028738,small_vehicle,5,324
1580802580576,large_vehicle,5,16
1583157846498,large_vehicle,0,205
1578900457646,small_vehicle,7,140
1572391252192,small_vehicle,5,194
1564860959992,large_vehicle,2,354
1583426195980,large_vehicle,6,338
1575944015171,large_vehicle,1,198
1567698486141,large_vehicle,9,84
1581196142091,small_vehicle,4,99
1578210954776,large_vehicle,5,175
1569691146800,large_vehicle,3,33
1571076388266,large_vehicle,1,199
1564927347355,large_vehicle,6,110
1565810448994,large_vehicle,5,336
1579056066087,small_vehicle,6,182
1584422651592,small_vehicle,9,351
1565365066124,large_vehicle,10,205
1586724333396,small_vehicle,0,187
1582349368195,large_vehicle,1,256
1573873447793,small_vehicle,4,316
1574422118071,small_vehicle,5,291
1579130475558,large_vehicle,8,26
1567208749385,small_vehicle,2,116
1584611379717,large_vehicle,3,73
1579733427757,small_vehicle,8,103
1569859948728,small_vehicle,4,264
1579064325366,large_vehicle,9,313
1585841111808,large_vehicle,6,66
1578156689898,large_vehicle,4,281
1570806688077,large_vehicle,10,195
1570692218610,small_vehicle,3,70
1568680178471,small_vehicle,8,127
1582909081701,large_vehicle,2,111
1566812679336,large_vehicle,3,114
1571672491214,large_vehicle,5,144
1581720235577,large_vehicle,10,117
1576938146745,large_vehicle,8,271
1583345357552,small_vehicle,6,226
1572160371419,large_vehicle,6,257
1571238471761,small_vehicle,5,268
1578062628645,large_vehicle,1,60
1573354138693,small_vehicle,6,84
1567929562768,small_vehicle,0,154
1575013448759,small_vehicle,5,317
1571486692465,large_vehicle,9,172
1568141835440,large_vehicle,8,170
1569348945226,small_vehicle,6,153
1579376277974,large_vehicle,7,295
1567198439834,small_vehicle,3,10
1575646550598,large_vehicle,8,60
1570521528837,large_vehicle,4,135
1574801629204,small_vehicle,3,280
1572721472776,small_vehicle,2,92
1571101425273,large_vehicle,0,27
1570841392632,small_vehicle,3,355
1568999717015,small_vehicle,7,285
1583185268752,large_vehicle,10,256
1581505532326,large_vehicle,3,356
1579751415258,small_vehicle,0,147
1573052719491,large_vehicle,2,279
1580298182704,large_vehicle,1,258
1570423124789,large_vehicle,1,43
1570626952699,small_vehicle,3,44
1573295323229,large_vehicle,4,167
1574520339903,large_vehicle,5,89
1585604653096,small_vehicle,10,359
1578246549505,small_vehicle,8,118
1566073704502,large_vehicle,2,149
1565339827658,small_vehicle,3,310
1566505222692,small_vehicle,3,6
1583116223618,small_vehicle,3,312
1570010789361,large_vehicle,6,128
1573025122813,large_vehicle,3,62
1583672582993,small_vehicle,6,59
1565331698204,large_vehicle,6,333
1571625999782,large_vehicle,1,69
1570275002290,large_vehicle,2,16
1576065004632,small_vehicle,4,360
1568244542094,small_vehicle,6,74
1576528736465,large_vehicle,0,155
1577084108039,large_vehicle,1,134
1585253648816,large_vehicle,0,92
1582752009257,small_vehicle,4,109
1582675657717,small_vehicle,1,333
1581675934348,large_vehicle,4,163
1571892728127,small_vehicle,0,263
1567006858412,large_vehicle,6,42
1572614683562,small_vehicle,5,304
1582207079523,small_vehicle,1,94
1581470203089,small_vehicle,5,71
1570960405936,small_vehicle,0,97
1584042313215,small_vehicle,6,157
1578335434128,large_vehicle,0,269
1569831705117,small_vehicle,4,129
1578227510998,small_vehicle,4,105
1583408211790,small_vehicle,3,119
1577994710861,small_vehicle,9,118
1580307192723,small_vehicle,6,214
1575447246959,small_vehicle,3,235
1575739579440,large_vehicle,2,357
1583534928286,small_vehicle,5,281
1570353782221,small_vehicle,3,21
1576140669327,small_vehicle,8,160
1575516053732,small_vehicle,0,204
1571675244503,large_vehicle,5,324
1582715007456,small_vehicle,1,113
1580124157590,small_vehicle,10,355
1577569976276,large_vehicle,6,326
1579267654602,large_vehicle,5,263
1572860405897,small_vehicle,7,24
1570075894430,small_vehicle,8,324
1585900473927,small_vehicle,0,90
1584471338332,small_vehicle,4,278
1586269025871,small_vehicle,0,179
1566521783559,small_vehicle,7,2
1585110219884,large_vehicle,1,230
1571714411569,large_vehicle,0,324
1585067011011,large_vehicle,9,300
1576094070415,large_vehicle,6,169
1582867089813,large_vehicle,1,7
1578690220252,small_vehicle,6,221
1586501905394,large_vehicle,9,67
1564796988989,small_vehicle,9,149
1575783489416,small_vehicle,7,46
1567570959420,large_vehicle,6,306
1585032984100,large_vehicle,4,321
1586138784428,large_vehicle,0,217
1575713355594,large_vehicle,4,8
1577617187855,small_vehicle,9,213
1580456196558,small_vehicle,10,129
1569466921454,small_vehicle,4,344
1578360473842,large_vehicle,8,42
1572817245078,small_vehicle,1,0
1580371225283,large_vehicle,6,294
1586228069866,large_vehicle,6,209
1574523946657,large_vehicle,2,137
1569347580490,small_vehicle,2,239
1577524877698,small_vehicle,7,287
1585773952085,large_vehicle,4,151
1574736270197,large_vehicle,8,231
1565027464213,small_vehicle,8,100
1585087878566,small_vehicle,10,125
1579960403877,large_vehicle,2,85
1576352023501,small_vehicle,2,141
1583979869600,large_vehicle,9,130
