1566516181172,large_vehicle,7,41
1570510560955,small_vehicle,0,55
1586640423966,large_vehicle,1,171
1566530032711,small_vehicle,6,85
1574071539623,small_vehicle,1,100
1584103424825,large_vehicle,0,151
1572542497445,large_vehicle,10,150
1576239654518,small_vehicle,7,348
1582501739264,small_vehicle,7,7
1581171144837,small_vehicle,1,338
1574617505218,small_vehicle,7,360
1581613126345,small_vehicle,3,313
1566994631158,small_vehicle,2,315
1569646563391,small_vehicle,1,66
1565229386613,small_vehicle,0,0
1578964718470,large_vehicle,4,56
1569338623383,small_vehicle,4,17
1580277865980,large_vehicle,9,232
1579558852244,large_vehicle,5,31
1586520002538,small_vehicle,5,311
1584510505321,large_vehicle,1,256
1578188144905,large_vehicle,0,19
1579499938994,large_vehicle,9,25
1573340770965,large_vehicle,0,51
1579031445258,large_vehicle,8,14
1569480303079,small_vehicle,1,275
1577500855105,large_vehicle,6,334
1572555583230,small_vehicle,8,23
1569801794199,small_vehicle,6,307
1572493852586,small_vehicle,2,162
1576370919430,large_vehicle,1,20
1571625245179,small_vehicle,2,156
1572822735554,small_vehicle,8,333
1583010648095,small_vehicle,2,111
1568918352350,small_vehicle,5,298
1573382083759,small_vehicle,8,134
1584283362625,large_vehicle,6,347
1575707382237,small_vehicle,3,79
1581987365944,small_vehicle,4,194
1575965667947,small_vehicle,10,207
1586475018245,large_vehicle,2,3
1584976684985,large_vehicle,8,36
1574964571110,large_vehicle,1,272
1571136815119,small_vehicle,7,153
1586131050036,small_vehicle,0,315
1572757447320,large_vehicle,2,93
1568120227903,small_vehicle,0,125
1567897081695,small_vehicle,6,24
1584543931277,small_vehicle,3,356
1572025991203,small_vehicle,4,324
1576076609294,small_vehicle,5,56
1575123628764,small_vehicle,9,55
1573888572012,large_vehicle,9,110
1578282970734,small_vehicle,10,18
1581833475518,small_vehicle,3,254
1566948914622,small_vehicle,7,225
1565415086688,small_vehicle,2,69
1573220242522,small_vehicle,0,163
1565266069547,small_vehicle,9,34
1573738655767,small_vehicle,9,207
1583944956773,small_vehicle,2,34
1581787460712,small_vehicle,2,243
1582193628018,large_vehicle,6,68
1565839117207,small_vehicle,8,16
1579853485992,small_vehicle,2,213
1579566123434,small_vehicle,9,119
1586684301308,small_vehicle,8,340
1586499718475,large_vehicle,0,333
1578988955234,large_vehicle,1,59
1576074747151,large_vehicle,6,12
1570550024035,large_vehicle,7,219
1585138707614,small_vehicle,7,254
1574236552444,small_vehicle,2,260
1585359699711,large_vehicle,2,143
1572020669208,large_vehicle,2,125
1571238319697,large_vehicle,0,221
1564887434528,small_vehicle,10,22
1565878223116,large_vehicle,1,206
1571610900047,small_vehicle,9,280
1583877250977,small_vehicle,10,19
1569561798656,small_vehicle,4,238
1582453821607,large_vehicle,2,358
1573515128766,small_vehicle,5,153
1569329348813,large_vehicle,7,296
1568574740479,small_vehicle,2,242
1567970857512,large_vehicle,1,276
1573692308206,small_vehicle,1,249
1582719005205,large_vehicle,4,66
1578907312865,large_vehicle,9,189
1567626475616,large_vehicle,10,338
1585540966232,large_vehicle,3,5
1582685409900,large_vehicle,6,357
1581189132618,large_vehicle,4,138
1586353246014,small_vehicle,8,77
1578190935501,small_vehicle,10,109
1572939542003,large_vehicle,7,337
1575462925255,large_vehicle,1,278
1580821688779,small_vehicle,7,137
1577006917521,small_vehicle,8,103
1569496371867,large_vehicle,9,54
1572757887350,large_vehicle,9,255
1565336840270,small_vehicle,6,73
1585053147337,large_vehicle,6,136
1575981355189,small_vehicle,0,229
1582352917471,small_vehicle,6,198
1572918167999,small_vehicle,4,173
1585357728037,large_vehicle,2,171
1571983778487,small_vehicle,7,81
1569993945851,large_vehicle,7,347
1571767693582,large_vehicle,0,284
1569623270633,large_vehicle,8,183
1570614068348,large_vehicle,4,55
1583296787077,small_vehicle,10,151
1575531936493,large_vehicle,0,88
1575992142090,small_vehicle,3,278
1585303697887,small_vehicle,6,79
1576030276608,small_vehicle,3,267
1581680687636,small_vehicle,1,154
1574857943898,large_vehicle,6,301
1572543832967,large_vehicle,9,64
1579353257786,large_vehicle,8,9
1565743575571,small_vehicle,7,98
1581230408392,small_vehicle,1,24
1577447165615,large_vehicle,10,143
1580891030682,small_vehicle,10,355
1569920918035,small_vehicle,5,217
1570220716912,small_vehicle,10,321
1569604469988,large_vehicle,7,85
1578665755206,small_vehicle,4,207
1570266300787,large_vehicle,8,117
1584448219988,large_vehicle,7,309
1574206908874,small_vehicle,0,36
1575247924698,large_vehicle,1,298
1584631153990,small_vehicle,10,26
1583193439594,large_vehicle,7,323
1575612532160,small_vehicle,2,342
1579235899930,large_vehicle,1,58
1572952486522,small_vehicle,5,152
1580892225196,small_vehicle,9,57
1567319697713,small_vehicle,10,231
1577674086978,large_vehicle,3,24
1568696787307,large_vehicle,0,307
1584426797155,large_vehicle,1,199
1576477871086,small_vehicle,9,168
1566887946136,large_vehicle,3,269
1585420108173,large_vehicle,2,259
1583198186040,small_vehicle,0,10
1568463278306,large_vehicle,4,296
1577265883311,small_vehicle,0,197
1565848735025,small_vehicle,6,44
1569288625965,large_vehicle,9,44
1569010273863,small_vehicle,10,145
1583761662012,small_vehicle,5,217
1572040951442,small_vehicle,4,217
1569380926378,large_vehicle,10,317
1572354722271,large_vehicle,10,16
1573444722764,large_vehicle,8,121
1582197868548,small_vehicle,8,189
1567280748078,small_vehicle,0,180
1574711039309,large_vehicle,7,90
1584550375450,small_vehicle,2,150
1573712055355,large_vehicle,2,245
1586080768977,small_vehicle,9,228
1572171683015,large_vehicle,1,86
1567438990626,small_vehicle,8,112
1583140747500,large_vehicle,9,190
1576136910084,large_vehicle,3,303
1585112525019,small_vehicle,9,224
1571498177984,large_vehicle,2,287
1584796854067,large_vehicle,2,197
1567451029017,small_vehicle,1,186
1568475674821,large_vehicle,0,14
1568539454418,small_vehicle,7,142
1581231424270,small_vehicle,9,39
1582032126680,large_vehicle,3,135
1580621514619,large_vehicle,8,124
1586377022570,small_vehicle,7,121
1584621891385,small_vehicle,6,296
1585859376275,large_vehicle,1,325
1585498810164,small_vehicle,8,182
1573192537081,large_vehicle,10,0
1570605537630,small_vehicle,3,96
1569451250725,large_vehicle,7,289
1565156766283,small_vehicle,1,321
1574261296812,large_vehicle,5,244
1583556928424,small_vehicle,3,197
1583529178893,small_vehicle,7,138
1578152371127,small_vehicle,2,158
1585118666789,small_vehicle,7,226
1576185247940,large_vehicle,7,240
1572438903339,small_vehicle,0,347
1567643569222,large_vehicle,10,110
1575933782715,small_vehicle,10,39
1581161476004,small_vehicle,0,25
1576238264972,small_vehicle,3,38
1568405046110,large_vehicle,9,322
1568757264653,large_vehicle,9,225
1573753753641,large_vehicle,3,355
1576081573016,small_vehicle,7,355
1582117303485,large_vehicle,2,183
1574891634737,small_vehicle,10,167
1586079877609,large_vehicle,1,229
1585980289441,small_vehicle,10,108
1573969291663,large_vehicle,9,169
1585987941302,large_vehicle,7,271
1577445614908,small_vehicle,9,175
1578259676989,large_vehicle,4,174
1574542673264,small_vehicle,9,338
1567604393777,small_vehicle,3,102
1579161543762,small_vehicle,3,338
1580061786618,large_vehicle,3,165
1584100224019,small_vehicle,8,176
1573106496488,small_vehicle,5,246
1585769059154,large_vehicle,2,213
1585520910836,small_vehicle,3,110
1567869539226,small_vehicle,9,172
1570354702951,small_vehicle,7,25
1580411011714,large_vehicle,0,131
1571209247211,small_vehicle,8,209
1583924883554,large_vehicle,8,320
1578809742945,small_vehicle,1,328
1565636463324,large_vehicle,6,12
1578954842044,large_vehicle,0,191
1574042016490,small_vehicle,8,22
1580469088311,large_vehicle,0,215
1570399169422,small_vehicle,8,116
1577399122111,small_vehicle,1,282
1572808264716,large_vehicle,10,61
1569817240845,large_vehicle,10,299
1582377698766,small_vehicle,1,286
1571271648630,small_vehicle,3,144
1566178066030,large_vehicle,2,299
1577931211038,large_vehicle,9,33
1577070600797,small_vehicle,1,337
1569058306990,small_vehicle,4,274
1565727360697,small_vehicle,10,71
1568196913645,large_vehicle,1,127
1569961551507,large_vehicle,7,16
1583601004643,small_vehicle,6,150
1569950453929,small_vehicle,5,28
1568278640035,large_vehicle,2,243
1579666681826,large_vehicle,5,262
1586276880136,large_vehicle,2,348
1573975933249,large_vehicle,5,120
1580420521573,large_vehicle,2,228
1583959230542,large_vehicle,8,63
1574910029308,small_vehicle,0,292
1579824231874,small_vehicle,7,107
1576348125035,small_vehicle,7,57
1577673475456,small_vehicle,3,126
1580094326546,small_vehicle,2,32
1582566752948,small_vehicle,10,180
1575709471911,small_vehicle,5,106
1575822006636,large_vehicle,8,304
1577061997070,small_vehicle,2,230
1569704470629,large_vehicle,8,64
1584558577895,large_vehicle,5,144
1571475186858,small_vehicle,0,37
1575477851957,large_vehicle,7,230
1583126429960,large_vehicle,8,302
1575947518262,large_vehicle,3,162
1568889408231,large_vehicle,6,256
1578613586192,large_vehicle,8,217
1580254970805,small_vehicle,4,53
1579949908538,small_vehicle,10,94
1581326189822,large_vehicle,8,0
1570957531035,large_vehicle,1,104
1576691992582,small_vehicle,5,303
1566942132684,small_vehicle,7,136
1571381433731,large_vehicle,6,353
1567213659722,small_vehicle,2,269
1568408316049,large_vehicle,5,74
1582208436820,large_vehicle,10,284
1566786867834,large_vehicle,8,83
1571982365557,large_vehicle,3,23
1572254676318,small_vehicle,3,143
1581977238476,small_vehicle,10,71
1566311756849,large_vehicle,9,190
1570783915923,small_vehicle,8,277
1581237526200,large_vehicle,0,13
1579115635971,large_vehicle,6,12
1577389439272,large_vehicle,0,154
1569314523169,small_vehicle,8,73
1578513732801,large_vehicle,9,79
1571847201477,large_vehicle,10,244
1572189527249,large_vehicle,1,168
1574847778081,small_vehicle,1,241
1580044993260,large_vehicle,3,43
1579844489916,small_vehicle,6,139
1585606953336,large_vehicle,2,129
1572632227020,small_vehicle,8,136
1571152334330,small_vehicle,3,306
1583765113814,small_vehicle,7,171
1576993468971,large_vehicle,5,185
1585731504291,large_vehicle,1,125
1565434180044,large_vehicle,6,148
1578932387973,small_vehicle,10,337
1576552974268,small_vehicle,9,97
1565763828103,large_vehicle,10,183
1569660230419,small_vehicle,1,4
1584285416669,large_vehicle,6,44
1566667294239,large_vehicle,4,130
1568906059442,small_vehicle,4,309
1570367546550,large_vehicle,5,67
1573123366129,large_vehicle,7,158
1571032884975,large_vehicle,3,162
1576733429603,large_vehicle,4,260
1584064896713,small_vehicle,8,208
1571304719500,small_vehicle,6,20
1567317011130,small_vehicle,9,75
1581822085553,small_vehicle,8,15
1574770394953,large_vehicle,3,156
1586593400992,large_vehicle,5,311
1580003649831,large_vehicle,9,309
1567893380183,large_vehicle,7,298
1569393663197,large_vehicle,7,343
1569683114745,large_vehicle,4,327
1579846594263,small_vehicle,9,302
1585676228921,large_vehicle,10,348
1568895887107,small_vehicle,6,282
1579791222924,small_vehicle,6,244
1580024560086,small_vehicle,9,3
1573948881326,large_vehicle,10,146
1586018211057,small_vehicle,4,80
1573012213020,small_vehicle,9,162
1580784543838,small_vehicle,3,215
1577130558727,large_vehicle,9,205
1586203772346,small_vehicle,4,168
1582805979041,small_vehicle,2,193
1572931948557,small_vehicle,2,332
1584792803510,large_vehicle,7,224
1577435635988,large_vehicle,10,82
1571599613744,large_vehicle,6,23
1579632195053,large_vehicle,9,242
1583422731001,large_vehicle,4,248
1568722106600,large_vehicle,0,145
1580750058657,small_vehicle,4,141
1574859458852,large_vehicle,8,300
1582240867321,small_vehicle,2,220
1566049022192,large_vehicle,8,153
1574897838977,large_vehicle,7,186
1577101165415,small_vehicle,1,1
1570820034192,large_vehicle,0,282
1569461301016,small_vehicle,10,1
1585674012336,small_vehicle,4,257
1565703932952,small_vehicle,8,230
1584566847948,large_vehicle,4,184
1565339340435,large_vehicle,6,140
1584580932559,large_vehicle,9,27
1573931205674,small_vehicle,2,186
1572887795251,small_vehicle,6,177
1575641291828,small_vehicle,6,295
1573523945265,small_vehicle,3,60
1579480008193,large_vehicle,10,135
1569619398470,large_vehicle,8,58
1573797382984,small_vehicle,0,45
1573674749663,large_vehicle,1,285
1585662785119,small_vehicle,8,247
1573171066368,large_vehicle,6,207
1582665436185,small_vehicle,4,159
1564803634224,small_vehicle,1,355
1575454635814,small_vehicle,8,253
1581717772715,small_vehicle,8,178
1565595854141,small_vehicle,10,207
1574878836423,large_vehicle,9,73
1582160218376,large_vehicle,10,100
1583486108261,small_vehicle,9,148
1575311633289,large_vehicle,7,283
1583371215674,small_vehicle,5,39
1572266971879,large_vehicle,2,193
1582554307953,small_vehicle,4,12
1572096055125,large_vehicle,8,215
1582043349191,large_vehicle,10,74
1583074899430,small_vehicle,4,318
1568112130244,small_vehicle,3,78
1570772041688,large_vehicle,2,212
1569679554840,large_vehicle,2,296
1571828668122,large_vehicle,8,33
1569932731251,large_vehicle,8,236
1565989796917,small_vehicle,4,338
1569184503630,small_vehicle,10,190
1578134537454,small_vehicle,7,173
1580179806385,large_vehicle,5,0
1573042413318,small_vehicle,2,310
1571768671815,small_vehicle,8,295
1584895445243,small_vehicle,5,25
1570261536422,small_vehicle,1,222
1574731622647,small_vehicle,5,306
1581061816671,small_vehicle,10,255
1580580408716,large_vehicle,9,352
1578556230814,small_vehicle,10,336
1582262110735,large_vehicle,5,34
1574260489925,large_vehicle,8,332
1572177375828,small_vehicle,5,357
1574200859108,large_vehicle,8,104
1584953889978,small_vehicle,1,315
1575181941635,small_vehicle,3,53
1576971473379,small_vehicle,2,25
1581783933948,small_vehicle,9,207
1565370322546,small_vehicle,4,183
1566873707821,small_vehicle,4,346
1574708774068,large_vehicle,6,356
1576342666774,large_vehicle,3,358
1583204136385,small_vehicle,0,208
1567421450403,small_vehicle,0,314
1584197923471,small_vehicle,3,268
1585532510690,small_vehicle,2,328
1576867493657,large_vehicle,10,87
1583438048798,small_vehicle,6,260
1569273647813,large_vehicle,8,216
1579171358183,large_vehicle,8,106
1580328268995,large_vehicle,8,87
1585281584958,large_vehicle,5,163
1567289162660,large_vehicle,0,124
1574936583417,small_vehicle,6,66
1580899938343,small_vehicle,0,29
1576952952658,small_vehicle,2,3
1564700357978,small_vehicle,9,331
1581115217276,large_vehicle,5,70
1574504688047,small_vehicle,6,16
1579464197103,small_vehicle,10,51
1568930809705,large_vehicle,0,201
1579652211736,large_vehicle,2,88
1581956265406,large_vehicle,8,123
1566186230455,large_vehicle,1,220
1572025915442,small_vehicle,8,5
1568050213846,small_vehicle,1,72
1565733424876,small_vehicle,3,159
1566763033423,large_vehicle,5,77
1576298679789,small_vehicle,8,232
1570842605150,small_vehicle,5,262
1582598850507,small_vehicle,10,294
1570823835547,small_vehicle,8,0
1585012240296,large_vehicle,9,133
1585729306916,large_vehicle,8,202
1568217439763,small_vehicle,7,268
1580406507132,large_vehicle,10,148
1581773951343,large_vehicle,0,176
1578716235560,large_vehicle,2,76
1570330406052,large_vehicle,8,52
1581211888352,small_vehicle,1,310
1579360512003,small_vehicle,6,285
1573629630104,small_vehicle,1,306
1579653665973,large_vehicle,3,101
1573331584550,large_vehicle,10,169
1585181350432,small_vehicle,5,166
1565969907385,small_vehicle,4,119
1582305595908,small_vehicle,2,68
1579747157783,large_vehicle,1,284
1567582048821,large_vehicle,6,93
1567871842310,large_vehicle,8,292
1567622927540,large_vehicle,0,284
1573092717066,large_vehicle,0,352
1579545177470,small_vehicle,8,196
1580828838360,small_vehicle,7,267
1568851570876,small_vehicle,9,250
1582681303681,small_vehicle,4,360
1573332512560,large_vehicle,2,250
1574693067182,small_vehicle,0,328
1581618900321,large_vehicle,8,35
1567320846653,large_vehicle,8,350
1573632615014,large_vehicle,4,228
1579499227955,large_vehicle,2,340
1568939601989,large_vehicle,8,35
1570399824677,small_vehicle,3,10
1564713248455,small_vehicle,2,93
1572489811024,large_vehicle,5,214
1572401824018,large_vehicle,7,327
1571190041361,small_vehicle,5,347
1584300282832,large_vehicle,6,176
1580583250275,large_vehicle,5,68
1566650704819,small_vehicle,4,334
1582153427194,small_vehicle,7,99
1567364201662,small_vehicle,5,16
1575862302534,small_vehicle,2,260
1578657523574,large_vehicle,2,257
1576602963540,large_vehicle,5,168
1578366239050,small_vehicle,2,99
1577794421405,large_vehicle,0,302
1585756014970,large_vehicle,7,163
1583449879110,small_vehicle,3,169
1578992652189,large_vehicle,0,125
1583439914357,large_vehicle,9,228
1577129596886,large_vehicle,3,240
1574717434838,large_vehicle,0,216
1574033379650,small_vehicle,0,304
1578842857526,large_vehicle,8,92
1581526997308,large_vehicle,3,306
1586601011860,large_vehicle,8,110
1585574228143,small_vehicle,9,67
1579776100635,small_vehicle,9,161
1574099887141,large_vehicle,6,73
1582924776652,small_vehicle,9,289
1575776059345,small_vehicle,5,312
1572972607603,small_vehicle,2,32
1566491926241,large_vehicle,9,213
1583333159830,large_vehicle,7,228
1583026275178,large_vehicle,5,290
1577494982391,small_vehicle,7,171
1574009217188,small_vehicle,1,289
1564995908372,small_vehicle,3,75
1566108933785,small_vehicle,8,350
1571136066106,large_vehicle,0,24
1565167454496,small_vehicle,1,216
1578882686869,small_vehicle,1,204
1570762196077,large_vehicle,0,319
1581963652682,small_vehicle,1,255
1573202015621,large_vehicle,4,145
1576689541130,large_vehicle,10,295
1570328075474,large_vehicle,2,2
1573976981408,large_vehicle,7,264
1579023357783,large_vehicle,7,122
1571215223370,small_vehicle,8,197
1566207366224,large_vehicle,2,281
1583495432483,small_vehicle,2,188
1570936000154,small_vehicle,9,95
1576916320371,large_vehicle,8,167
1579470308404,small_vehicle,8,116
1575283431521,small_vehicle,5,293
1580598132473,small_vehicle,6,282
1585178133159,large_vehicle,10,120
1572319178677,small_vehicle,9,55
1583761204368,large_vehicle,7,263
1571719932167,large_vehicle,1,326
1585386980327,small_vehicle,3,266
1573205011258,small_vehicle,4,68
1571536109662,small_vehicle,7,118
1574270108564,large_vehicle,2,261
1583705784038,large_vehicle,0,121
1582686344152,large_vehicle,3,355
1573519445544,large_vehicle,1,265
1568732021155,small_vehicle,1,132
1582849495090,small_vehicle,2,91
1584767471397,small_vehicle,8,87
1578907335449,small_vehicle,10,191
1582968154798,large_vehicle,7,270
1574910435630,large_vehicle,4,121
1567745000114,large_vehicle,6,332
1581705333212,small_vehicle,2,54
1564708595406,large_vehicle,0,190
1576626123611,small_vehicle,7,270
1574749211944,large_vehicle,7,212
1584156897148,large_vehicle,1,118
1577552523051,small_vehicle,1,167
1571624779717,large_vehicle,9,191
1569233667732,small_vehicle,2,34
1565438159967,small_vehicle,2,341
1585534526830,large_vehicle,6,243
1579289997830,small_vehicle,9,294
1582072740954,small_vehicle,0,123
1566340959318,large_vehicle,3,5
1578786209790,small_vehicle,5,354
1585146351212,small_vehicle,10,159
1577290874040,small_vehicle,8,332
1565653370993,small_vehicle,10,305
1572119375926,small_vehicle,4,232
1577904216103,large_vehicle,1,142
1566707394938,large_vehicle,3,167
1574834128020,large_vehicle,9,228
1567977808641,large_vehicle,1,97
1585414346160,large_vehicle,1,30
1585710723671,small_vehicle,10,160
1586299884584,large_vehicle,4,44
1565857215281,large_vehicle,2,284
1576273744597,large_vehicle,2,272
1569230659011,small_vehicle,0,337
1582359769094,small_vehicle,3,0
1573987768343,large_vehicle,1,204
1585204056558,small_vehicle,1,12
1571118935412,large_vehicle,10,113
1566240409365,small_vehicle,4,250
1568737026733,small_vehicle,8,270
1577119991029,large_vehicle,4,308
1573114848333,small_vehicle,4,200
1575109093902,large_vehicle,1,278
1576223376269,small_vehicle,9,215
1581077452635,large_vehicle,8,320
1583964340664,small_vehicle,5,169
1567308187471,small_vehicle,9,52
1580151389694,large_vehicle,6,296
1584515815750,large_vehicle,10,31
1585832951260,small_vehicle,10,277
1576273761219,large_vehicle,2,126
1582597512740,large_vehicle,3,140
1571373697502,large_vehicle,2,54
1578678375721,large_vehicle,3,201
1581926994119,small_vehicle,5,48
1566293547025,small_vehicle,5,223
1578350967660,large_vehicle,4,303
1577915627644,large_vehicle,7,132
1567943712061,large_vehicle,10,249
1571626868347,small_vehicle,2,118
1576108907448,small_vehicle,5,217
1568772143198,large_vehicle,3,133
1565639869030,small_vehicle,6,65
1584384152891,small_vehicle,7,214
1575699183539,large_vehicle,0,262
1574523506173,large_vehicle,1,84
1577790142713,large_vehicle,8,182
1567303696491,small_vehicle,7,72
1567211987314,small_vehicle,4,245
1576001712501,small_vehicle,8,46
1570257449044,small_vehicle,3,11
1582467335305,small_vehicle,0,101
1576350766163,large_vehicle,0,254
1565740664385,large_vehicle,7,349
1566278214409,small_vehicle,0,315
1569646206142,large_vehicle,1,113
1580935308089,small_vehicle,6,180
1573810288983,large_vehicle,9,147
1574018696910,large_vehicle,9,353
1581359499310,small_vehicle,5,290
1570984683285,large_vehicle,9,55
1585500116203,small_vehicle,5,145
1582472347447,small_vehicle,3,197
1570433853043,small_vehicle,4,212
1575648394674,small_vehicle,6,244
1570649723409,small_vehicle,2,20
1580613665746,large_vehicle,0,355
1579078680949,large_vehicle,9,355
1570784824273,small_vehicle,2,54
1574717419917,small_vehicle,5,28
1565478512721,large_vehicle,10,356
1568419858235,small_vehicle,7,34
1583113795674,large_vehicle,2,313
1585260778215,small_vehicle,3,185
1571765924142,large_vehicle,3,331
1579277244801,large_vehicle,1,6
1567873165768,small_vehicle,2,287
1570032242295,small_vehicle,6,117
1585683923401,large_vehicle,4,148
1583315074812,large_vehicle,9,262
1574198925040,small_vehicle,6,305
1568591301553,small_vehicle,6,170
1586368643873,small_vehicle,10,30
1573035524211,large_vehicle,6,199
1569509641548,small_vehicle,9,227
1571423969995,small_vehicle,9,206
1578190010882,small_vehicle,8,112
1586494001103,small_vehicle,8,155
1570440283972,large_vehicle,6,327
1576209218205,small_vehicle,6,353
1575743755928,large_vehicle,3,235
1571183325984,large_vehicle,2,4
1573169866585,small_vehicle,2,208
1583404624436,large_vehicle,5,202
1585280742151,small_vehicle,0,336
1569583133205,small_vehicle,3,45
1568456235915,small_vehicle,4,63
1574092591395,large_vehicle,9,85
1571947106457,large_vehicle,3,165
1584719922099,large_vehicle,9,142
1582838728253,small_vehicle,0,47
1570434074267,large_vehicle,2,246
1565760947383,large_vehicle,6,92
1585234848217,large_vehicle,5,170
1575964928961,small_vehicle,4,49
1572268478190,small_vehicle,5,68
1564794722807,small_vehicle,1,186
1567791878902,large_vehicle,4,49
1570774660858,small_vehicle,0,113
1584591384866,large_vehicle,6,200
1581133938995,small_vehicle,5,15
1566739009451,large_vehicle,10,12
1565116846756,small_vehicle,4,59
1583198276665,large_vehicle,7,245
1585524640288,small_vehicle,10,240
1573102849923,large_vehicle,8,0
1577371909973,large_vehicle,4,220
1579568515218,large_vehicle,5,203
1576976121591,large_vehicle,1,98
1565407697355,small_vehicle,9,237
1583563249365,small_vehicle,3,297
1573549995706,small_vehicle,10,116
1583469610554,large_vehicle,3,6
1567541030549,small_vehicle,0,254
1580898427089,small_vehicle,8,304
1578112098144,large_vehicle,0,223
1585685430199,large_vehicle,10,346
1577570983828,large_vehicle,2,278
1573768164491,small_vehicle,7,46
1568221557719,small_vehicle,6,21
1571969023897,large_vehicle,9,88
1581647416700,large_vehicle,10,56
1574227514561,large_vehicle,9,310
1584449812122,large_vehicle,0,147
1573098008929,small_vehicle,6,56
1577434328321,small_vehicle,7,40
1577451061778,small_vehicle,6,187
1582401782963,small_vehicle,1,272
1566911564336,small_vehicle,9,73
1577202122304,small_vehicle,3,224
1568325982295,large_vehicle,7,331
1570246674117,small_vehicle,7,78
1569830593229,large_vehicle,7,3
1586327114918,small_vehicle,0,248
1580787919719,small_vehicle,0,11
1566090421351,small_vehicle,7,252
1586127369028,large_vehicle,4,192
1568962093756,large_vehicle,4,311
1573704998070,large_vehicle,5,196
1575370973083,small_vehicle,7,209
1579140097504,small_vehicle,8,8
1581043520837,large_vehicle,6,165
1585054446193,large_vehicle,10,117
1579001353979,small_vehicle,2,57
1584220841773,large_vehicle,10,255
1576664247717,large_vehicle,1,214
1576897831070,large_vehicle,8,48
1576643855905,small_vehicle,5,190
1584333516620,large_vehicle,1,307
1567430542045,small_vehicle,10,211
1581409421298,small_vehicle,4,242
1577056844220,large_vehicle,6,190
1586543793018,small_vehicle,6,338
1581976314625,large_vehicle,2,209
1567516449850,large_vehicle,8,227
1577093392315,large_vehicle,7,59
1573079419583,small_vehicle,6,252
1576099986114,small_vehicle,2,253
1572840412500,small_vehicle,9,135
1579842999685,large_vehicle,0,350
1581904095368,large_vehicle,4,226
1571182521385,small_vehicle,0,245
1574305871564,large_vehicle,5,191
1585640417247,small_vehicle,6,4
1576569666777,large_vehicle,5,339
1575963392493,large_vehicle,0,67
1572428439401,small_vehicle,0,339
1582913603225,small_vehicle,6,207
1565411120469,small_vehicle,9,304
1573149279415,large_vehicle,10,105
1577364093401,small_vehicle,10,231
1577814452605,large_vehicle,9,262
1577797953378,large_vehicle,9,181
1579368001763,small_vehicle,7,352
1574381803129,small_vehicle,3,150
1580025914120,small_vehicle,7,27
1572839763607,small_vehicle,5,257
1566882794485,small_vehicle,1,229
1564949165160,small_vehicle,9,306
1581728937199,large_vehicle,2,77
1586462169248,small_vehicle,0,201
1576653641581,small_vehicle,2,240
1577608881607,large_vehicle,8,181
1578079739954,small_vehicle,7,309
1582331573572,small_vehicle,8,252
1577628860025,large_vehicle,2,120
1574840502615,large_vehicle,2,193
1574236629108,large_vehicle,5,355
1576633675074,small_vehicle,10,276
1576202585927,large_vehicle,5,312
1573402486623,large_vehicle,6,90
1584259093082,small_vehicle,6,311
1581927701162,small_vehicle,6,16
1582438233039,large_vehicle,8,313
1577897105062,large_vehicle,9,343
1584409487089,small_vehicle,5,360
1573765257067,large_vehicle,1,307
1586231417885,small_vehicle,2,122
1570977160814,large_vehicle,1,325
1586460882734,large_vehicle,5,109
1580800017554,large_vehicle,8,178
1575562923851,small_vehicle,10,131
1566649886361,large_vehicle,6,41
1568968569973,large_vehicle,0,220
1582066854389,large_vehicle,5,148
1570286815156,large_vehicle,3,180
1570993303427,large_vehicle,1,314
1582994891690,large_vehicle,6,17
1574618141288,large_vehicle,7,25
1569626743986,large_vehicle,7,122
1572314725153,large_vehicle,1,163
1578462869023,small_vehicle,8,345
1576334740142,small_vehicle,10,144
1586026336403,small_vehicle,1,224
1579716127660,large_vehicle,10,318
1586197273225,small_vehicle,3,80
1578426361260,small_vehicle,10,348
1566302310543,small_vehicle,3,8
1570287518430,small_vehicle,4,73
1580799429957,large_vehicle,5,160
1572131397959,small_vehicle,7,93
1568291039328,large_vehicle,4,115
1564821388191,large_vehicle,9,316
1571812645273,large_vehicle,8,47
1577831718541,large_vehicle,9,70
1584109349284,small_vehicle,9,292
1582822146330,large_vehicle,4,295
1584505816136,small_vehicle,2,107
1584311761040,small_vehicle,8,81
1574422410547,large_vehicle,9,346
1574025999457,small_vehicle,10,1
1567502012381,small_vehicle,10,291
1581131364597,large_vehicle,8,85
1570578419274,small_vehicle,1,360
1576387108006,large_vehicle,7,63
1571139282912,large_vehicle,0,276
1583670110781,small_vehicle,3,347
1580931947378,large_vehicle,5,57
1566730885933,large_vehicle,5,227
1578451164117,small_vehicle,3,1
1566617043101,large_vehicle,1,84
1586722137494,small_vehicle,7,13
1585868867803,large_vehicle,0,264
1586023943942,small_vehicle,7,319
1572187696315,small_vehicle,6,168
1570151063373,small_vehicle,2,128
1564683983148,large_vehicle,10,102
1570361059525,small_vehicle,9,158
1573118573423,small_vehicle,2,43
1576118888214,small_vehicle,5,351
1584709667775,small_vehicle,8,313
1578282215140,large_vehicle,4,102
1574417319398,large_vehicle,8,322
1567479465719,small_vehicle,4,204
1576863909996,large_vehicle,2,173
1569489740604,small_vehicle,3,320
1582217327414,large_vehicle,10,302
1581663737654,large_vehicle,9,40
1575985744879,small_vehicle,2,59
1565702064639,small_vehicle,8,266
1571779999331,large_vehicle,6,49
1584144064095,small_vehicle,4,59
1573162424209,large_vehicle,8,55
1568956510889,small_vehicle,10,294
1576693066145,large_vehicle,3,173
1573681302781,small_vehicle,10,305
1585215943456,small_vehicle,0,72
1575507380382,large_vehicle,2,16
1581606676112,small_vehicle,8,300
1583169427571,small_vehicle,7,297
1568254195682,large_vehicle,7,94
1583254113932,small_vehicle,1,23
1565245921455,small_vehicle,10,290
1576597484033,small_vehicle,10,23
1569008711655,small_vehicle,8,312
1579279481839,small_vehicle,10,20
1569674103355,small_vehicle,7,334
1574920964960,large_vehicle,2,160
1581015598845,large_vehicle,3,75
1579851203071,large_vehicle,7,236
1585680627459,large_vehicle,7,151
1578705782314,small_vehicle,2,212
1580234106385,small_vehicle,3,143
1579190506509,small_vehicle,4,307
1583455685703,large_vehicle,1,191
1580144921324,small_vehicle,3,359
1579458764193,small_vehicle,7,204
1585214594166,small_vehicle,2,339
1572586133880,small_vehicle,4,267
1577822179226,large_vehicle,8,81
1570765193938,large_vehicle,10,334
1572949596107,large_vehicle,10,0
1572043843838,large_vehicle,1,61
1569759281427,small_vehicle,5,93
1572485246500,large_vehicle,5,252
1577042383816,large_vehicle,4,69
1584488885031,large_vehicle,2,6
1566282735599,small_vehicle,6,95
1569772092008,large_vehicle,8,203
1575890314533,small_vehicle,7,144
1581950047429,small_vehicle,7,42
1572260025363,large_vehicle,8,276
1581440933508,large_vehicle,2,63
1578288722571,small_vehicle,6,311
1573656412185,large_vehicle,4,5
1565440467885,small_vehicle,0,208
1581002443726,small_vehicle,6,306
1573420660186,large_vehicle,6,72
1565193409045,small_vehicle,4,213
1582845179796,small_vehicle,2,335
1565350678246,small_vehicle,9,38
1582735069885,large_vehicle,8,211
1582832976560,small_vehicle,1,103
1582966739175,small_vehicle,2,135
1572009684733,large_vehicle,6,342
1583897777389,small_vehicle,0,189
1568126707384,small_vehicle,10,138
1579334963989,small_vehicle,9,32
1585235365951,small_vehicle,7,248
1580705335374,small_vehicle,7,238
1567996626822,small_vehicle,8,156
1578943036992,small_vehicle,8,259
1577532148314,large_vehicle,2,235
1583273127056,large_vehicle,9,44
1582562373526,small_vehicle,6,119
1579439932560,large_vehicle,1,185
1582428890668,small_vehicle,6,296
1572705840620,small_vehicle,8,207
1572254077821,large_vehicle,10,266
1573161986127,large_vehicle,9,159
1577659144679,large_vehicle,2,75
1576400582688,large_vehicle,3,190
1580006527690,large_vehicle,10,286
1582310258662,large_vehicle,8,250
1574573666717,large_vehicle,0,94
1575832221620,large_vehicle,2,145
1578458424936,large_vehicle,7,343
1572090790190,large_vehicle,7,163
1578958813150,large_vehicle,6,75
1567387815839,small_vehicle,8,194
1568692139954,small_vehicle,7,179
1571396371043,large_vehicle,1,164
1579649398963,small_vehicle,6,268
1566612551296,small_vehicle,3,165
1584190454042,large_vehicle,2,224
1586190743621,large_vehicle,5,102
1571535598561,small_vehicle,0,153
1580092366382,small_vehicle,2,106
1570328754216,small_vehicle,1,167
1571537448614,large_vehicle,0,292
1576467863215,large_vehicle,8,236
1585939030984,large_vehicle,4,337
1568708399333,large_vehicle,0,4
1576097651793,large_vehicle,2,294
1577886131835,small_vehicle,0,272
1567750921300,small_vehicle,2,290
1582654108329,small_vehicle,5,282
1585129373678,small_vehicle,10,90
1564743603716,large_vehicle,2,6
1573151569935,large_vehicle,3,77
1583909326515,small_vehicle,4,60
1584571970757,large_vehicle,3,173
1575515558169,large_vehicle,0,11
1575079175314,small_vehicle,9,49
1577722683759,small_vehicle,4,179
1572280785353,small_vehicle,0,100
1586468405378,large_vehicle,9,36
1577148042104,large_vehicle,4,114
1586140157855,small_vehicle,1,90
1569534823574,small_vehicle,5,240
1584109088928,small_vehicle,7,314
1571542686551,small_vehicle,4,208
1582619263946,small_vehicle,4,292
1573917317027,large_vehicle,9,131
1575776728014,large_vehicle,7,125
1568575893364,small_vehicle,2,262
1581550858427,large_vehicle,2,125
1582515747210,small_vehicle,4,35
1577313183524,large_vehicle,2,121
1572591749709,large_vehicle,2,48
1584445606769,small_vehicle,0,220
1584155111303,small_vehicle,3,195
1583452356237,small_vehicle,10,11
1583382211885,large_vehicle,4,192
1585271428802,small_vehicle,10,119
1581497115762,large_vehicle,8,269
1580949349460,large_vehicle,3,142
1581806398911,large_vehicle,3,213
1565615917662,small_vehicle,8,207
1577382297849,small_vehicle,2,127
1570757089490,large_vehicle,6,211
1585953079148,small_vehicle,2,172
1572755356172,large_vehicle,9,270
1572195876637,small_vehicle,3,233
1577893694542,small_vehicle,6,40
1585248068580,large_vehicle,6,359
1578061121245,small_vehicle,9,105
1570127805151,large_vehicle,3,326
1578162845485,large_vehicle,0,227
1566208848405,small_vehicle,5,195
1569431889347,large_vehicle,5,303
1586119063449,large_vehicle,7,96
1568788567200,large_vehicle,5,117
1565394486404,large_vehicle,6,296
1577783555468,small_vehicle,9,198
1580801139869,large_vehicle,4,340
1572653928812,large_vehicle,9,112
1582968000456,small_vehicle,4,224
1584791790179,large_vehicle,4,183
1571667108811,small_vehicle,7,226
1573794520456,small_vehicle,9,177
1574867398286,large_vehicle,8,312
1569537418716,small_vehicle,0,160
1578370342150,small_vehicle,2,56
1576682872899,large_vehicle,7,326
1576439709038,large_vehicle,7,256
1572059663211,large_vehicle,5,304
1565737652023,small_vehicle,3,112
1567197396826,small_vehicle,1,33
1568401738374,large_vehicle,6,10
1579264708816,large_vehicle,4,110
1578998629797,small_vehicle,5,207
1583389699325,small_vehicle,4,187
1582603207715,large_vehicle,2,93
1569118029568,large_vehicle,10,338
1585887373046,small_vehicle,10,30
1579132393463,large_vehicle,2,26
1584439484116,small_vehicle,7,121
1568804226662,small_vehicle,1,239
1581005381757,small_vehicle,6,157
1579564411624,small_vehicle,2,192
1583699746206,large_vehicle,8,347
1568911189608,small_vehicle,0,348
1573589293941,small_vehicle,2,245
1585328832729,large_vehicle,1,202
1586200396674,small_vehicle,9,59
1586184141424,small_vehicle,8,241
1586614926230,large_vehicle,4,95
