1572159278057,large_vehicle,1,186
1580469772058,small_vehicle,7,284
1572111818253,small_vehicle,4,172
1574887455282,large_vehicle,6,29
1571704050747,small_vehicle,0,348
1580370760591,large_vehicle,9,106
1577770695085,large_vehicle,6,94
1582845318752,small_vehicle,0,224
1575908282335,large_vehicle,8,100
1568552790646,small_vehicle,10,102
1573389450702,large_vehicle,4,276
1577287214398,large_vehicle,1,36
1585807271645,small_vehicle,4,185
1582022663508,large_vehicle,10,196
1570093863043,small_vehicle,3,67
1575117942011,small_vehicle,0,255
1574930683420,large_vehicle,9,339
1577276092879,small_vehicle,7,49
1585663268129,small_vehicle,1,264
1572232278090,large_vehicle,3,119
1568803127007,small_vehicle,0,179
1578918873921,large_vehicle,1,310
1578639539665,small_vehicle,3,181
1572471648535,small_vehicle,7,161
1575392166673,large_vehicle,1,31
1580161007129,large_vehicle,2,157
1584215206919,large_vehicle,1,348
1581677469778,large_vehicle,8,67
1581850954029,small_vehicle,3,243
1580085056294,large_vehicle,7,231
1582282439866,small_vehicle,7,34
1585219812344,small_vehicle,0,207
1586602356924,small_vehicle,1,124
1568775726442,small_vehicle,10,360
1574973667851,large_vehicle,1,6
1575001653730,small_vehicle,7,277
1574871327198,small_vehicle,6,45
1578914974623,small_vehicle,3,34
1582937893732,small_vehicle,10,249
1579856405217,large_vehicle,8,94
1584478473503,small_vehicle,2,52
1581182814633,small_vehicle,7,320
1582179629206,small_vehicle,10,293
1576979332392,large_vehicle,9,40
1583607292393,large_vehicle,3,297
1578089005139,large_vehicle,6,291
1570872962475,small_vehicle,2,122
1567660615981,small_vehicle,6,38
1570184850745,large_vehicle,2,195
1576365939614,small_vehicle,4,81
1575643953789,small_vehicle,1,139
1572507819379,small_vehicle,4,34
1580600952936,large_vehicle,10,88
1572286400423,small_vehicle,0,100
1583699656989,large_vehicle,10,318
1583543838631,large_vehicle,3,127
1575230703430,large_vehicle,4,156
1572190855420,large_vehicle,5,234
1571688361760,small_vehicle,7,66
1582281049717,small_vehicle,1,248
1585343834976,small_vehicle,10,154
1571726429222,small_vehicle,8,32
1584963866708,small_vehicle,0,282
1565913327399,large_vehicle,1,333
1583034780373,large_vehicle,2,68
1574172768089,small_vehicle,10,86
1567661788366,small_vehicle,8,113
1571218462146,large_vehicle,5,51
1566709147302,large_vehicle,10,280
1581062948423,large_vehicle,5,181
1583019377227,large_vehicle,4,201
1582807501772,small_vehicle,9,202
1578484713183,small_vehicle,10,228
1576003074637,small_vehicle,9,134
1582977901819,small_vehicle,10,276
1580837110930,large_vehicle,10,319
1574063645374,large_vehicle,2,340
1570464338824,large_vehicle,10,358
1569885406346,large_vehicle,4,77
1572803240462,small_vehicle,8,39
1578254950128,large_vehicle,3,205
1570387569757,small_vehicle,8,306
1568375249004,small_vehicle,5,258
1571168198398,large_vehicle,2,275
1576365225164,large_vehicle,7,350
1577184534163,large_vehicle,4,169
1574890609695,large_vehicle,4,303
1567824936647,large_vehicle,5,44
1566747475362,small_vehicle,4,181
1585979212834,large_vehicle,4,56
1571646674125,small_vehicle,9,337
1577187455743,small_vehicle,8,107
1564758570159,small_vehicle,5,84
1574097041090,large_vehicle,2,244
1569606337877,large_vehicle,9,175
1565412173757,large_vehicle,4,16
1583460401929,large_vehicle,0,26
1573895765885,small_vehicle,8,154
1564813328015,small_vehicle,8,235
1580916469393,large_vehicle,1,258
1568311752123,large_vehicle,0,67
1572160661571,large_vehicle,3,332
1565726485718,small_vehicle,5,257
1586568422456,large_vehicle,1,183
1573765354600,small_vehicle,10,334
1573735665183,small_vehicle,7,111
1585637102239,large_vehicle,9,1
1569861630836,large_vehicle,6,201
1577132718821,large_vehicle,2,15
1573017468853,large_vehicle,6,160
1586179953951,small_vehicle,1,210
1574922395902,large_vehicle,5,326
1567635634050,large_vehicle,9,248
1585517677794,large_vehicle,2,25
1583969141432,small_vehicle,4,278
1580270053892,small_vehicle,3,100
1575567715276,large_vehicle,10,334
1574151066852,large_vehicle,10,4
1573287456775,large_vehicle,0,323
1568537574295,large_vehicle,8,0
1586650176645,large_vehicle,4,115
1572202807465,large_vehicle,7,329
1577536938488,small_vehicle,7,262
1582049869982,small_vehicle,8,128
1566871123490,large_vehicle,0,55
1566072301722,small_vehicle,9,358
1566654257435,large_vehicle,7,196
1567808768916,small_vehicle,8,171
1568636378974,large_vehicle,4,137
1574512881570,small_vehicle,2,332
1569943422795,small_vehicle,0,200
1576394417904,small_vehicle,1,255
1565320627180,large_vehicle,6,214
1566254981031,large_vehicle,3,141
1564646126181,small_vehicle,1,10
1574977068822,small_vehicle,8,332
1566185497393,small_vehicle,10,57
1575978376950,small_vehicle,5,130
1567834463655,large_vehicle,8,291
1582848892634,small_vehicle,6,213
1582306371271,small_vehicle,3,40
1570311534856,large_vehicle,1,338
1583723332115,small_vehicle,1,168
1581236920849,large_vehicle,5,161
1569899507989,large_vehicle,0,54
1578691238786,large_vehicle,1,147
1576457241042,small_vehicle,2,202
1573122845070,large_vehicle,8,309
1567827520125,large_vehicle,6,74
1578348335222,large_vehicle,9,76
1583765778574,small_vehicle,0,17
1579662320456,large_vehicle,10,353
1567601588625,small_vehicle,0,52
1583936300552,large_vehicle,3,151
1584803175640,small_vehicle,0,77
1582048397141,small_vehicle,3,106
1567464356154,large_vehicle,0,70
1566823348743,large_vehicle,9,2
1569111744108,small_vehicle,10,72
1564963513804,small_vehicle,5,11
1581808582884,large_vehicle,10,36
1586662863716,small_vehicle,3,107
1581397259999,small_vehicle,10,269
1582387670920,large_vehicle,0,178
1577401068008,small_vehicle,0,128
1570553345157,large_vehicle,5,84
1581534778074,small_vehicle,5,66
1571087771743,large_vehicle,6,53
1585179007521,small_vehicle,6,22
1568437612959,small_vehicle,8,348
1583957213751,small_vehicle,9,68
1572044219083,small_vehicle,8,120
1571451439873,small_vehicle,4,115
1572686004491,small_vehicle,10,40
1571525739177,small_vehicle,2,161
1585164144787,small_vehicle,5,214
1576443521981,large_vehicle,10,279
1586103368559,large_vehicle,6,81
1578342308661,large_vehicle,0,298
1584788449571,small_vehicle,5,360
1578539916722,small_vehicle,6,243
1570741882359,large_vehicle,2,82
1578295816269,small_vehicle,1,2
1586349181973,large_vehicle,5,266
1584396950748,small_vehicle,1,118
1586478398117,large_vehicle,2,220
1578225224238,large_vehicle,8,1
1568683249967,small_vehicle,4,17
1566446524292,small_vehicle,3,61
1578525909229,small_vehicle,8,331
1579449961325,large_vehicle,6,0
1581521107569,small_vehicle,0,140
1574928748154,large_vehicle,6,31
1573603071366,large_vehicle,10,172
1579247956221,large_vehicle,5,156
1570911022431,small_vehicle,5,220
1578872949877,small_vehicle,0,199
1579694667071,small_vehicle,10,272
1577078153867,small_vehicle,5,271
1579237162513,small_vehicle,10,360
1581593772030,small_vehicle,4,186
1585754405530,large_vehicle,2,334
1584874052786,small_vehicle,1,146
1578833370140,small_vehicle,3,221
1584161398868,large_vehicle,4,183
1577641689065,small_vehicle,2,232
1574996512018,small_vehicle,2,326
1564947051252,large_vehicle,1,47
1578456922453,large_vehicle,10,91
1566450295488,small_vehicle,2,24
1576848215956,large_vehicle,1,139
1571082213248,large_vehicle,7,188
1566099586372,small_vehicle,10,273
1576673986255,small_vehicle,5,183
1583424423471,large_vehicle,5,47
1577591610930,small_vehicle,9,13
1568261211751,large_vehicle,7,240
1567317024279,large_vehicle,7,72
1584878720625,large_vehicle,0,208
1581087846420,small_vehicle,10,174
1578728622503,small_vehicle,10,170
1569991962042,large_vehicle,5,319
1586425445022,small_vehicle,10,67
1568876426413,large_vehicle,8,227
1577919548102,small_vehicle,3,101
1572545827922,small_vehicle,3,226
1571869904183,small_vehicle,8,134
1578201722839,large_vehicle,10,133
1566867603868,large_vehicle,1,267
1585788860525,large_vehicle,4,1
1564877984192,small_vehicle,2,259
1582185218400,small_vehicle,3,245
1578951294972,large_vehicle,3,292
1577187600749,small_vehicle,4,242
1572305918060,large_vehicle,8,156
1568905538544,small_vehicle,0,305
1582438602945,small_vehicle,8,329
1565454176014,large_vehicle,6,49
1579213367470,large_vehicle,6,4
1575309398070,small_vehicle,0,40
1581883144381,small_vehicle,10,353
1572791026296,large_vehicle,6,101
1569082241856,small_vehicle,1,325
1579330447414,large_vehicle,5,295
1585500943070,small_vehicle,3,14
1575945356251,large_vehicle,8,189
1586209837452,large_vehicle,10,117
1567223077037,small_vehicle,2,133
1570784453539,small_vehicle,7,118
1578110146083,large_vehicle,5,87
1579806942172,small_vehicle,7,276
1565611585201,small_vehicle,0,1
1569981031800,large_vehicle,7,92
1580570492326,large_vehicle,10,266
1580578929031,small_vehicle,7,127
1569100074784,small_vehicle,0,16
1573426861029,small_vehicle,9,80
1573822775709,large_vehicle,4,273
1581782967169,small_vehicle,8,30
1574671278296,small_vehicle,5,195
1565639334855,small_vehicle,9,230
1574109603228,large_vehicle,0,191
1567725100626,small_vehicle,9,253
1578490699064,large_vehicle,8,123
1576926002024,small_vehicle,10,113
1567152068886,small_vehicle,3,20
1570335044761,small_vehicle,7,249
1579114867248,small_vehicle,10,233
1575098146711,large_vehicle,7,6
1583345182106,large_vehicle,4,120
1566069076857,small_vehicle,5,339
1579122357253,large_vehicle,8,333
1584104279709,small_vehicle,8,137
1570347074214,small_vehicle,5,224
1584830187256,large_vehicle,2,54
1567048735019,small_vehicle,9,51
1566404002218,small_vehicle,2,161
1565357316525,large_vehicle,9,130
1579194197801,large_vehicle,0,78
1583308856008,large_vehicle,1,21
1577770607897,small_vehicle,9,45
1564810130932,small_vehicle,9,165
1566312182049,large_vehicle,1,240
1586375951059,large_vehicle,7,214
1566402260270,large_vehicle,7,318
1586584932551,small_vehicle,6,234
1585564288749,large_vehicle,6,217
1567754863300,small_vehicle,6,26
1581289120691,large_vehicle,6,230
1582686942285,large_vehicle,6,69
1569636019176,small_vehicle,9,306
1565111536212,large_vehicle,2,288
1571729028690,large_vehicle,9,81
1567005139254,small_vehicle,6,254
1564654900130,small_vehicle,2,117
1570469121691,small_vehicle,1,3
1576598951920,large_vehicle,4,41
1569124823769,large_vehicle,6,47
1583335549627,small_vehicle,8,112
1572891240633,small_vehicle,9,84
1585866830807,small_vehicle,4,76
1575008323676,large_vehicle,4,276
1584454521647,small_vehicle,1,171
1568050023138,small_vehicle,0,91
1574723927374,large_vehicle,9,295
1571874704121,small_vehicle,8,122
1576071604498,small_vehicle,7,222
1581816475546,small_vehicle,1,16
1585207513404,small_vehicle,8,50
1578960529536,large_vehicle,4,287
1565834058783,large_vehicle,3,159
1571907684028,small_vehicle,6,243
1585427128648,small_vehicle,5,147
1566565440598,large_vehicle,3,90
1576459820573,small_vehicle,5,290
1586268188101,large_vehicle,2,313
1574689361959,large_vehicle,1,234
1583623984874,large_vehicle,2,115
1582241575541,small_vehicle,3,93
1572899187827,small_vehicle,0,228
1582078653355,small_vehicle,10,87
1571840204809,large_vehicle,3,152
1576095136034,large_vehicle,5,100
1578897782484,large_vehicle,9,177
1568090089207,large_vehicle,10,335
1584722834127,small_vehicle,9,136
1572906536135,small_vehicle,7,323
1570503765081,small_vehicle,1,163
1567175376617,small_vehicle,1,40
1576035224347,small_vehicle,4,205
1576083336748,small_vehicle,9,299
1570098572562,small_vehicle,5,338
1575970766227,small_vehicle,4,272
1578080777973,small_vehicle,2,166
1577775309610,small_vehicle,2,145
1568345094000,large_vehicle,7,240
1566275841742,large_vehicle,10,302
1579204999443,small_vehicle,6,218
1584758731321,small_vehicle,9,89
1572204076335,large_vehicle,3,146
1581861576348,large_vehicle,6,272
1581451047411,small_vehicle,1,289
1584219716549,small_vehicle,3,107
1581598116320,small_vehicle,2,75
1566888764770,large_vehicle,4,273
1578323429581,small_vehicle,4,116
1579365672813,large_vehicle,6,52
1571584706789,small_vehicle,5,122
1579975927900,small_vehicle,2,178
1582570852177,small_vehicle,8,114
1578220467921,small_vehicle,6,122
1581257137026,small_vehicle,7,307
1577631540316,small_vehicle,5,330
1570433158253,large_vehicle,6,288
1582229540417,large_vehicle,4,316
1565754367051,small_vehicle,0,94
1578460083688,small_vehicle,5,251
1577276622720,small_vehicle,5,125
1569864344659,small_vehicle,2,134
1576466274409,large_vehicle,7,318
1567628838642,large_vehicle,9,153
1570678339136,large_vehicle,10,316
1574099641267,large_vehicle,5,352
1568871416757,large_vehicle,2,170
1568165388137,large_vehicle,5,26
1581961399848,small_vehicle,0,89
1582714085425,large_vehicle,9,180
1578793228540,small_vehicle,2,163
1572415146612,small_vehicle,5,125
1581467134753,large_vehicle,2,145
1579731923402,small_vehicle,1,322
1564846632093,large_vehicle,9,269
1569771705051,small_vehicle,1,331
1583269635335,large_vehicle,7,81
1582044353544,large_vehicle,6,255
1579984952058,large_vehicle,1,55
1582777275852,large_vehicle,7,145
1582374052910,small_vehicle,0,207
1569580511500,large_vehicle,10,325
1578955117980,small_vehicle,3,332
1570139878494,small_vehicle,9,151
1573440462047,small_vehicle,4,282
1583769944393,small_vehicle,8,162
1581787029906,large_vehicle,3,8
1583380465744,small_vehicle,5,299
1586276795676,large_vehicle,3,118
1568882222475,small_vehicle,6,349
1570753670528,small_vehicle,4,331
1584328473709,small_vehicle,0,234
1582524723201,small_vehicle,1,164
1574571650774,small_vehicle,5,149
1565823146756,large_vehicle,1,24
1565412178988,small_vehicle,4,312
1583154761369,large_vehicle,4,359
1583462476296,small_vehicle,10,73
1565965668920,large_vehicle,3,17
1583008665291,large_vehicle,7,326
1582751883084,large_vehicle,6,0
1582264480851,large_vehicle,8,9
1575288720952,small_vehicle,5,331
1566011520103,large_vehicle,5,155
1586434356042,large_vehicle,9,194
1567635572542,large_vehicle,7,73
1575591181980,large_vehicle,4,80
1581683497454,large_vehicle,1,7
1581805216501,large_vehicle,1,250
1585557232557,small_vehicle,2,72
1573853125133,large_vehicle,5,241
1570624129954,large_vehicle,5,0
1584221529963,large_vehicle,9,279
1573534548814,small_vehicle,5,87
1570210910566,small_vehicle,5,306
1572899678166,small_vehicle,7,333
1574620707253,small_vehicle,5,4
1582166169672,small_vehicle,9,104
1581727689222,large_vehicle,7,121
1583817093002,large_vehicle,7,10
1580304487124,small_vehicle,9,161
1568590861292,large_vehicle,3,291
1577749136800,large_vehicle,4,94
1566082532314,small_vehicle,2,360
1585521239074,small_vehicle,0,30
1585020886658,large_vehicle,8,77
1571749996358,large_vehicle,2,226
1575466700157,small_vehicle,9,59
1583654804061,large_vehicle,8,13
1570728768454,large_vehicle,0,27
1575880240447,large_vehicle,6,299
1566160166228,large_vehicle,5,3
1586501095777,small_vehicle,10,248
1572487992717,large_vehicle,6,349
1568266103309,small_vehicle,4,173
1581609742273,small_vehicle,6,32
1583499903343,small_vehicle,9,62
1584536833169,small_vehicle,6,220
1586646139326,small_vehicle,6,189
1581439636863,small_vehicle,2,246
1573673304727,large_vehicle,4,38
1569022950304,large_vehicle,5,8
1575882363258,small_vehicle,3,135
1580334943725,small_vehicle,3,193
1582783865484,large_vehicle,0,228
1571698194473,large_vehicle,1,2
1570475330601,small_vehicle,10,260
1581589139371,small_vehicle,5,302
1573809260240,small_vehicle,1,238
1566060681809,small_vehicle,9,46
1565940150480,small_vehicle,7,136
1575449283481,small_vehicle,9,218
1575669573209,large_vehicle,2,2
1585395941306,large_vehicle,4,208
1584010261063,small_vehicle,2,342
1586317275083,large_vehicle,3,8
1570302314600,large_vehicle,10,337
1568803811549,small_vehicle,2,19
1583723488156,large_vehicle,0,102
1575590804378,small_vehicle,0,193
1566539035872,large_vehicle,7,246
1580150887880,large_vehicle,0,293
1576830468154,large_vehicle,6,237
1572329464817,small_vehicle,9,95
1581527586732,small_vehicle,4,61
1586467820336,large_vehicle,1,255
1566108144008,large_vehicle,5,333
1571634976045,large_vehicle,6,78
1568081200095,large_vehicle,0,290
1572355612034,large_vehicle,9,157
1584284017782,large_vehicle,7,130
1580194481663,small_vehicle,6,333
1577592677636,small_vehicle,7,49
1570631442666,large_vehicle,3,144
1565704849677,small_vehicle,2,273
1570937998778,large_vehicle,6,243
1568666778193,large_vehicle,10,134
1585492418734,small_vehicle,2,286
1567749950504,small_vehicle,2,201
1585273315930,small_vehicle,6,323
1576228579674,small_vehicle,0,358
1575275307321,large_vehicle,7,72
1570961418897,small_vehicle,3,353
1568960306383,small_vehicle,10,52
1576667701793,large_vehicle,2,34
1567499919388,small_vehicle,3,339
1568798716555,large_vehicle,2,84
1568529339979,small_vehicle,5,126
1571137851859,large_vehicle,8,59
1571069453538,small_vehicle,8,217
1575367071455,small_vehicle,5,353
1574583546395,large_vehicle,10,214
1564846728036,small_vehicle,10,47
1567911918322,small_vehicle,5,64
1568552294976,large_vehicle,5,177
1578008977126,large_vehicle,10,248
1576018189052,small_vehicle,5,112
1576954497551,large_vehicle,3,317
1581761590133,small_vehicle,1,172
1565858908588,large_vehicle,7,220
1565258257641,large_vehicle,10,261
1570590800801,large_vehicle,2,328
1585112383694,small_vehicle,9,192
1572919280290,small_vehicle,6,213
1575663740356,small_vehicle,5,296
1584775710924,large_vehicle,8,216
1565050871846,small_vehicle,0,271
1574509855362,large_vehicle,5,15
1570986634479,large_vehicle,1,326
1578094208962,large_vehicle,2,121
1568783145798,large_vehicle,10,14
1567642900879,large_vehicle,6,145
1585291961599,large_vehicle,7,328
1585410067915,large_vehicle,0,305
1569339938491,small_vehicle,0,287
1567020253254,large_vehicle,5,352
1581317367919,large_vehicle,1,243
1579086482228,large_vehicle,1,89
1585390385121,small_vehicle,1,186
1578575249979,small_vehicle,0,182
1572049078649,small_vehicle,0,13
1581319917983,small_vehicle,0,2
1581073766136,large_vehicle,3,309
1568055363837,large_vehicle,6,8
1569702681372,large_vehicle,0,23
1579099253757,large_vehicle,2,172
1569926138797,small_vehicle,3,102
1571567721694,small_vehicle,10,27
1582902163495,small_vehicle,7,103
1584393612626,small_vehicle,5,129
1566266592940,small_vehicle,7,146
1572990064224,large_vehicle,4,3
1566186418385,small_vehicle,5,355
1576074300965,small_vehicle,10,185
1567853977079,small_vehicle,5,120
1575469840381,small_vehicle,6,191
1575242507257,large_vehicle,8,262
1586127658072,large_vehicle,4,343
1571531768995,small_vehicle,10,74
1565703756147,small_vehicle,0,322
1586263617976,large_vehicle,4,72
1568720365851,small_vehicle,10,27
1585752786669,small_vehicle,4,50
1577209179822,large_vehicle,4,77
1578028436412,large_vehicle,7,88
1569600372720,small_vehicle,4,344
1579238547656,large_vehicle,9,14
1573703540796,small_vehicle,10,235
1573543356906,small_vehicle,3,70
1568702989812,large_vehicle,7,90
1577688939824,small_vehicle,10,217
1570621380394,small_vehicle,8,155
1566103795937,large_vehicle,0,48
1569498205336,large_vehicle,0,295
1577510144714,large_vehicle,2,55
1585429150402,large_vehicle,3,85
1586292851286,small_vehicle,1,106
1576851215061,large_vehicle,5,191
1566441028913,large_vehicle,1,57
1582213757529,small_vehicle,8,103
1578108626471,small_vehicle,5,230
1577466336257,small_vehicle,4,199
1582345264060,small_vehicle,5,166
1580433323715,large_vehicle,4,199
1577855209437,small_vehicle,9,109
1572522507642,large_vehicle,3,119
1577496832978,large_vehicle,3,151
1566383198490,large_vehicle,0,225
1580008202956,small_vehicle,6,171
1580546711740,large_vehicle,4,97
1577981823496,large_vehicle,1,69
1573485182080,large_vehicle,7,338
1571329251221,small_vehicle,5,360
1574614474898,small_vehicle,3,171
1575689849493,small_vehicle,8,74
1568975603683,large_vehicle,2,175
1569925784030,small_vehicle,6,190
1572217232435,small_vehicle,9,156
1566595772663,large_vehicle,10,142
1570399525941,small_vehicle,6,164
1566483572679,large_vehicle,5,270
1572856981201,small_vehicle,4,203
1565915752328,large_vehicle,3,54
1578853451942,small_vehicle,2,253
1567352509988,small_vehicle,7,88
1583495940311,small_vehicle,2,329
1576905174014,large_vehicle,1,105
1583784146454,large_vehicle,6,98
1586366328779,small_vehicle,4,158
1565553335576,large_vehicle,7,131
1584122860143,small_vehicle,6,270
1569338653429,large_vehicle,1,330
1575579826511,small_vehicle,1,341
1569208437835,small_vehicle,8,49
1578494848728,small_vehicle,7,277
1574021954012,large_vehicle,1,305
1570279246525,small_vehicle,0,214
1573450882482,small_vehicle,8,77
1575788266604,large_vehicle,3,232
1575654352734,large_vehicle,6,199
1584019206321,small_vehicle,8,347
1582120748674,large_vehicle,7,339
1576127055553,large_vehicle,5,156
1578205729994,small_vehicle,7,265
1584360526823,large_vehicle,0,60
1583370142596,small_vehicle,4,280
1583483836943,large_vehicle,8,34
1572526896246,large_vehicle,3,71
1580892923023,small_vehicle,0,140
1585751423951,large_vehicle,7,51
1586669010829,large_vehicle,5,205
1584299546848,small_vehicle,2,78
1573963913138,large_vehicle,1,56
1567661038304,small_vehicle,0,353
1567807098814,small_vehicle,10,324
1580373199913,large_vehicle,7,44
1584528205842,small_vehicle,3,312
1584755441751,small_vehicle,10,269
1572583478493,large_vehicle,8,186
1575039810121,small_vehicle,10,332
1577057169443,large_vehicle,1,238
1584281435283,large_vehicle,3,329
1584279591153,small_vehicle,8,282
1582713184286,small_vehicle,8,73
1570122657543,large_vehicle,1,325
1569461693929,large_vehicle,0,55
1567876678314,large_vehicle,5,279
1574588133530,large_vehicle,0,279
1576186950624,large_vehicle,7,317
1573237147107,large_vehicle,0,229
1568069788017,small_vehicle,5,218
1577688608114,small_vehicle,4,179
1584554458541,large_vehicle,2,208
1582108880956,large_vehicle,8,105
1577867428836,large_vehicle,3,110
1567098703038,small_vehicle,7,193
1577871970131,small_vehicle,6,19
1577497467519,large_vehicle,9,293
1565551946799,large_vehicle,9,86
1582073719123,small_vehicle,8,242
1581696251998,large_vehicle,1,269
1569175236007,small_vehicle,2,9
1570716904638,small_vehicle,6,109
1570365165169,large_vehicle,4,264
1570907523125,small_vehicle,4,355
1568153604686,small_vehicle,5,84
1584600887404,small_vehicle,7,253
1573427741138,large_vehicle,1,29
1572173948034,small_vehicle,2,88
1584109183691,large_vehicle,5,320
1570673159781,small_vehicle,10,0
1575338422292,small_vehicle,10,56
1573385184261,small_vehicle,5,188
1585408141000,small_vehicle,6,141
1572558787838,small_vehicle,1,169
1567133275106,large_vehicle,1,340
1572838018534,small_vehicle,2,68
1576159351055,small_vehicle,8,31
1583504660215,large_vehicle,6,210
1583472548465,large_vehicle,0,281
1568939990976,small_vehicle,4,272
1575774579746,small_vehicle,10,52
1574201273485,small_vehicle,4,286
1568750850550,small_vehicle,5,335
1584576044892,small_vehicle,3,238
1573287747664,small_vehicle,9,208
1569920264851,large_vehicle,9,302
1565396346991,small_vehicle,5,0
1578361562458,small_vehicle,1,65
1569426071367,large_vehicle,3,123
1575163765803,large_vehicle,8,263
1579832135309,small_vehicle,0,176
1581719494093,small_vehicle,7,283
1575999259081,large_vehicle,3,136
1570732224186,small_vehicle,4,10
1569423620097,small_vehicle,6,203
1581635869298,small_vehicle,0,313
1585776612268,large_vehicle,6,174
1568349956133,large_vehicle,7,122
1570380752381,small_vehicle,3,356
1576202174279,large_vehicle,5,359
1574518709045,large_vehicle,0,53
1567164523131,large_vehicle,4,243
1582174861697,small_vehicle,6,143
1580578189885,small_vehicle,2,95
1586464242617,large_vehicle,7,168
1574642579952,small_vehicle,4,54
1584589075555,large_vehicle,7,283
1585596976938,small_vehicle,3,358
1581173477710,large_vehicle,1,24
1565895907726,small_vehicle,5,163
1585005839432,large_vehicle,4,141
1564659421147,small_vehicle,3,261
1571206704360,small_vehicle,7,319
1571054493667,small_vehicle,3,5
1584405965685,large_vehicle,5,326
1577856169936,small_vehicle,10,286
1584909940003,small_vehicle,2,229
1566434274964,large_vehicle,10,80
1568730454389,large_vehicle,0,359
1566616328797,large_vehicle,5,70
1565504285571,large_vehicle,7,222
1584668339370,large_vehicle,2,50
1584519807433,small_vehicle,6,178
1584125697994,small_vehicle,4,1
1571383498620,small_vehicle,6,291
1569556794808,small_vehicle,1,308
1579860731454,small_vehicle,7,12
1581810229813,small_vehicle,5,235
1585269537485,large_vehicle,8,222
1571463113253,small_vehicle,6,343
1566285402613,small_vehicle,10,188
1576451640486,large_vehicle,2,126
1568351943361,small_vehicle,7,334
1565012948255,small_vehicle,4,18
1579280209731,small_vehicle,10,225
1573075160179,small_vehicle,8,30
1565366426067,small_vehicle,3,59
1573276101599,large_vehicle,5,350
1580392413256,large_vehicle,0,139
1582815828420,large_vehicle,3,10
1582682164303,large_vehicle,8,303
1575608811733,small_vehicle,4,74
1576453085897,large_vehicle,4,301
1578936001341,small_vehicle,2,177
1571745368146,small_vehicle,2,173
1569821287564,small_vehicle,2,268
1575033967852,large_vehicle,1,94
1576906081595,large_vehicle,10,290
1580754359185,large_vehicle,4,132
1574008767505,small_vehicle,1,85
1585458387131,large_vehicle,5,7
1577271495989,large_vehicle,7,229
1576042041772,large_vehicle,8,341
1577416815475,small_vehicle,5,127
1577954200104,large_vehicle,5,195
1584134186211,small_vehicle,3,325
1582109733934,large_vehicle,0,64
1569871226575,large_vehicle,5,41
1565386861373,large_vehicle,1,65
1573786749775,small_vehicle,10,195
1582819990110,large_vehicle,7,221
1579142391878,large_vehicle,4,294
1568785824811,small_vehicle,0,176
1572284727055,large_vehicle,7,292
1571371623244,large_vehicle,5,18
1566939346924,small_vehicle,8,34
1571676332690,large_vehicle,8,333
1572698123918,small_vehicle,7,153
1578278626163,large_vehicle,3,270
1580833765700,small_vehicle,8,295
1578789136316,small_vehicle,10,355
1585150292010,large_vehicle,3,310
1584504570303,large_vehicle,0,144
1586638888643,small_vehicle,3,139
1580026276352,small_vehicle,0,21
1573313187960,small_vehicle,4,217
1568516476408,small_vehicle,5,250
1583161520078,large_vehicle,9,132
1586182621160,large_vehicle,7,137
1582746577777,large_vehicle,3,327
1568229559444,small_vehicle,8,213
1578061538472,small_vehicle,3,292
1576719511210,small_vehicle,8,158
1575229284010,large_vehicle,0,170
1572078909414,small_vehicle,0,297
1578690289147,small_vehicle,2,253
1569548307939,small_vehicle,8,110
1565260578463,small_vehicle,10,63
1565383486326,small_vehicle,5,292
1585894806389,small_vehicle,10,341
1579585519635,small_vehicle,7,214
1579541568112,small_vehicle,10,285
1584015257301,large_vehicle,3,281
1566133586366,large_vehicle,7,161
1581690002901,large_vehicle,2,287
1576896770665,small_vehicle,10,109
1580148166757,large_vehicle,4,239
1571685398415,large_vehicle,0,274
1565698546177,large_vehicle,1,0
1572526626708,large_vehicle,4,282
1581551600281,large_vehicle,6,48
1578793360063,small_vehicle,9,125
1568910629570,small_vehicle,10,92
1573174610586,large_vehicle,5,310
1585354633957,large_vehicle,0,85
1583879907796,small_vehicle,1,75
1566018260631,small_vehicle,1,181
1577638220237,small_vehicle,1,59
1570820098434,large_vehicle,0,270
1582447249666,small_vehicle,8,284
1571242659541,small_vehicle,9,1
1571356782454,small_vehicle,3,179
1581659375785,large_vehicle,10,142
1583641255593,small_vehicle,9,51
1565180317250,large_vehicle,8,247
1572975413917,large_vehicle,2,186
1585772637833,large_vehicle,3,20
1584265154875,small_vehicle,9,6
1579811118924,small_vehicle,9,187
1566418530630,large_vehicle,4,227
1567882646303,small_vehicle,6,120
1570424653496,large_vehicle,10,178
1582729308607,small_vehicle,8,190
1565143011240,large_vehicle,8,173
1584099434788,small_vehicle,6,108
1567925878920,large_vehicle,5,328
1581096103328,small_vehicle,9,88
1568786394028,large_vehicle,8,282
1568369111081,small_vehicle,6,253
1582680746849,large_vehicle,9,212
1582580711932,small_vehicle,7,115
1569366562240,large_vehicle,3,158
1583304680628,small_vehicle,3,158
1576294586861,large_vehicle,7,161
1565300847057,large_vehicle,3,138
1581548354660,small_vehicle,8,298
1573421712435,large_vehicle,0,154
1585621325679,small_vehicle,8,183
1565680944731,large_vehicle,6,122
1580988058016,small_vehicle,9,312
1583615614299,small_vehicle,0,344
1568448639602,small_vehicle,5,121
1579229357665,small_vehicle,2,311
1567735666160,small_vehicle,0,347
1584712550242,large_vehicle,10,147
1575898831430,large_vehicle,3,303
1579551335878,large_vehicle,0,83
1586507408977,small_vehicle,8,323
1573827354616,large_vehicle,2,205
1586042752166,small_vehicle,9,198
1580869755026,small_vehicle,7,302
1573327493312,small_vehicle,7,277
1568558236149,large_vehicle,9,277
1574525344748,large_vehicle,5,343
1571284355038,small_vehicle,0,286
1583176673229,small_vehicle,3,50
1568063430904,large_vehicle,9,261
1579662583458,large_vehicle,2,227
1578718123803,small_vehicle,1,2
1572264321632,large_vehicle,5,341
1572866781223,large_vehicle,0,10
1574107725625,small_vehicle,5,148
1564733279514,small_vehicle,2,77
1581030098151,large_vehicle,0,9
1565630455607,large_vehicle,7,204
1569836212407,small_vehicle,4,70
1584098924619,small_vehicle,5,11
1569692748925,large_vehicle,5,143
1565363507930,large_vehicle,8,29
1583988531610,large_vehicle,9,95
1578196385034,large_vehicle,9,267
1573769881216,large_vehicle,3,147
1578108876293,large_vehicle,0,10
1567115084463,large_vehicle,6,66
1576826084370,large_vehicle,4,253
1579440783021,large_vehicle,6,25
1585549503785,large_vehicle,0,59
1567964577738,small_vehicle,2,157
1582421649348,large_vehicle,5,137
1586190388775,small_vehicle,5,213
1567191472773,large_vehicle,0,170
1577385780677,large_vehicle,5,277
1574681500864,small_vehicle,0,353
1585626648096,large_vehicle,4,61
1586087687536,large_vehicle,9,118
1566332721763,small_vehicle,8,50
1566229729695,large_vehicle,1,334
1579279002999,small_vehicle,0,115
1567250917793,large_vehicle,9,56
1580056240001,small_vehicle,7,258
1578483616065,small_vehicle,3,346
1586391899350,large_vehicle,1,72
1586695414619,large_vehicle,4,19
1565557292460,small_vehicle,9,51
1583502082332,small_vehicle,6,176
1567461888290,small_vehicle,2,346
1576906325215,small_vehicle,2,45
1584093949818,large_vehicle,2,169
1571588668807,large_vehicle,10,113
1580825607643,small_vehicle,10,251
1585290711810,large_vehicle,5,276
1582189099832,small_vehicle,5,131
1577891152923,large_vehicle,7,326
1577073939035,large_vehicle,7,66
1583718503513,large_vehicle,0,359
1584151617171,large_vehicle,2,42
1582657633879,large_vehicle,7,237
1572549922307,small_vehicle,4,186
1574459048288,large_vehicle,10,275
1573328241503,small_vehicle,3,241
1565578861272,small_vehicle,7,53
1570479841838,large_vehicle,7,316
1572034277252,small_vehicle,10,117
1577363883341,small_vehicle,9,154
1577758538026,large_vehicle,5,176
1575533989957,large_vehicle,7,269
1584797569537,small_vehicle,10,136
1566648928921,large_vehicle,4,269
1580803672544,large_vehicle,9,227
1568535545839,large_vehicle,5,141
1572190052099,large_vehicle,2,341
1583735595436,small_vehicle,1,45
1581095243376,small_vehicle,6,40
1568010787910,small_vehicle,4,290
1583753036478,small_vehicle,6,189
1567466389184,small_vehicle,6,21
1574175168519,small_vehicle,6,216
1573095625985,small_vehicle,5,78
1575792668024,large_vehicle,10,258
1579929636493,large_vehicle,8,41
1575144134762,small_vehicle,3,236
1571663342423,small_vehicle,7,197
1578048208916,large_vehicle,2,253
1575503801935,small_vehicle,10,82
1580776004921,large_vehicle,10,304
1585969360284,large_vehicle,10,139
1570086661446,small_vehicle,5,79
1571672155649,small_vehicle,5,65
1567011993574,small_vehicle,6,281
1581532234076,large_vehicle,7,159
1577650998618,large_vehicle,9,35
1580316930409,large_vehicle,1,355
1564793482819,large_vehicle,5,353
1578147211740,large_vehicle,3,217
1569376087536,small_vehicle,7,308
1583437279975,small_vehicle,8,140
1572024652689,small_vehicle,4,328
1575360182949,large_vehicle,1,30
1567594271791,small_vehicle,5,334
1566510870087,large_vehicle,2,285
1566146896297,small_vehicle,5,56
1565821163030,large_vehicle,4,67
1566811143542,small_vehicle,3,200
1576828216736,small_vehicle,4,340
1573928662149,small_vehicle,8,337
1577142899935,large_vehicle,4,126
1577755482674,small_vehicle,7,48
1576097685803,small_vehicle,0,45
1573926546797,small_vehicle,0,334
1581040880605,large_vehicle,7,11
1581739563466,small_vehicle,3,189
1576405184711,small_vehicle,4,232
1572950754457,large_vehicle,10,256
1567309752659,small_vehicle,1,11
1578608206627,small_vehicle,3,281
1567639448453,large_vehicle,5,336
1584898978758,small_vehicle,0,238
1573034011837,small_vehicle,0,304
1566091251336,large_vehicle,9,360
1570141138114,small_vehicle,0,38
1578431646426,large_vehicle,1,329
1579733062883,small_vehicle,2,86
1584390197855,large_vehicle,1,165
1574263466208,large_vehicle,6,339
1582927824611,small_vehicle,8,166
1585204652046,small_vehicle,2,86
1567740944217,large_vehicle,1,8
1580309230465,large_vehicle,4,217
1586511430136,large_vehicle,1,22
1574608989994,large_vehicle,7,161
1572405643947,small_vehicle,6,204
1574512697904,small_vehicle,1,273
1584382244274,large_vehicle,6,120
1578264606888,small_vehicle,2,83
1578693822349,large_vehicle,2,292
1583911666751,large_vehicle,7,281
1576867458550,small_vehicle,8,227
1585100263082,small_vehicle,10,270
1581383158834,large_vehicle,5,242
1580485359798,small_vehicle,9,59
1580822960615,large_vehicle,2,198
1577419972793,large_vehicle,5,223
1577114074577,large_vehicle,2,40
1582256635129,large_vehicle,6,217
1569823460328,small_vehicle,8,226
1572632872498,large_vehicle,5,332
1586398705848,small_vehicle,1,92
1571354887098,large_vehicle,9,103
1582813322741,small_vehicle,1,121
1586213144778,small_vehicle,6,184
1565352468024,large_vehicle,10,359
1585124282055,large_vehicle,8,277
1575003232800,large_vehicle,7,8
1578471338669,small_vehicle,6,250
1580607668284,small_vehicle,9,61
1565048656559,large_vehicle,6,55
1582445808218,large_vehicle,7,110
1572121029027,small_vehicle,10,9
1575276429445,large_vehicle,10,157
1567491118933,large_vehicle,8,358
1584931498933,small_vehicle,10,283
1580332870340,large_vehicle,9,64
1581442831657,small_vehicle,0,237
1576557038490,small_vehicle,5,94
1575940580794,large_vehicle,5,134
1568052886152,large_vehicle,8,131
1569692725065,large_vehicle,4,338
1583903623542,small_vehicle,3,352
1586011377891,large_vehicle,0,107
1583317714789,large_vehicle,0,193
1571530547640,large_vehicle,5,200
1582347645584,large_vehicle,2,167
