1568118977366,small_vehicle,1,125
1585512155746,small_vehicle,4,46
1566813932343,large_vehicle,7,251
1567003369907,large_vehicle,3,21
1583661700668,small_vehicle,6,162
1568886687911,small_vehicle,6,340
1573394362917,large_vehicle,3,230
1583292397511,small_vehicle,6,330
1576409516146,large_vehicle,3,197
1577895862935,small_vehicle,2,318
1565716987383,small_vehicle,10,104
1570553455062,large_vehicle,7,76
1577514412109,small_vehicle,10,108
1573276195139,small_vehicle,0,304
1571590050767,small_vehicle,6,240
1575796528856,large_vehicle,2,282
1577787275158,large_vehicle,2,96
1583054245038,small_vehicle,5,14
1568154235407,small_vehicle,4,152
1580510413153,large_vehicle,2,24
1577240325175,small_vehicle,9,254
1568124653566,large_vehicle,5,155
1565463439214,large_vehicle,0,314
1572886826086,large_vehicle,10,260
1572755984873,small_vehicle,10,250
1586147066514,large_vehicle,10,152
1580741987883,small_vehicle,9,60
1586125148409,large_vehicle,8,5
1586496481496,small_vehicle,7,227
1574509580693,small_vehicle,0,321
1570381646537,small_vehicle,10,288
1569577899498,large_vehicle,8,356
1572365760463,small_vehicle,2,204
1582940428890,small_vehicle,2,319
1578091888058,small_vehicle,1,208
1565633918253,small_vehicle,4,1
1565129750918,large_vehicle,7,125
1576564887887,small_vehicle,10,200
1583291790147,small_vehicle,7,74
1579756442383,small_vehicle,3,78
1580634359287,large_vehicle,10,309
1579999636356,small_vehicle,5,141
1575616683679,large_vehicle,10,129
1585911983892,small_vehicle,9,306
1568615584100,large_vehicle,10,8
1577850605385,small_vehicle,10,282
1584798753764,small_vehicle,0,181
1579734175491,small_vehicle,8,86
1569368056298,small_vehicle,10,41
1578403141775,large_vehicle,9,36
1571883500025,small_vehicle,2,176
1583735927006,small_vehicle,9,67
1580610263465,large_vehicle,6,168
1578490826662,large_vehicle,6,177
1584718054902,large_vehicle,7,248
1577562044936,small_vehicle,6,1
1571609748975,small_vehicle,7,281
1584982590670,small_vehicle,3,31
1575754510955,large_vehicle,4,77
1568308221059,small_vehicle,3,243
1577195448752,small_vehicle,8,217
1564682296921,large_vehicle,4,200
1585959028495,large_vehicle,1,238
1583250622144,large_vehicle,5,142
1585595892008,large_vehicle,9,277
1577242257334,large_vehicle,0,289
1572920962247,large_vehicle,6,327
1574924798278,small_vehicle,8,139
1571260603628,large_vehicle,5,165
1569643360612,large_vehicle,0,34
1585654021383,large_vehicle,3,203
1574616333334,small_vehicle,1,240
1569657166880,large_vehicle,7,209
1576515728780,small_vehicle,8,177
1578191208683,large_vehicle,0,345
1577466339196,small_vehicle,5,332
1571940196814,small_vehicle,3,62
1565964708844,small_vehicle,2,303
1570821840615,large_vehicle,10,102
1578621620800,large_vehicle,9,12
1581923453687,large_vehicle,1,270
1584812909849,small_vehicle,10,114
1581109796113,small_vehicle,4,1
1568111467435,small_vehicle,8,136
1569603081890,small_vehicle,3,92
1578175548993,large_vehicle,0,122
1584551027409,large_vehicle,8,360
1586045177235,small_vehicle,8,61
1579537763226,large_vehicle,4,170
1581535220870,small_vehicle,7,254
1571408072431,small_vehicle,5,63
1570252255063,small_vehicle,7,324
1572476192507,large_vehicle,4,20
1581093421001,large_vehicle,7,307
1581390569024,small_vehicle,9,271
1573970100339,small_vehicle,6,120
1575204327102,large_vehicle,7,37
1581512610956,large_vehicle,5,23
1568227185822,small_vehicle,3,279
1577594097252,large_vehicle,5,125
1574636976681,small_vehicle,6,160
1569452832884,small_vehicle,8,153
1571671772791,small_vehicle,9,250
1566385849946,small_vehicle,2,257
1580422917594,large_vehicle,4,270
1581579849301,small_vehicle,9,330
1568775093724,large_vehicle,9,10
1578350997555,small_vehicle,2,210
1574990773807,small_vehicle,2,311
1571309188981,small_vehicle,3,6
1567121069999,large_vehicle,1,186
1567902059844,small_vehicle,9,63
1583320260030,small_vehicle,5,229
1569220729232,large_vehicle,10,265
1581342399766,large_vehicle,7,107
1578946566775,large_vehicle,8,335
1583142771548,large_vehicle,8,268
1575580104892,small_vehicle,4,191
1574362098467,large_vehicle,9,66
1566566847186,small_vehicle,0,301
1582081738288,small_vehicle,7,234
1579545067922,small_vehicle,3,6
1582910061669,large_vehicle,0,338
1571536204967,large_vehicle,10,219
1579779071143,large_vehicle,9,252
1586199825026,small_vehicle,9,345
1578653439982,large_vehicle,10,260
1575330813609,large_vehicle,4,315
1571698038161,small_vehicle,6,35
1581569515000,large_vehicle,3,210
1586099344158,large_vehicle,4,119
1580712478717,large_vehicle,2,303
1568389743127,large_vehicle,4,44
1576853801529,large_vehicle,7,14
1577353943972,large_vehicle,2,277
1577704328784,large_vehicle,3,99
1564948343065,large_vehicle,4,303
1581702128720,small_vehicle,9,307
1574453639918,small_vehicle,4,211
1573492247332,small_vehicle,4,21
1581243023173,large_vehicle,4,138
1573168961068,small_vehicle,2,285
1564951785450,small_vehicle,0,251
1575584651303,large_vehicle,3,66
1578749577727,small_vehicle,9,169
1566620209616,large_vehicle,1,336
1567302182254,large_vehicle,3,1
1580079877086,large_vehicle,0,28
1583142813826,small_vehicle,4,58
1574443221617,small_vehicle,4,293
1575269398269,small_vehicle,9,31
1578870584366,large_vehicle,9,266
1578910754246,small_vehicle,1,72
1573709485047,small_vehicle,4,251
1574943156714,large_vehicle,6,231
1585721712643,large_vehicle,1,72
1573899731510,large_vehicle,5,0
1577129454690,large_vehicle,5,110
1579880190722,large_vehicle,0,127
1567886507210,small_vehicle,8,230
1565670856868,large_vehicle,7,40
1574771940408,large_vehicle,1,14
1578023388310,small_vehicle,5,264
1581594185902,large_vehicle,6,230
1569227007693,large_vehicle,5,144
1577086167215,small_vehicle,10,254
1576413429847,large_vehicle,8,281
1581522929418,large_vehicle,6,145
1569696795127,large_vehicle,4,58
1566268290477,large_vehicle,3,141
1577405555515,large_vehicle,0,70
1574374622726,large_vehicle,8,200
1580143618909,small_vehicle,10,261
1568536741964,large_vehicle,1,90
1571649736470,large_vehicle,7,342
1567844239619,large_vehicle,4,314
1569401705738,large_vehicle,4,86
1573100985717,small_vehicle,9,248
1583958717390,large_vehicle,7,270
1584370224332,small_vehicle,1,355
1565699190660,small_vehicle,7,296
1576526641907,large_vehicle,2,335
1585849053671,large_vehicle,6,168
1579692808599,large_vehicle,3,208
1567159951124,large_vehicle,5,172
1571005292986,small_vehicle,4,243
1570004130391,large_vehicle,1,103
1565515593034,large_vehicle,1,292
1570316700100,large_vehicle,6,244
1581206352586,small_vehicle,5,310
1581355813148,small_vehicle,5,323
1568215173244,large_vehicle,2,351
1580162091178,large_vehicle,4,150
1572339068363,large_vehicle,4,326
1577822188089,large_vehicle,7,77
1580468359534,small_vehicle,0,91
1572317378361,large_vehicle,3,128
1573325624562,large_vehicle,3,99
1571798872699,small_vehicle,4,38
1576547538819,small_vehicle,1,163
1579486611835,large_vehicle,5,249
1576725269310,small_vehicle,2,218
1567532773322,large_vehicle,9,217
1571673659487,small_vehicle,7,227
1574583540398,small_vehicle,8,274
1568680367075,small_vehicle,1,89
1571875182155,large_vehicle,3,279
1569997919047,small_vehicle,1,149
1565563832073,small_vehicle,0,46
1567783497246,large_vehicle,4,155
1569562867314,small_vehicle,3,205
1575145480305,small_vehicle,6,132
1568957876331,large_vehicle,5,203
1579474496875,large_vehicle,3,115
1586685611533,large_vehicle,2,319
1580383796085,small_vehicle,10,69
1585157353108,small_vehicle,8,204
1574859606273,small_vehicle,4,46
1569392607765,small_vehicle,3,137
1579307460391,small_vehicle,8,151
1580305486383,large_vehicle,0,313
1567437512436,small_vehicle,9,2
1572772575911,small_vehicle,1,64
1566632218550,small_vehicle,6,123
1575558837431,large_vehicle,1,253
1586228649274,large_vehicle,7,243
1573464528913,small_vehicle,5,213
1573319716528,small_vehicle,5,105
1573298719213,large_vehicle,2,309
1567768272648,small_vehicle,0,297
1568048046133,large_vehicle,1,132
1578161822315,large_vehicle,4,292
1567304062769,large_vehicle,1,202
1566031753051,large_vehicle,8,225
1580526714200,small_vehicle,10,144
1573191201506,small_vehicle,10,59
1575622105785,small_vehicle,1,258
1567410239411,large_vehicle,0,95
1579230737729,large_vehicle,1,98
1566533189474,small_vehicle,8,14
1576763047208,large_vehicle,6,228
1582017353864,large_vehicle,10,295
1583008302825,large_vehicle,5,164
1573525527216,small_vehicle,10,198
1583080606340,large_vehicle,6,290
1580713875632,small_vehicle,7,143
1570944289393,large_vehicle,0,149
1581661840571,large_vehicle,9,131
1571343256944,large_vehicle,7,236
1582337162997,large_vehicle,7,234
1576708211134,small_vehicle,0,179
1570171838577,large_vehicle,4,248
1581503962522,large_vehicle,8,236
1567323277861,small_vehicle,8,241
1578113279571,small_vehicle,0,259
1583750170020,large_vehicle,0,74
1569608575223,small_vehicle,6,82
1585773824011,large_vehicle,5,196
1571072576790,large_vehicle,4,284
1566563249161,small_vehicle,9,249
1571885194088,small_vehicle,5,43
1579637478550,large_vehicle,0,141
1572886676199,large_vehicle,10,108
1577887305445,small_vehicle,7,127
1567809681902,small_vehicle,3,240
1583479336330,large_vehicle,2,245
1574196166849,large_vehicle,7,238
1574917800207,large_vehicle,4,323
1584299782072,large_vehicle,9,244
1570112024110,small_vehicle,2,321
1585448934508,small_vehicle,9,186
1568291663508,large_vehicle,8,89
1576881423515,large_vehicle,1,281
1585775699350,small_vehicle,1,102
1585119407817,large_vehicle,7,274
1568257048010,small_vehicle,7,203
1574725645199,small_vehicle,3,81
1568076518733,large_vehicle,4,57
1567631180488,small_vehicle,8,32
1574358414655,small_vehicle,2,251
1580118660357,small_vehicle,4,201
1567123982224,small_vehicle,3,118
1585894022660,large_vehicle,8,345
1565004529925,small_vehicle,2,51
1585601503702,small_vehicle,4,228
1583468596295,small_vehicle,5,110
1585774470474,large_vehicle,2,12
1570248146375,large_vehicle,10,129
1565321507763,large_vehicle,5,324
1570517450960,large_vehicle,5,308
1572431744639,large_vehicle,6,224
1584174688069,large_vehicle,6,35
1565474318553,small_vehicle,9,183
1571445436950,large_vehicle,10,156
1575994679519,large_vehicle,7,331
1585963937700,small_vehicle,10,300
1571258346777,small_vehicle,2,36
1566326798676,large_vehicle,0,107
1581362134006,small_vehicle,6,46
1586475971015,small_vehicle,4,44
1567874771724,small_vehicle,7,144
1569578262402,large_vehicle,6,202
1577379794310,large_vehicle,3,330
1586644995045,small_vehicle,2,192
1579855595251,small_vehicle,8,222
1583545343555,large_vehicle,5,182
1584767806764,small_vehicle,4,279
1570610186943,small_vehicle,2,307
1573350212003,small_vehicle,6,206
1564812624177,large_vehicle,2,71
1584158163396,large_vehicle,4,324
1586403748928,large_vehicle,0,139
1582210282915,small_vehicle,3,162
1578462638645,small_vehicle,7,26
1580523616379,small_vehicle,5,25
1576544545177,small_vehicle,2,87
1585768940402,small_vehicle,2,74
1576096348283,small_vehicle,3,145
1568417470541,small_vehicle,9,43
1583856550332,small_vehicle,3,236
1573072306312,small_vehicle,4,316
1586116110426,large_vehicle,7,127
1581614943929,large_vehicle,4,232
1575439192951,small_vehicle,1,40
1585103731892,small_vehicle,5,197
1581662342679,small_vehicle,10,293
1585474870708,small_vehicle,3,131
1579058333719,large_vehicle,2,155
1579257806069,large_vehicle,1,307
1574602783996,small_vehicle,0,37
1569955534617,small_vehicle,2,136
1566015411770,small_vehicle,9,55
1576745597230,large_vehicle,0,105
1580910321735,small_vehicle,0,265
1579035368166,small_vehicle,1,102
1577609173900,small_vehicle,3,54
1565441980364,small_vehicle,1,17
1578499574278,large_vehicle,3,3
1576237645150,small_vehicle,9,308
1585788937696,small_vehicle,0,216
1580065728794,small_vehicle,4,69
1572314336729,large_vehicle,8,11
1576415257151,small_vehicle,1,276
1564845828417,large_vehicle,7,199
1567963774527,small_vehicle,7,351
1565067799388,small_vehicle,8,63
1566781425635,large_vehicle,9,39
1572946462296,small_vehicle,3,275
1573915516860,small_vehicle,0,296
1565580048271,large_vehicle,9,128
1582361209870,small_vehicle,9,197
1565556298471,large_vehicle,5,195
1566415098053,large_vehicle,1,256
1567796402654,small_vehicle,3,318
1581856940545,small_vehicle,7,303
1576368760350,small_vehicle,7,177
1586403041739,small_vehicle,4,152
1579284960852,small_vehicle,1,321
1575380236572,small_vehicle,6,185
1565959811871,small_vehicle,3,130
1579173989415,small_vehicle,6,63
1580819659141,small_vehicle,6,223
1567857366023,large_vehicle,1,164
1569134537891,large_vehicle,2,290
1577632719490,small_vehicle,9,23
1583857921955,large_vehicle,9,85
1578390751068,large_vehicle,9,200
1585475967806,small_vehicle,10,49
1581837162575,large_vehicle,6,245
1580078315265,large_vehicle,5,151
1584142156847,large_vehicle,2,347
1569582920281,small_vehicle,8,117
1568772168122,large_vehicle,7,181
1568409471399,small_vehicle,8,75
1582642196032,small_vehicle,0,18
1586066108537,small_vehicle,4,287
1567542179254,large_vehicle,5,281
1569333728954,small_vehicle,3,54
1569314570566,large_vehicle,7,292
1566497201661,small_vehicle,1,75
1581422072441,large_vehicle,3,307
1584862951190,small_vehicle,8,12
1582628303343,large_vehicle,0,230
1567131671507,small_vehicle,7,336
1586408519684,small_vehicle,9,53
1565778307473,large_vehicle,3,318
1568320254397,small_vehicle,1,94
1582606629166,small_vehicle,5,314
1581753747066,large_vehicle,2,7
1565844653172,small_vehicle,0,9
1581491737571,small_vehicle,8,212
1564673209248,small_vehicle,3,63
1581517239895,large_vehicle,10,76
1570752637219,large_vehicle,5,53
1578436820122,large_vehicle,2,0
1567495778584,large_vehicle,0,154
1577510327322,large_vehicle,3,155
1579771269032,small_vehicle,9,28
1585072401526,small_vehicle,9,321
1565313958572,large_vehicle,0,184
1566936475625,large_vehicle,4,74
1579519541761,large_vehicle,9,338
1585757955410,large_vehicle,3,310
1581105555804,small_vehicle,10,187
1576297873032,small_vehicle,7,264
1583809798621,large_vehicle,8,106
1580301096730,large_vehicle,2,335
1585478734831,small_vehicle,8,85
1573953639128,small_vehicle,1,337
1567405992922,large_vehicle,0,35
1565745633373,small_vehicle,9,194
1567552159354,large_vehicle,5,45
1568232210047,large_vehicle,6,302
1568243385520,small_vehicle,1,185
1586470255796,large_vehicle,2,146
1568295357463,small_vehicle,0,106
1576515161610,small_vehicle,5,169
1575738250443,large_vehicle,5,337
1571433638607,large_vehicle,0,108
1577515671827,small_vehicle,10,8
1567283860235,small_vehicle,4,190
1573167226613,small_vehicle,7,111
1572463702442,small_vehicle,7,310
1572453358809,large_vehicle,6,110
1579816216655,large_vehicle,10,221
1575493321420,large_vehicle,4,320
1577776772953,large_vehicle,5,233
1577122164959,large_vehicle,8,302
1581558727055,large_vehicle,10,197
1573314077387,small_vehicle,6,36
1566408445290,small_vehicle,1,34
1565878288993,small_vehicle,8,9
1584092971513,small_vehicle,9,277
1576428747988,small_vehicle,8,61
1572629509240,small_vehicle,3,69
1577308379905,small_vehicle,0,132
1580574934421,small_vehicle,5,42
1564806862053,small_vehicle,2,158
1572501798440,large_vehicle,5,312
1573774149682,small_vehicle,8,18
1566724767447,large_vehicle,0,180
1572968051106,large_vehicle,4,294
1580295805010,large_vehicle,1,240
1579442582837,small_vehicle,4,293
1570427215415,small_vehicle,3,208
1586405035159,small_vehicle,5,21
1567186916910,large_vehicle,9,298
1575403326432,large_vehicle,10,293
1581031499178,small_vehicle,9,127
1585849733113,large_vehicle,3,217
1566301098886,large_vehicle,10,346
1574515212337,large_vehicle,8,223
1577396640164,small_vehicle,4,200
1569693996200,small_vehicle,9,149
1568523158730,large_vehicle,2,83
1583687806835,small_vehicle,8,82
1571332492761,small_vehicle,8,5
1570307860424,small_vehicle,9,28
1577230517886,small_vehicle,0,155
1583188636351,large_vehicle,6,37
1583448535949,small_vehicle,2,102
1569172370932,small_vehicle,7,165
1574224765459,large_vehicle,5,174
1571785196247,large_vehicle,10,103
1564727262649,large_vehicle,4,115
1566656959650,small_vehicle,0,95
1568449345484,small_vehicle,7,219
1575782282922,large_vehicle,10,24
1565094207710,small_vehicle,9,36
1584758534475,small_vehicle,9,259
1578705992760,large_vehicle,6,331
1574604562579,large_vehicle,10,174
1578494365092,large_vehicle,0,276
1573291143010,large_vehicle,8,147
1568201599398,large_vehicle,6,227
1579839194637,large_vehicle,0,118
1569597540941,large_vehicle,5,147
1581428275565,large_vehicle,2,340
1581320627833,small_vehicle,9,260
1564661704114,small_vehicle,5,162
1571219842422,small_vehicle,10,61
1569480387179,small_vehicle,1,230
1582959232003,small_vehicle,1,8
1578310817343,large_vehicle,0,175
1573719180004,small_vehicle,9,148
1572767106000,small_vehicle,8,346
1573890260048,large_vehicle,8,41
1579074629769,large_vehicle,9,352
1571915902984,small_vehicle,6,165
1571325033743,large_vehicle,9,297
1568597417239,small_vehicle,0,21
1570389167257,small_vehicle,9,136
1567154645174,small_vehicle,9,126
1566517605826,small_vehicle,5,90
1569188596265,large_vehicle,8,69
1579585609841,small_vehicle,3,83
1572328708471,small_vehicle,0,275
1572800292260,large_vehicle,2,271
1566606521170,large_vehicle,3,202
1577279424392,large_vehicle,0,17
1568503385842,small_vehicle,0,208
1569787982936,small_vehicle,2,192
1575521315392,large_vehicle,2,146
1581846832411,small_vehicle,9,179
1565714351577,large_vehicle,3,184
1582269797317,small_vehicle,6,291
1572484989491,large_vehicle,2,109
1581204532625,large_vehicle,10,87
1574434918620,large_vehicle,4,55
1567710831494,small_vehicle,8,61
1585186551220,small_vehicle,1,306
1571417086534,large_vehicle,10,237
1579083722708,large_vehicle,9,202
1577266492469,small_vehicle,9,91
1583815232214,large_vehicle,4,5
1584907338678,small_vehicle,9,13
1586090712911,small_vehicle,6,225
1566751562978,large_vehicle,7,191
1566183849486,large_vehicle,8,109
1574497404797,small_vehicle,5,4
1568789674987,large_vehicle,4,138
1580685401772,small_vehicle,2,152
1565915368928,small_vehicle,2,63
1569801879021,small_vehicle,7,75
1576939722535,large_vehicle,8,114
1571250946424,large_vehicle,6,46
1577603902343,small_vehicle,0,254
1584221986013,small_vehicle,10,43
1584687263590,large_vehicle,10,257
1568415664785,large_vehicle,7,189
1566198176901,small_vehicle,7,102
1569036185818,large_vehicle,8,305
1576709131471,large_vehicle,7,244
1568584506685,large_vehicle,0,321
1585343487695,large_vehicle,10,329
1567896822539,large_vehicle,1,229
1574036302833,small_vehicle,7,262
1566401181558,small_vehicle,1,308
1573232908188,large_vehicle,7,330
1573398924604,large_vehicle,1,210
1565224971474,large_vehicle,5,246
1575855948158,large_vehicle,0,121
1569010417837,small_vehicle,7,22
1564967306230,large_vehicle,9,126
1583234118390,large_vehicle,1,192
1585451863915,small_vehicle,0,337
1578767022208,large_vehicle,2,62
1577289795566,large_vehicle,0,47
1579894928774,small_vehicle,10,109
1571647476794,small_vehicle,7,333
1584416546005,small_vehicle,7,214
1570478001101,large_vehicle,1,36
1584169030922,small_vehicle,7,120
1572142832971,small_vehicle,4,285
1574058124145,large_vehicle,1,269
1571604600211,small_vehicle,3,116
1579460476343,large_vehicle,0,344
1585824454564,large_vehicle,5,5
1583039112521,small_vehicle,8,98
1568466509676,small_vehicle,7,228
1579235468905,small_vehicle,2,59
1582754703322,large_vehicle,3,82
1575724357335,large_vehicle,2,118
1582419905660,large_vehicle,1,263
1584458634204,small_vehicle,9,106
1569226057598,small_vehicle,8,196
1581591614224,small_vehicle,2,345
1584318422496,small_vehicle,0,213
1584644542943,large_vehicle,10,228
1574095849341,large_vehicle,4,310
1585113824470,large_vehicle,1,169
1586555177585,small_vehicle,6,307
1582256809534,large_vehicle,1,89
1576557846170,large_vehicle,4,159
1576712392550,large_vehicle,8,274
1577062192192,large_vehicle,6,218
1576963802031,large_vehicle,6,110
1572493734853,large_vehicle,4,258
1568010859576,large_vehicle,9,122
1583818324261,large_vehicle,4,163
1583032726037,large_vehicle,5,48
1565639047969,small_vehicle,7,55
1586089361616,small_vehicle,4,223
1572362856023,small_vehicle,0,114
1572410682071,small_vehicle,9,149
1571510028666,large_vehicle,6,73
1579886730832,small_vehicle,1,256
1571077693388,small_vehicle,10,241
1572317876965,large_vehicle,8,69
1582356949345,large_vehicle,1,93
1574479844101,small_vehicle,1,156
1576021758875,large_vehicle,3,118
1580139828987,small_vehicle,5,187
1581585031627,small_vehicle,6,73
1570384833423,large_vehicle,8,275
1579592761628,large_vehicle,3,82
1575222358550,small_vehicle,1,222
1578633480012,large_vehicle,4,29
1584146172754,large_vehicle,0,99
1570301098726,small_vehicle,4,124
1567472194987,large_vehicle,8,133
1580261716487,large_vehicle,3,141
1582512717160,large_vehicle,0,180
1569797150836,small_vehicle,0,237
1571684932953,large_vehicle,8,43
1577321822211,large_vehicle,4,9
1566197207257,large_vehicle,8,132
1566883482542,small_vehicle,4,198
1577210963052,large_vehicle,6,298
1578223380687,large_vehicle,0,203
1576983563941,large_vehicle,9,23
1571655656311,small_vehicle,4,96
1570826798290,large_vehicle,10,334
1583160040577,large_vehicle,7,153
1571708375404,small_vehicle,5,211
1572831591996,small_vehicle,0,265
1572658585461,large_vehicle,7,313
1570220942929,large_vehicle,5,93
1586237703812,small_vehicle,7,137
1582935616501,large_vehicle,1,263
1568346914148,large_vehicle,1,222
1571551100770,small_vehicle,5,158
1569789947559,large_vehicle,9,312
1576405045768,large_vehicle,4,312
1566566700613,small_vehicle,10,131
1579723830596,small_vehicle,5,238
1569246575097,small_vehicle,2,235
1570196981074,small_vehicle,5,227
1574417596849,large_vehicle,4,5
1583283644816,large_vehicle,2,88
1584508929297,small_vehicle,0,338
1570414711071,large_vehicle,1,146
1572159303324,small_vehicle,7,282
1576609927329,small_vehicle,10,200
1572967747578,large_vehicle,8,355
1567621492033,small_vehicle,4,66
1570981341537,large_vehicle,2,192
1571472656722,large_vehicle,1,305
1575237176615,large_vehicle,5,40
1573701968147,large_vehicle,6,32
1574436476788,small_vehicle,3,105
1570899148176,large_vehicle,1,27
1577669774986,small_vehicle,4,324
1581268468143,large_vehicle,8,328
1583958024771,large_vehicle,1,222
1581480733441,small_vehicle,0,52
1572296849192,small_vehicle,1,108
1576262307719,large_vehicle,2,192
1580402608700,large_vehicle,8,270
1584155130229,small_vehicle,10,15
1583820930919,small_vehicle,10,197
1583071025137,small_vehicle,1,144
1577514859328,small_vehicle,10,63
1566649938651,large_vehicle,10,191
1577977239383,large_vehicle,6,52
1566048312773,large_vehicle,9,7
1585808092075,small_vehicle,3,235
1568991514545,large_vehicle,9,22
1577963591922,large_vehicle,9,252
1573124764186,small_vehicle,4,350
1571037743890,small_vehicle,9,128
1580487194465,large_vehicle,9,99
1578310689674,small_vehicle,5,219
1580165953784,large_vehicle,3,104
1582954322187,large_vehicle,3,44
1581339650155,large_vehicle,6,251
1568452891143,large_vehicle,4,192
1577069700990,small_vehicle,3,154
1578076111188,large_vehicle,7,180
1579837986584,large_vehicle,5,40
1579887006656,large_vehicle,5,238
1570722428338,large_vehicle,7,138
1586109649501,large_vehicle,0,260
1572515255010,small_vehicle,2,49
1569076272827,small_vehicle,10,231
1568701542228,small_vehicle,10,58
1573030093217,small_vehicle,1,155
1580176910921,large_vehicle,9,274
1577964102418,large_vehicle,7,311
1564983805622,large_vehicle,3,38
1577445552420,large_vehicle,0,112
1566122053695,small_vehicle,0,114
1582810895682,large_vehicle,3,338
1583709396907,large_vehicle,2,272
1565119964633,small_vehicle,9,100
1585338218124,large_vehicle,4,55
1571712918974,small_vehicle,3,11
1566455748523,large_vehicle,2,284
1576939104330,small_vehicle,4,242
1568530665667,large_vehicle,7,293
1586357452661,large_vehicle,6,353
1566395078100,small_vehicle,3,293
1571928845223,large_vehicle,6,183
1571454866314,large_vehicle,2,153
1584903141258,large_vehicle,2,296
1583962281501,large_vehicle,0,88
1582935331017,small_vehicle,4,168
1576238499085,small_vehicle,4,62
1577478691025,large_vehicle,4,330
1575864721020,large_vehicle,7,98
1581226174004,small_vehicle,3,214
1569048998816,large_vehicle,9,278
1579884964422,large_vehicle,0,298
1572823447481,large_vehicle,0,229
1565090732970,large_vehicle,4,228
1574896047312,large_vehicle,6,76
1576291945367,large_vehicle,2,15
1573958897405,small_vehicle,1,23
1586266147404,small_vehicle,0,231
1566861419357,large_vehicle,10,12
1575737775625,small_vehicle,9,128
1565791462345,small_vehicle,8,336
1583563902201,large_vehicle,8,62
1583776999529,small_vehicle,0,358
1581558930791,large_vehicle,7,15
1583708851773,small_vehicle,2,166
1578260413529,small_vehicle,2,351
1585223499821,large_vehicle,10,4
1574087283485,large_vehicle,10,177
1583087146926,large_vehicle,8,269
1581647687420,small_vehicle,6,310
1584220033019,large_vehicle,7,265
1567165463669,large_vehicle,8,129
1577079079350,small_vehicle,1,280
1574304752810,large_vehicle,0,115
1584713975874,large_vehicle,2,328
1580191050053,small_vehicle,10,116
1582094250250,large_vehicle,5,311
1585711476906,large_vehicle,7,61
1577149931288,large_vehicle,0,354
1581654844336,large_vehicle,10,304
1582622833303,small_vehicle,6,32
1565131630967,large_vehicle,2,55
1581947697134,small_vehicle,6,249
1585518280916,small_vehicle,9,5
1582019603110,small_vehicle,2,72
1577773314202,large_vehicle,7,271
1580132471388,large_vehicle,3,91
1579163911470,large_vehicle,2,53
1574037273244,small_vehicle,5,284
1571589869773,large_vehicle,8,163
1574700800183,small_vehicle,1,267
1571533561862,small_vehicle,8,146
1567968303216,large_vehicle,5,96
1576490787096,small_vehicle,8,233
1564674374513,small_vehicle,1,209
1570928279104,large_vehicle,9,84
1567448200213,small_vehicle,9,26
1576825805247,large_vehicle,5,353
1574197360928,small_vehicle,6,105
1586205697707,large_vehicle,10,17
1578350221996,large_vehicle,4,72
1580060995808,small_vehicle,5,97
1570969704846,large_vehicle,6,279
1568561945450,small_vehicle,8,303
1580433322801,large_vehicle,5,99
1580355078221,small_vehicle,4,208
1572053252772,small_vehicle,4,277
1576337488264,large_vehicle,10,236
1583505822120,small_vehicle,3,107
1564996870661,large_vehicle,9,66
1576326579416,large_vehicle,8,249
1573516784642,small_vehicle,2,257
1579472169151,large_vehicle,9,156
1578616212026,large_vehicle,10,124
1574101081982,small_vehicle,4,194
1573761760788,large_vehicle,9,257
1575702824530,small_vehicle,7,118
1565808410775,small_vehicle,9,288
1586227257672,small_vehicle,7,295
1582831600566,large_vehicle,6,157
1573037425964,small_vehicle,5,316
1584168079743,small_vehicle,4,34
1582219018204,small_vehicle,1,11
1578393323325,large_vehicle,10,307
1580826361256,large_vehicle,0,93
1565947454833,small_vehicle,6,107
1574085850168,small_vehicle,9,332
1579977189507,small_vehicle,6,82
1575223697389,large_vehicle,1,116
1571957629489,small_vehicle,0,79
1564688830437,small_vehicle,2,217
1579642885554,large_vehicle,3,217
1584215028417,small_vehicle,10,164
1568877119817,small_vehicle,3,55
1564901944658,large_vehicle,0,32
1565125597121,large_vehicle,1,109
1564951205607,large_vehicle,2,338
1576285381273,small_vehicle,8,5
1581069369601,large_vehicle,9,154
1585797636068,small_vehicle,9,172
1584794088380,large_vehicle,0,207
1586562598074,small_vehicle,7,0
1585687873504,large_vehicle,2,131
1564949105093,large_vehicle,3,232
1580650138708,large_vehicle,1,325
1564684464602,large_vehicle,7,228
1578687721087,small_vehicle,0,322
1578042073467,large_vehicle,6,243
1581521115828,large_vehicle,9,94
1569343757399,large_vehicle,9,142
1583251821110,large_vehicle,0,158
1581437057281,small_vehicle,1,97
1575523143054,large_vehicle,10,333
1574527808505,small_vehicle,9,123
1579984745038,large_vehicle,0,322
1585832175106,small_vehicle,8,223
1573404661008,large_vehicle,9,171
1578843515924,large_vehicle,7,276
1573015208927,large_vehicle,10,288
1573483982815,large_vehicle,4,119
1564713470870,large_vehicle,7,282
1576656303398,large_vehicle,7,186
1568149257095,small_vehicle,2,318
1568453004676,small_vehicle,0,161
1572769287614,large_vehicle,7,128
1571907036203,large_vehicle,10,105
1565973978034,large_vehicle,2,20
1577176049715,large_vehicle,6,235
1582032928119,small_vehicle,9,48
1585037290370,large_vehicle,8,304
1584269691303,large_vehicle,6,328
1568238786684,small_vehicle,3,175
1566984817650,large_vehicle,2,54
1571710449834,large_vehicle,2,349
1567475100786,small_vehicle,5,72
1576268376127,large_vehicle,3,195
1577769735110,small_vehicle,7,221
1581395034014,large_vehicle,9,211
1583711107245,small_vehicle,2,342
1580602070143,large_vehicle,2,132
1570185876945,small_vehicle,5,208
1565678653861,small_vehicle,9,82
1586287964268,large_vehicle,8,110
1574822447000,small_vehicle,3,57
1585236046791,small_vehicle,8,143
1576402715022,large_vehicle,7,61
1579851581795,small_vehicle,4,60
1574383605877,small_vehicle,8,297
1576390105739,large_vehicle,7,322
1573072160109,large_vehicle,6,224
1579848007569,small_vehicle,3,317
1581483595384,small_vehicle,5,349
1576007713068,large_vehicle,10,95
1583834710019,small_vehicle,6,355
1577754789917,small_vehicle,5,296
1580785603362,large_vehicle,0,61
1573433883286,small_vehicle,7,254
1570250595712,small_vehicle,4,319
1573631736113,small_vehicle,6,78
1571333665668,large_vehicle,4,331
1574861482779,small_vehicle,9,64
1575217331619,small_vehicle,6,154
1583242552295,large_vehicle,3,167
1568287514125,small_vehicle,1,283
1586107698760,large_vehicle,9,89
1576844803553,large_vehicle,0,199
1570392451908,large_vehicle,1,324
1584602199538,small_vehicle,5,112
1582172562014,small_vehicle,1,333
1578283039234,small_vehicle,4,86
1569933063623,small_vehicle,2,242
1568997808465,large_vehicle,3,86
1566282596775,large_vehicle,9,329
1583410602319,large_vehicle,0,134
1580927241661,small_vehicle,1,239
1586192218646,large_vehicle,0,5
1574569259279,small_vehicle,2,220
1575428793654,small_vehicle,4,332
1577378909230,small_vehicle,4,322
1584670651743,small_vehicle,1,82
1582903679244,small_vehicle,3,302
1578018328698,large_vehicle,5,185
1572138306012,large_vehicle,4,27
1566884161093,large_vehicle,2,261
1576565492097,large_vehicle,5,34
1577205879951,small_vehicle,0,5
1578143393088,small_vehicle,4,55
1572591286128,small_vehicle,6,88
1586599732867,large_vehicle,4,110
1585361304873,small_vehicle,2,97
1586454075851,small_vehicle,1,111
1577630263300,large_vehicle,6,151
1569155758623,small_vehicle,9,94
1584562158680,small_vehicle,10,107
1576139820591,large_vehicle,8,256
1577346322888,large_vehicle,3,340
1567035769166,large_vehicle,6,249
1585920784918,small_vehicle,5,63
1570053790003,large_vehicle,6,38
1568509879692,large_vehicle,2,322
1582662563290,small_vehicle,9,144
1569965127865,small_vehicle,4,25
1584676368845,small_vehicle,5,205
1578905161580,small_vehicle,0,11
1571536349872,large_vehicle,1,303
1583696710646,small_vehicle,0,304
1583520177301,large_vehicle,1,259
1584533173363,large_vehicle,5,311
1577204420754,large_vehicle,4,37
1581639852880,small_vehicle,6,102
1567317668377,small_vehicle,1,117
1569096550626,large_vehicle,10,120
1568083135884,large_vehicle,10,206
1572117215863,small_vehicle,1,100
1578951372999,small_vehicle,6,285
1575729035492,large_vehicle,3,360
1568471787258,small_vehicle,3,359
1583549762152,small_vehicle,10,113
1572511182607,large_vehicle,4,50
1574557485444,small_vehicle,8,50
1570643418071,small_vehicle,10,44
1566482377604,small_vehicle,2,336
1582703462399,large_vehicle,7,196
1574662922094,small_vehicle,6,16
1568148108276,small_vehicle,1,301
1585971284234,large_vehicle,8,103
1581106329713,small_vehicle,0,214
1573086373255,large_vehicle,5,247
1578705132717,large_vehicle,5,150
1579870180064,small_vehicle,9,312
1578542511304,large_vehicle,5,237
1567861951620,small_vehicle,4,289
1579518847794,large_vehicle,4,346
1571058655045,small_vehicle,2,85
1566191724091,small_vehicle,6,174
1578637456429,small_vehicle,3,82
1578998711990,large_vehicle,3,162
1573269760810,large_vehicle,7,154
1567130549316,small_vehicle,7,360
1579288959156,large_vehicle,7,56
1586576202457,large_vehicle,2,237
1585560776312,small_vehicle,1,150
1583098453459,large_vehicle,2,11
1566724918089,small_vehicle,6,51
1576646800892,small_vehicle,0,263
1570318608067,small_vehicle,9,188
1565522136253,large_vehicle,1,116
1564860399827,small_vehicle,0,14
1575728895407,small_vehicle,1,345
1575035930223,large_vehicle,6,35
1578051268370,small_vehicle,1,165
1574612450217,large_vehicle,9,173
1585247447983,large_vehicle,5,243
1572368781164,small_vehicle,3,352
1584968773906,small_vehicle,5,192
1570006186535,large_vehicle,0,132
1570190574905,large_vehicle,9,64
1569269375662,large_vehicle,1,53
1581456088927,small_vehicle,7,245
1566924996553,small_vehicle,2,286
1564893587256,small_vehicle,6,43
1575623645081,small_vehicle,1,83
1576851291950,large_vehicle,10,171
1581875569707,small_vehicle,1,18
1576184893276,large_vehicle,6,328
1582678095650,small_vehicle,5,210
1574059825878,small_vehicle,4,15
1567542282365,large_vehicle,0,100
1584502525067,large_vehicle,5,59
1566162083485,large_vehicle,4,167
1571062360856,small_vehicle,2,174
1578060364349,small_vehicle,4,68
1572661255136,small_vehicle,6,212
1575983462465,large_vehicle,4,148
1577780680088,small_vehicle,4,164
1570344045142,small_vehicle,6,215
1585052788857,large_vehicle,6,327
1572570237771,small_vehicle,5,201
1572801535469,large_vehicle,1,89
1585666522546,large_vehicle,0,252
1575213528830,small_vehicle,10,182
1569478605833,large_vehicle,8,163
1578186839648,small_vehicle,3,196
1582258253321,small_vehicle,8,230
1579538507832,small_vehicle,7,347
1578230368556,large_vehicle,8,276
1579394477190,small_vehicle,0,288
1576348420845,large_vehicle,2,267
1570637197710,small_vehicle,9,152
1580261499129,small_vehicle,4,304
1568277227202,large_vehicle,9,32
1575597770882,small_vehicle,7,290
1580219285583,small_vehicle,9,275
1571061183515,small_vehicle,7,108
1577658246925,small_vehicle,10,67
1564699417137,small_vehicle,2,28
1580835047742,large_vehicle,9,177
1573380795428,large_vehicle,2,249
1574534043776,small_vehicle,0,304
1575057561430,large_vehicle,8,123
1576168540535,large_vehicle,4,104
1578568874950,large_vehicle,9,32
1576834135740,small_vehicle,1,272
1572987936366,small_vehicle,10,122
1572467671969,small_vehicle,9,28
1571278082803,small_vehicle,8,187
1579542480746,large_vehicle,4,46
1577899156004,small_vehicle,6,173
1573237634009,large_vehicle,7,237
