1584684200665,small_vehicle,6,310
1577549683527,small_vehicle,0,186
1578272632265,large_vehicle,0,135
1570348139430,large_vehicle,7,126
1578645219603,large_vehicle,2,243
1578582056249,large_vehicle,6,97
1569206778859,small_vehicle,1,286
1572849210451,large_vehicle,5,106
1585585488696,large_vehicle,7,276
1578331288417,small_vehicle,9,107
1582811907316,small_vehicle,6,304
1578727334843,small_vehicle,0,205
1573726518048,small_vehicle,2,282
1575977798912,large_vehicle,5,108
1577637929207,small_vehicle,0,284
1574829415984,small_vehicle,7,274
1570021221566,small_vehicle,5,170
1581965841299,large_vehicle,1,353
1573364056737,small_vehicle,6,178
1578691442939,large_vehicle,6,228
1566628720841,small_vehicle,3,345
1569197846206,small_vehicle,8,113
1572544223021,large_vehicle,4,330
1575242540661,large_vehicle,6,312
1585665791537,small_vehicle,7,289
1567789114483,large_vehicle,0,1
1585143644132,large_vehicle,1,278
1580027976051,large_vehicle,3,195
1578595858336,large_vehicle,3,218
1565658745973,large_vehicle,4,326
1582059487083,small_vehicle,10,44
1585182529814,small_vehicle,3,34
1574058901178,large_vehicle,0,162
1581815339284,large_vehicle,3,305
1577251263313,small_vehicle,4,81
1582860212230,small_vehicle,7,203
1576127619935,large_vehicle,5,212
1569302684459,large_vehicle,7,31
1582541046307,large_vehicle,1,83
1581311428241,small_vehicle,1,125
1577545339716,large_vehicle,1,67
1571389441576,small_vehicle,9,232
1581064481165,small_vehicle,8,197
1569251279264,large_vehicle,9,343
1577598106951,large_vehicle,10,262
1586217693540,small_vehicle,7,240
1579306112885,large_vehicle,2,77
1564930031500,large_vehicle,9,195
1573450304573,large_vehicle,5,152
1583069725049,large_vehicle,8,25
1585388643384,large_vehicle,2,148
1585461039482,large_vehicle,10,190
1569965064620,small_vehicle,6,95
1577035326724,large_vehicle,10,305
1586076953058,large_vehicle,10,153
1573993806533,small_vehicle,7,57
1583073105859,small_vehicle,10,165
1578007737732,small_vehicle,7,197
1576254214053,small_vehicle,7,284
1576080827672,large_vehicle,4,20
1576690581881,small_vehicle,1,305
1569858701798,small_vehicle,4,106
1572438767995,small_vehicle,9,241
1580741402823,large_vehicle,2,335
1565864182636,large_vehicle,1,64
1582756054066,small_vehicle,1,336
1571911250492,large_vehicle,3,230
1582842491804,small_vehicle,9,351
1569847501507,small_vehicle,7,358
1572256263030,small_vehicle,1,77
1568137922536,large_vehicle,6,356
1574023323528,small_vehicle,4,154
1582195366078,large_vehicle,7,67
1572277946418,small_vehicle,3,105
1566602918622,small_vehicle,9,14
1584022490821,small_vehicle,2,183
1575493443093,large_vehicle,6,104
1574444055243,small_vehicle,6,333
1585796419690,small_vehicle,3,133
1580902818206,small_vehicle,0,252
1579496690488,large_vehicle,0,330
1584009859080,small_vehicle,1,109
1570236544249,small_vehicle,9,197
1584159150846,large_vehicle,1,254
1572016374408,large_vehicle,8,330
1573585315984,small_vehicle,9,217
1580007248506,small_vehicle,5,353
1568065753620,large_vehicle,6,92
1570699926173,small_vehicle,6,340
1584586107742,small_vehicle,5,298
1571217203977,large_vehicle,8,185
1578631001103,large_vehicle,4,22
1570710883951,large_vehicle,9,1
1576756442456,large_vehicle,1,136
1574405604723,small_vehicle,4,169
1577151848958,large_vehicle,3,190
1568784196553,small_vehicle,5,77
1581626807127,small_vehicle,7,295
1577666274272,large_vehicle,6,58
1580332654693,small_vehicle,9,291
1570522113125,large_vehicle,3,50
1578952447871,small_vehicle,1,179
1586620960472,small_vehicle,1,213
1574455551895,small_vehicle,0,264
1573987476405,small_vehicle,1,170
1567332676111,small_vehicle,9,337
1566378853328,small_vehicle,9,349
1574672252609,small_vehicle,3,137
1586578118758,small_vehicle,5,119
1569842594048,large_vehicle,4,219
1575510718007,large_vehicle,1,29
1584369362949,small_vehicle,3,310
1586138077114,large_vehicle,1,67
1573751518146,large_vehicle,6,326
1565366983666,small_vehicle,4,234
1573112748709,small_vehicle,8,16
1579396224875,small_vehicle,3,281
1574232601021,large_vehicle,0,250
1584397722134,large_vehicle,0,227
1580907130089,small_vehicle,8,332
1572432615998,small_vehicle,0,237
1574863232218,small_vehicle,3,203
1586241891943,large_vehicle,7,264
1567931325121,large_vehicle,2,58
1565321853184,large_vehicle,2,245
1569946507564,small_vehicle,4,28
1570283591339,large_vehicle,9,311
1578896546245,small_vehicle,6,89
1584438520395,large_vehicle,6,346
1585398365284,large_vehicle,4,249
1582275246770,small_vehicle,9,264
1576953920898,small_vehicle,7,295
1574878491197,small_vehicle,5,1
1577122422313,small_vehicle,0,40
1572274555726,large_vehicle,9,33
1575850282919,large_vehicle,2,109
1570539595490,small_vehicle,10,192
1574666498053,large_vehicle,4,153
1567309455271,large_vehicle,3,133
1582306133878,large_vehicle,5,166
1572090366318,small_vehicle,2,302
1583758838520,small_vehicle,1,177
1580788930280,large_vehicle,0,7
1573359890823,large_vehicle,4,302
1570662258693,large_vehicle,6,281
1573741303105,large_vehicle,1,301
1566617899352,small_vehicle,2,283
1573907356485,large_vehicle,10,235
1585978903303,large_vehicle,2,357
1580219061141,large_vehicle,5,66
1570931745234,small_vehicle,10,218
1567047563155,small_vehicle,8,290
1583380968789,small_vehicle,1,209
1578972827901,large_vehicle,2,219
1578042294189,small_vehicle,7,294
1584123823107,large_vehicle,1,183
1576615486678,small_vehicle,4,88
1583957801044,large_vehicle,2,328
1577093701474,large_vehicle,0,186
1573179375237,large_vehicle,3,245
1580651464820,large_vehicle,7,249
1568398158501,large_vehicle,2,286
1575739718586,large_vehicle,9,20
1576207826348,small_vehicle,2,19
1566688639167,large_vehicle,3,249
1571406581900,large_vehicle,9,183
1581993893484,large_vehicle,10,180
1576008401004,small_vehicle,5,176
1586694573008,large_vehicle,2,333
1568221094324,small_vehicle,10,275
1586051892109,large_vehicle,7,124
1571743423999,small_vehicle,5,227
1574867116441,large_vehicle,3,107
1580263780409,small_vehicle,0,69
1573531306238,large_vehicle,6,223
1578929970050,small_vehicle,5,269
1575672806201,small_vehicle,5,184
1585400530800,small_vehicle,5,255
1569610286864,small_vehicle,3,328
1570230776342,small_vehicle,8,339
1577781013030,large_vehicle,9,136
1585227762292,large_vehicle,8,244
1572727945977,large_vehicle,8,326
1579200025466,small_vehicle,3,257
1568201441119,small_vehicle,3,9
1578162820233,large_vehicle,5,105
1586209902187,large_vehicle,5,61
1568948991396,large_vehicle,2,340
1574942889834,large_vehicle,5,207
1568714629808,large_vehicle,4,352
1570406606561,small_vehicle,5,341
1573979443682,small_vehicle,7,281
1575042135299,small_vehicle,10,288
1585678285206,small_vehicle,3,160
1579831798748,large_vehicle,10,265
1577235902968,large_vehicle,5,62
1570210476567,small_vehicle,0,235
1574049774736,small_vehicle,1,217
1578975199929,small_vehicle,9,94
1580456730735,large_vehicle,7,244
1575560290621,small_vehicle,10,274
1567051945976,small_vehicle,2,3
1570478238857,large_vehicle,3,92
1574666500307,small_vehicle,5,162
1565305399065,large_vehicle,6,313
1580813931667,small_vehicle,5,315
1575213693465,small_vehicle,1,134
1581989120089,small_vehicle,9,195
1570165564585,small_vehicle,0,184
1573055325354,small_vehicle,6,284
1572249010661,small_vehicle,3,111
1573991449165,small_vehicle,8,184
1585930365489,large_vehicle,1,184
1568361118328,small_vehicle,4,168
1571768958259,small_vehicle,7,175
1571470199634,small_vehicle,9,111
1586681718871,small_vehicle,2,151
1581269473595,small_vehicle,3,157
1584233715948,large_vehicle,6,77
1576795416775,small_vehicle,1,309
1571561926175,large_vehicle,10,173
1571952575348,large_vehicle,2,258
1566008070133,large_vehicle,7,8
1584166115568,large_vehicle,7,309
1579385040761,small_vehicle,9,240
1580574833130,large_vehicle,3,165
1585259341699,large_vehicle,8,327
1575096511767,large_vehicle,8,8
1581201543653,large_vehicle,1,129
1572846876350,small_vehicle,3,317
1572734211752,small_vehicle,9,125
1576132546228,large_vehicle,5,251
1581197147657,small_vehicle,2,25
1565321431833,small_vehicle,5,26
1583122549160,small_vehicle,1,254
1573109415727,small_vehicle,0,25
1584985552324,large_vehicle,6,200
1577897351945,small_vehicle,1,162
1571674504260,large_vehicle,1,292
1575040085712,small_vehicle,8,318
1582573960761,large_vehicle,8,249
1585641451310,large_vehicle,1,63
1572468971583,large_vehicle,8,114
1573391196363,small_vehicle,9,152
1583247751131,large_vehicle,6,155
1580271097308,small_vehicle,10,225
1572030081334,small_vehicle,10,36
1576085703469,small_vehicle,3,11
1569912921391,large_vehicle,2,145
1572532039271,large_vehicle,3,71
1565109949909,small_vehicle,0,271
1568194271166,small_vehicle,9,86
1570507322895,large_vehicle,7,251
1567051157667,small_vehicle,5,162
1583035195617,small_vehicle,8,91
1572570367912,large_vehicle,10,132
1576813031250,large_vehicle,5,312
1574102120018,small_vehicle,7,115
1567208864313,large_vehicle,3,314
1584539234741,small_vehicle,1,149
1572475171761,small_vehicle,9,127
1578984958331,large_vehicle,0,299
1569103855611,small_vehicle,6,233
1573039129119,small_vehicle,5,46
1584812794393,large_vehicle,8,71
1568947069303,small_vehicle,5,149
1585067012322,large_vehicle,8,356
1566121008484,large_vehicle,0,195
1569795261201,large_vehicle,4,249
1567757276881,large_vehicle,8,123
1580329632383,small_vehicle,2,349
1565778051218,small_vehicle,6,261
1577791269869,large_vehicle,0,109
1578607871400,small_vehicle,9,201
1565891191805,large_vehicle,9,233
1586433627438,large_vehicle,2,115
1584344122250,large_vehicle,10,189
1568522822281,small_vehicle,8,346
1577511653239,small_vehicle,4,292
1574531587473,large_vehicle,3,246
1571077552550,large_vehicle,1,17
1575742272510,small_vehicle,4,69
1586533496891,large_vehicle,8,76
1571080199453,small_vehicle,8,4
1569906021409,small_vehicle,9,203
1572625706738,large_vehicle,10,273
1568151834016,large_vehicle,2,149
1576978930370,small_vehicle,10,314
1585497843862,small_vehicle,0,344
1568769869084,large_vehicle,3,189
1576587149911,large_vehicle,3,182
1567726271995,small_vehicle,8,193
1566009176260,small_vehicle,9,40
1575572346382,large_vehicle,3,207
1567545067805,small_vehicle,6,63
1574747260451,large_vehicle,4,245
1584525482380,small_vehicle,9,28
1571112636663,large_vehicle,1,136
1576945950107,large_vehicle,0,322
1568179110152,small_vehicle,3,165
1571840252563,large_vehicle,1,6
1581376972692,large_vehicle,0,9
1582951276986,large_vehicle,4,319
1578127265633,large_vehicle,6,337
1573987548676,large_vehicle,4,244
1571655631706,small_vehicle,6,111
1574202697943,large_vehicle,1,182
1567392882097,small_vehicle,8,169
1582987377870,small_vehicle,3,211
1569560571697,small_vehicle,2,341
1569576389709,large_vehicle,2,35
1579795087210,small_vehicle,0,126
1567993301544,large_vehicle,1,262
1576508258560,small_vehicle,9,340
1572711814034,small_vehicle,7,140
1576343611554,large_vehicle,4,90
1575391246641,small_vehicle,3,257
1572686076540,large_vehicle,9,359
1586176265410,large_vehicle,5,360
1584640153811,large_vehicle,8,140
1565507664750,small_vehicle,4,271
1581919294266,large_vehicle,5,214
1573972486661,small_vehicle,5,7
1577050419869,small_vehicle,8,325
1569891487825,large_vehicle,10,90
1577886554141,small_vehicle,9,292
1583274062735,small_vehicle,1,29
1570762065088,large_vehicle,8,155
1572736010800,large_vehicle,8,206
1570187754746,small_vehicle,8,265
1575449297415,large_vehicle,5,22
1584785026435,small_vehicle,2,360
1570246248500,large_vehicle,5,149
1565900397614,large_vehicle,1,79
1567466602386,large_vehicle,4,248
1574820434190,small_vehicle,3,102
1577910398068,large_vehicle,6,321
1585318667898,large_vehicle,1,247
1568966820454,small_vehicle,7,3
1566167301073,small_vehicle,8,99
1582586015485,large_vehicle,7,197
1580937870634,small_vehicle,3,288
1569225985811,large_vehicle,6,270
1586689405774,large_vehicle,4,71
1580742757620,large_vehicle,4,77
1583039927254,large_vehicle,0,210
1569013343993,small_vehicle,8,217
1573430095779,small_vehicle,5,235
1565699561876,large_vehicle,1,131
1575614211330,small_vehicle,7,94
1577541501994,large_vehicle,0,106
1578048738514,large_vehicle,0,69
1579814659982,large_vehicle,10,179
1576909179162,large_vehicle,10,103
1570855169892,small_vehicle,3,244
1580589843467,large_vehicle,9,38
1570457776444,large_vehicle,5,90
1582020435612,small_vehicle,6,106
1568082456092,large_vehicle,6,329
1567284207605,large_vehicle,5,116
1569673387048,large_vehicle,2,271
1568735474623,small_vehicle,6,344
1580420052803,small_vehicle,8,77
1569617513243,small_vehicle,4,157
1585683492071,small_vehicle,2,360
1578770520887,large_vehicle,4,81
1580083320617,small_vehicle,0,334
1586405971222,large_vehicle,2,8
1578731585252,large_vehicle,4,12
1574752528613,small_vehicle,8,175
1568263247428,small_vehicle,8,180
1571341858345,large_vehicle,9,292
1565893755535,large_vehicle,4,332
1585334285306,small_vehicle,2,255
1584990937233,small_vehicle,0,225
1567733082488,large_vehicle,6,68
1574112026254,small_vehicle,6,182
1579902983880,large_vehicle,9,194
1566451931327,large_vehicle,4,146
1568516814009,large_vehicle,10,246
1568288894547,large_vehicle,7,163
1568053215523,large_vehicle,2,218
1584038385508,large_vehicle,4,307
1568461518265,large_vehicle,10,113
1586378399914,small_vehicle,10,241
1565434221119,small_vehicle,5,282
1581547052817,small_vehicle,3,167
1572666443321,large_vehicle,0,306
1580809456995,large_vehicle,4,79
1567558970165,small_vehicle,9,215
1573635800467,small_vehicle,1,55
1580302545715,small_vehicle,4,297
1570812104151,large_vehicle,8,257
1568317850637,small_vehicle,2,58
1578760104839,large_vehicle,5,36
1581464167946,small_vehicle,9,203
1568925608741,large_vehicle,0,151
1585650428251,large_vehicle,4,63
1579272486520,large_vehicle,9,222
1580807157578,large_vehicle,8,328
1568989094121,large_vehicle,5,88
1581775046143,small_vehicle,7,203
1569367428443,small_vehicle,9,182
1569113265400,large_vehicle,1,24
1567965536390,small_vehicle,8,88
1573396416607,small_vehicle,4,145
1567985264046,large_vehicle,4,196
1580380095292,small_vehicle,0,162
1573680073818,small_vehicle,6,32
1579873553628,small_vehicle,2,208
1577933412789,small_vehicle,1,251
1577353984954,small_vehicle,8,215
1568760899872,large_vehicle,9,84
1565578379908,large_vehicle,7,136
1577607875663,large_vehicle,4,85
1581659496425,small_vehicle,1,302
1570045518267,large_vehicle,6,46
1566125651155,large_vehicle,8,332
1572193186424,small_vehicle,10,48
1579509091473,small_vehicle,9,41
1581911074793,small_vehicle,8,128
1566316382348,small_vehicle,7,23
1570433024061,large_vehicle,1,86
1566453700281,large_vehicle,2,182
1565005058012,large_vehicle,9,352
1574424188824,small_vehicle,0,262
1573513684164,small_vehicle,7,11
1572703577824,large_vehicle,5,204
1574951329595,small_vehicle,0,268
1580375972733,large_vehicle,0,30
1565066354053,small_vehicle,8,358
1567081719312,large_vehicle,2,124
1571081196549,small_vehicle,8,71
1565097913259,large_vehicle,1,130
1577557741350,large_vehicle,10,179
1568173564788,small_vehicle,3,89
1567989729174,small_vehicle,1,96
1583224225364,large_vehicle,9,283
1570561381555,small_vehicle,3,150
1582720687072,small_vehicle,4,280
1572945022661,large_vehicle,5,226
1574724924278,large_vehicle,2,344
1575811691024,small_vehicle,6,214
1568065851397,large_vehicle,10,315
1565484962112,small_vehicle,4,239
1564786598004,large_vehicle,9,276
1580178359664,large_vehicle,3,82
1572065784984,small_vehicle,10,269
1585116870062,small_vehicle,10,248
1585338906752,large_vehicle,7,196
1575202182647,large_vehicle,7,135
1583725668929,small_vehicle,1,114
1582428093693,large_vehicle,6,140
1575162748536,large_vehicle,9,235
1573359536234,large_vehicle,8,145
1568904443900,large_vehicle,10,331
1583467012035,large_vehicle,0,95
1574563712313,large_vehicle,4,292
1570592767531,large_vehicle,9,240
1584720270534,large_vehicle,8,321
1566270226362,large_vehicle,9,31
1575681688383,small_vehicle,1,177
1584977409275,small_vehicle,7,294
1582039205497,small_vehicle,10,255
1565579995644,large_vehicle,9,119
1567456621334,small_vehicle,3,83
1573796878732,small_vehicle,0,200
1577340693650,large_vehicle,2,20
1575744560302,small_vehicle,2,65
1583431005384,small_vehicle,3,260
1573207306758,small_vehicle,5,276
1585125338858,small_vehicle,4,37
1575604461318,small_vehicle,8,135
1582923389514,small_vehicle,9,12
1574769430638,large_vehicle,10,244
1572915451328,large_vehicle,2,33
1567416312195,large_vehicle,9,308
1582285063131,small_vehicle,1,70
1575138589253,large_vehicle,0,83
1581529748539,small_vehicle,0,266
1571017660655,large_vehicle,6,281
1566647259776,small_vehicle,3,84
1579235022632,large_vehicle,0,169
1583901577252,large_vehicle,5,353
1584023207392,large_vehicle,10,296
1571522369526,large_vehicle,6,9
1576492495136,large_vehicle,2,66
1568111037490,large_vehicle,4,338
1565742149775,large_vehicle,1,168
1571994418655,small_vehicle,6,78
1568857307633,small_vehicle,8,86
1573996203562,large_vehicle,10,51
1585267107508,small_vehicle,3,317
1567814853088,small_vehicle,6,164
1581250010512,large_vehicle,0,341
1586234224025,large_vehicle,9,116
1566794548670,large_vehicle,7,104
1571774301364,large_vehicle,9,72
1568693948178,small_vehicle,0,168
1574464977628,small_vehicle,0,89
1572906504502,small_vehicle,2,224
1565476528842,small_vehicle,2,225
1577862703320,small_vehicle,8,262
1586115775892,small_vehicle,9,201
1578226077901,small_vehicle,2,116
1582186837481,large_vehicle,3,335
1569941053872,large_vehicle,9,14
1585664605160,small_vehicle,7,283
1578203729410,small_vehicle,5,198
1575836011060,large_vehicle,10,226
1580077164467,large_vehicle,4,269
1569817086652,small_vehicle,1,100
1581471698982,large_vehicle,8,313
1582242706449,large_vehicle,9,192
1586490670183,large_vehicle,7,184
1576577208072,large_vehicle,10,51
1581666988189,large_vehicle,3,270
1565316212023,large_vehicle,1,320
1576424502467,large_vehicle,0,299
1579557241689,small_vehicle,10,97
1566773138360,small_vehicle,5,353
1586695603709,small_vehicle,1,285
1571571768540,small_vehicle,4,39
1581275757246,small_vehicle,10,272
1577050183841,large_vehicle,5,332
1575518886910,small_vehicle,5,359
1579770859307,small_vehicle,3,218
1568985480651,small_vehicle,4,227
1576385305399,large_vehicle,9,114
1575229485115,large_vehicle,0,352
1577420910409,small_vehicle,7,176
1584600957140,large_vehicle,6,117
1575184725856,large_vehicle,5,84
1583782434947,small_vehicle,1,96
1581823521046,large_vehicle,4,180
1580689492628,large_vehicle,9,40
1569777967948,small_vehicle,6,225
1573383745677,small_vehicle,7,125
1584631610362,large_vehicle,4,169
1576858292384,large_vehicle,5,239
1570456900853,large_vehicle,4,175
1577131796299,large_vehicle,1,69
1582641039536,small_vehicle,6,187
1571505184288,small_vehicle,7,146
1576874644346,large_vehicle,6,34
1577781616613,small_vehicle,0,43
1569308395724,large_vehicle,10,50
1574258070750,small_vehicle,3,211
1566586742461,small_vehicle,8,340
1581574354931,small_vehicle,5,231
1581608579067,small_vehicle,0,294
1569927953513,small_vehicle,3,335
1576365624754,small_vehicle,5,195
1583918414974,large_vehicle,7,42
1566773445599,large_vehicle,7,179
1586515157161,small_vehicle,7,198
1565586051121,large_vehicle,4,123
1574792233197,small_vehicle,7,127
1581265510700,small_vehicle,2,243
1568473435280,small_vehicle,10,343
1572733919650,large_vehicle,2,284
1570094606886,small_vehicle,9,51
1574382793619,small_vehicle,2,95
1565083621797,large_vehicle,1,77
1579878070584,small_vehicle,3,47
1580868700080,large_vehicle,8,142
1585464021341,large_vehicle,6,68
1574638820171,large_vehicle,8,292
1579669439193,small_vehicle,9,184
1568880542806,large_vehicle,8,274
1578326908332,large_vehicle,1,194
1574015766826,large_vehicle,6,321
1564980708382,large_vehicle,1,170
1565851904990,large_vehicle,1,144
1566056377530,large_vehicle,5,257
1585133643773,large_vehicle,6,10
1566474123466,large_vehicle,7,285
1574453108988,small_vehicle,8,78
1572251034840,small_vehicle,5,110
1569325841022,large_vehicle,8,1
1576873683924,small_vehicle,6,139
1573112181971,small_vehicle,8,37
1570854331900,small_vehicle,2,162
1571657714657,large_vehicle,9,285
1575169648446,small_vehicle,9,345
1578301481658,large_vehicle,6,344
1565040100122,large_vehicle,2,338
1585468161701,small_vehicle,3,192
1584479555377,small_vehicle,0,301
1572865559923,small_vehicle,0,217
1578922758015,small_vehicle,1,148
1566360722469,small_vehicle,7,62
1570045589183,small_vehicle,6,169
1574606916564,large_vehicle,3,194
1583036514715,large_vehicle,4,62
1579942115212,small_vehicle,0,76
1574689276547,large_vehicle,1,164
1579000100808,small_vehicle,3,150
1571348116253,small_vehicle,0,268
1568124151892,small_vehicle,7,57
1575209716359,large_vehicle,0,260
1574030482636,small_vehicle,10,93
1575671103778,small_vehicle,1,259
1576191097001,large_vehicle,6,110
1571726896636,small_vehicle,8,322
1582472646991,large_vehicle,3,84
1573754474004,small_vehicle,10,118
1574868878299,small_vehicle,1,338
1566978255735,small_vehicle,10,199
1585894719647,large_vehicle,10,320
1571755608937,small_vehicle,9,198
1574810795734,small_vehicle,8,29
1585376688943,large_vehicle,5,339
1579503662428,small_vehicle,4,290
1572530433560,small_vehicle,6,252
1565007170774,large_vehicle,10,228
1577424889700,small_vehicle,3,304
1584223906209,small_vehicle,9,197
1586295924290,small_vehicle,1,126
1574093411610,small_vehicle,1,335
1573036653562,small_vehicle,10,86
1584734888564,large_vehicle,2,131
1577343935545,large_vehicle,2,170
1584109155967,small_vehicle,3,280
1575011187200,large_vehicle,9,20
1565875880516,small_vehicle,10,75
1581185404967,large_vehicle,0,44
1584096887112,large_vehicle,8,267
1570707686837,small_vehicle,10,229
1566339630804,large_vehicle,7,305
1568374588314,large_vehicle,2,76
1584276237580,small_vehicle,7,75
1566913256716,large_vehicle,8,73
1570401689448,large_vehicle,8,329
1575631154734,large_vehicle,8,210
1580351306730,small_vehicle,2,197
1565754911530,small_vehicle,2,5
1567818465010,large_vehicle,6,310
1564819645317,large_vehicle,3,9
1565509644064,small_vehicle,10,271
1565022095379,large_vehicle,6,128
1578800151207,small_vehicle,0,281
1569355765300,large_vehicle,9,205
1584913080718,small_vehicle,5,338
1585332038148,small_vehicle,10,254
1567302311568,large_vehicle,1,199
1583348550046,large_vehicle,2,344
1574018800090,small_vehicle,6,177
1573230710848,large_vehicle,3,216
1575239352855,large_vehicle,2,215
1568555934282,large_vehicle,1,247
1586075402843,large_vehicle,0,293
1567817168570,small_vehicle,1,170
1585870545859,large_vehicle,2,136
1568118649730,large_vehicle,3,155
1579681903936,small_vehicle,0,158
1579721279271,small_vehicle,10,137
1566472578132,small_vehicle,9,266
1573306829454,large_vehicle,0,231
1584435120670,small_vehicle,10,180
1585382255096,small_vehicle,0,274
1578402077551,small_vehicle,1,258
1572534060514,large_vehicle,3,104
1583586311379,small_vehicle,7,304
1578938126297,large_vehicle,10,0
1584808866526,large_vehicle,6,194
1574029123879,small_vehicle,2,184
1579712398852,small_vehicle,7,217
1573764298930,large_vehicle,5,114
1567234021562,small_vehicle,2,281
1574907191548,small_vehicle,10,106
1582076306839,large_vehicle,7,18
1584781310033,small_vehicle,1,26
1576440317644,small_vehicle,9,291
1581603599304,small_vehicle,6,348
1574688803652,small_vehicle,7,195
1565270807222,large_vehicle,3,52
1585340649987,large_vehicle,2,163
1564692968607,large_vehicle,4,105
1576701448913,large_vehicle,10,332
1568180248028,small_vehicle,3,198
1572376750331,large_vehicle,0,128
1566080817477,small_vehicle,9,57
1574714720275,small_vehicle,9,182
1568735889794,small_vehicle,6,343
1576147359604,small_vehicle,4,6
1575265665867,small_vehicle,3,308
1567544791732,small_vehicle,5,51
1584926858707,large_vehicle,9,142
1585822870736,small_vehicle,1,166
1576260696489,large_vehicle,5,228
1567798981786,small_vehicle,5,144
1584098327424,large_vehicle,8,175
1568997941825,small_vehicle,1,246
1577592211719,small_vehicle,0,354
1572598771818,small_vehicle,6,265
1577795674105,large_vehicle,5,344
1575459232186,large_vehicle,4,60
1568052294105,small_vehicle,1,111
1581106012901,small_vehicle,10,196
1586274408807,large_vehicle,9,348
1585111069400,large_vehicle,4,141
1582424068912,small_vehicle,6,338
1566308430617,large_vehicle,10,263
1575449876437,large_vehicle,1,223
1583676037159,large_vehicle,10,167
1566777137891,large_vehicle,4,146
1568145080610,large_vehicle,2,59
1583091264962,small_vehicle,10,175
1570043229399,small_vehicle,3,228
1568969913834,small_vehicle,6,256
1568536884666,small_vehicle,1,19
1574328383001,small_vehicle,10,324
1578357606601,large_vehicle,6,147
1586056869699,large_vehicle,10,9
1579185440667,large_vehicle,10,342
1568583051526,large_vehicle,8,345
1583684446172,small_vehicle,4,165
1565798732349,large_vehicle,8,346
1568831837739,small_vehicle,8,20
1582814438309,large_vehicle,8,178
1579857475715,large_vehicle,1,350
1585251919145,large_vehicle,10,280
1578847781115,small_vehicle,9,125
1566080249456,small_vehicle,3,56
1575689446123,small_vehicle,3,159
1581931553654,large_vehicle,4,69
1580445613333,small_vehicle,6,67
1584644636186,large_vehicle,7,126
1566147130499,large_vehicle,2,193
1575102339882,small_vehicle,8,135
1570421454644,large_vehicle,2,3
1565795896993,small_vehicle,5,17
1579131001386,large_vehicle,4,128
1575034438475,small_vehicle,2,315
1567663923463,large_vehicle,6,160
1573868445242,small_vehicle,9,270
1564836510108,large_vehicle,0,35
1567060323302,small_vehicle,8,267
1581362869163,large_vehicle,2,1
1570109858315,small_vehicle,6,115
1571405758209,large_vehicle,4,324
1581808065512,small_vehicle,6,327
1582836221409,large_vehicle,5,221
1582497787385,small_vehicle,1,234
1579739546760,large_vehicle,2,226
1571552588837,large_vehicle,5,144
1579907126917,small_vehicle,4,349
1569223733829,large_vehicle,3,252
1573602765618,large_vehicle,3,254
1583037799611,large_vehicle,4,70
1583712460891,large_vehicle,0,253
1578332696881,large_vehicle,6,359
1572608053323,small_vehicle,5,310
1565943796909,large_vehicle,6,294
1581167683599,small_vehicle,7,333
1586463793402,small_vehicle,8,195
1567667391162,large_vehicle,5,4
1579526838186,large_vehicle,4,74
1569054989016,small_vehicle,2,80
1568476672599,large_vehicle,3,299
1571371083634,large_vehicle,10,319
1574717632597,large_vehicle,8,336
1584936931314,small_vehicle,2,1
1573451185994,small_vehicle,0,89
1566550113713,small_vehicle,4,174
1571828065975,large_vehicle,3,280
1581363836742,small_vehicle,2,148
1585910386340,small_vehicle,4,111
1583585125841,small_vehicle,10,169
1576228740303,small_vehicle,5,340
1583048488204,large_vehicle,0,318
1572264282267,large_vehicle,3,1
1584541025892,small_vehicle,3,22
1571612269477,large_vehicle,7,302
1568790511798,large_vehicle,6,102
1580962186785,small_vehicle,7,244
1580918892093,small_vehicle,0,197
1577308983480,large_vehicle,8,330
1582830194152,large_vehicle,2,127
1577292771237,large_vehicle,7,94
1568290837317,small_vehicle,10,47
1572706199266,large_vehicle,2,202
1575615229236,large_vehicle,0,160
1566552404376,small_vehicle,9,293
1569738570129,small_vehicle,7,219
1579530016929,small_vehicle,0,344
1580015878763,small_vehicle,7,268
1570632267109,large_vehicle,5,283
1582265597193,large_vehicle,1,142
1576588653843,small_vehicle,10,52
1583392653652,small_vehicle,3,62
1581009326989,large_vehicle,2,11
1565989004982,small_vehicle,1,117
1568115494878,small_vehicle,1,284
1573870916825,large_vehicle,10,355
1580591749485,small_vehicle,9,74
1584997363186,large_vehicle,10,190
1584630417984,small_vehicle,9,235
1565026599901,large_vehicle,8,96
1580599650337,small_vehicle,5,100
1579652076801,small_vehicle,9,84
1573331544350,small_vehicle,5,234
1568295274360,small_vehicle,7,317
1575576657441,large_vehicle,3,360
1564858666457,large_vehicle,7,157
1571982479567,large_vehicle,1,63
1574966694575,small_vehicle,1,324
1579518882531,large_vehicle,1,281
1576678696912,large_vehicle,0,37
1581961436608,large_vehicle,1,75
1574636696493,large_vehicle,5,70
1584979738085,large_vehicle,4,288
1576462902694,small_vehicle,8,227
1580966310267,small_vehicle,9,5
1565053642806,large_vehicle,1,262
1578155530801,large_vehicle,9,236
1576607092906,large_vehicle,6,326
1577913591320,small_vehicle,4,257
1585987748733,large_vehicle,4,65
1586136747947,small_vehicle,4,185
1568079449445,small_vehicle,10,183
1564731585146,large_vehicle,4,339
1572303207219,small_vehicle,5,114
1583309741285,small_vehicle,6,273
1576800844147,small_vehicle,8,81
1586553788013,small_vehicle,7,309
1582240837580,small_vehicle,1,324
1568942235144,small_vehicle,5,131
1584117439283,large_vehicle,3,349
1566692798005,large_vehicle,9,348
1568331724575,small_vehicle,8,99
1582503040104,small_vehicle,7,192
1572933998878,small_vehicle,1,284
1571214929242,large_vehicle,3,41
1579868740689,large_vehicle,1,2
1575652312263,small_vehicle,1,14
1567802722572,large_vehicle,7,236
1566497359428,large_vehicle,9,112
1570437930542,large_vehicle,7,143
1566829108602,small_vehicle,10,74
1578112030118,large_vehicle,6,288
1582409526943,small_vehicle,3,17
1585644908859,large_vehicle,8,169
1567989687884,small_vehicle,0,302
1573036885745,large_vehicle,4,117
1577096012720,large_vehicle,4,321
1574438347830,large_vehicle,0,283
1575055579421,large_vehicle,1,100
1586168148308,small_vehicle,4,160
1567429178539,small_vehicle,6,61
1582392809169,large_vehicle,5,38
1564825092686,small_vehicle,0,196
1571764581462,small_vehicle,9,287
1569938909203,small_vehicle,6,189
1585251111812,large_vehicle,9,307
1582544112918,large_vehicle,10,180
1579736980686,large_vehicle,9,136
1565368334224,small_vehicle,4,191
1581113441070,small_vehicle,2,57
1579082162674,small_vehicle,2,130
1566643320097,large_vehicle,2,307
1571503955015,small_vehicle,6,11
1584811323392,small_vehicle,8,90
1584242296213,small_vehicle,2,105
1578383537644,small_vehicle,4,318
1565617450622,small_vehicle,6,310
1573124610556,large_vehicle,0,56
1581748453518,small_vehicle,8,354
1582003381458,large_vehicle,1,354
1567599268903,large_vehicle,1,271
1584287230512,large_vehicle,2,105
1583660792866,small_vehicle,7,32
1569608782730,large_vehicle,8,152
1565000133223,large_vehicle,10,340
1573107615678,small_vehicle,8,203
1565160912612,large_vehicle,8,253
1577051382519,small_vehicle,2,330
1581021694179,large_vehicle,2,37
1581462537383,small_vehicle,3,279
1567010291446,small_vehicle,10,226
1584095432406,large_vehicle,5,228
1580679055132,small_vehicle,0,107
1574774667366,large_vehicle,1,63
1586570741836,small_vehicle,7,206
1578824966320,large_vehicle,4,346
1571891122437,small_vehicle,10,296
1573203227795,small_vehicle,5,13
1574800464911,large_vehicle,9,274
1585022907790,small_vehicle,3,337
1571328436698,large_vehicle,10,249
1567382033837,small_vehicle,9,118
1574754065486,large_vehicle,5,215
1585900368111,small_vehicle,10,232
1586323841150,large_vehicle,1,358
1565349903371,small_vehicle,3,179
1565735350562,large_vehicle,3,268
1584355104926,small_vehicle,6,277
1575908733314,small_vehicle,3,272
1581093823029,large_vehicle,7,261
1574537452361,large_vehicle,9,156
1582603352570,large_vehicle,7,19
1565959726287,small_vehicle,5,255
1575935649526,large_vehicle,7,182
1576404243227,large_vehicle,5,320
1575885499351,small_vehicle,1,73
1584596541970,large_vehicle,10,60
1568715422774,small_vehicle,10,71
1570190258993,small_vehicle,5,62
1567229888456,large_vehicle,3,148
1569467027071,large_vehicle,3,11
1576688127812,small_vehicle,3,129
1565078433549,small_vehicle,5,89
1570329699095,small_vehicle,7,329
1564984003382,large_vehicle,3,129
1583630066191,small_vehicle,1,273
1571510747606,small_vehicle,6,23
1571149066077,large_vehicle,4,302
1568399822798,large_vehicle,8,26
1579300674139,large_vehicle,9,178
1583967011559,small_vehicle,8,103
1572006432399,small_vehicle,3,135
1586296065842,small_vehicle,7,254
1568658563910,large_vehicle,2,57
1575470001498,large_vehicle,2,34
1565515157207,small_vehicle,3,246
1585130895703,small_vehicle,3,33
1574544971556,small_vehicle,5,10
1572037885502,large_vehicle,3,316
1576965807297,large_vehicle,3,140
1575058417862,large_vehicle,10,78
1570050824211,large_vehicle,0,225
1571161858761,small_vehicle,8,109
1575423654251,large_vehicle,4,194
1586386342848,small_vehicle,2,325
1568724581131,large_vehicle,10,221
1577167772410,large_vehicle,3,92
1572958154482,large_vehicle,1,85
1584354493768,small_vehicle,1,80
1579613520887,large_vehicle,2,238
1579222503309,large_vehicle,5,323
1565631048882,small_vehicle,2,293
1575372770146,large_vehicle,10,300
1583494410639,large_vehicle,6,336
1569503925643,large_vehicle,8,105
1576820157197,small_vehicle,2,258
1568012839172,large_vehicle,7,230
1565491522224,large_vehicle,0,43
1577667321155,large_vehicle,6,226
1580503573520,large_vehicle,0,308
1584255851209,small_vehicle,10,330
1571124800904,large_vehicle,1,130
1571460936593,small_vehicle,4,307
1578255051971,small_vehicle,2,106
1574183502502,small_vehicle,6,242
1566433408523,small_vehicle,6,350
1574813860854,small_vehicle,7,165
1580737798251,small_vehicle,3,262
1574450819094,large_vehicle,0,260
1566389265759,small_vehicle,2,303
1572070213656,small_vehicle,7,332
1571212521852,small_vehicle,4,128
1584741506420,small_vehicle,5,185
1568750882118,small_vehicle,1,159
1582655545015,large_vehicle,4,176
1580688406933,small_vehicle,1,338
1579258329553,large_vehicle,0,145
1583645334203,large_vehicle,3,62
1586219213227,large_vehicle,6,318
1581074459119,large_vehicle,10,155
1581138512528,small_vehicle,1,280
1567731155488,small_vehicle,3,131
1574183457423,small_vehicle,4,258
1572582575927,large_vehicle,2,107
1569068563104,small_vehicle,2,237
1569752466847,small_vehicle,7,270
1577697370785,small_vehicle,7,303
1579301806986,small_vehicle,0,55
1576541371995,large_vehicle,8,164
1585785484380,small_vehicle,10,165
1584265025867,large_vehicle,6,205
1577094775860,large_vehicle,5,89
1580829849804,large_vehicle,5,216
1567861726496,large_vehicle,10,309
1576259683509,small_vehicle,2,47
1584482168500,large_vehicle,8,231
1583673134021,large_vehicle,3,155
1582820037846,small_vehicle,8,356
1581024574362,large_vehicle,3,38
1565201431097,large_vehicle,4,124
1579552604650,large_vehicle,1,298
1573548197553,large_vehicle,7,94
1565286627695,small_vehicle,2,156
1578021039047,small_vehicle,10,95
1576144833957,large_vehicle,9,14
1571630844030,large_vehicle,9,251
1564704067685,small_vehicle,3,61
1564734228339,small_vehicle,5,51
1576755493114,large_vehicle,2,331
1570410107124,large_vehicle,9,117
