1575216671823,large_vehicle,8,260
1581597820034,large_vehicle,2,299
1569367891718,large_vehicle,6,330
1574300008172,large_vehicle,10,194
1577799529967,large_vehicle,4,137
1567138660140,small_vehicle,7,95
1568030758900,small_vehicle,9,87
1585895625820,small_vehicle,10,291
1580954870006,small_vehicle,0,7
1577484855025,large_vehicle,9,254
1576398007850,small_vehicle,9,282
1582476596451,large_vehicle,8,190
1572763903949,large_vehicle,7,214
1569759095538,small_vehicle,8,228
1577797918508,large_vehicle,4,117
1570589730278,small_vehicle,6,270
1581106135426,small_vehicle,1,287
1569300794025,small_vehicle,8,197
1565455295047,small_vehicle,9,276
1566325443710,large_vehicle,0,206
1568323091136,small_vehicle,10,63
1568455416546,large_vehicle,3,251
1573501907575,large_vehicle,0,169
1584032041472,large_vehicle,5,254
1568168010667,small_vehicle,2,83
1585008974783,large_vehicle,7,101
1569316056506,large_vehicle,0,71
1582092252330,small_vehicle,0,334
1571185024605,large_vehicle,2,282
1578387429758,small_vehicle,2,37
1565880488581,large_vehicle,9,65
1573655151118,small_vehicle,8,117
1567540431973,large_vehicle,10,222
1570015386936,small_vehicle,4,216
1586444921946,small_vehicle,2,290
1569295315912,small_vehicle,9,62
1578374856023,large_vehicle,8,300
1575746947481,small_vehicle,7,176
1567632796633,small_vehicle,9,159
1565123447320,large_vehicle,7,2
1574809795043,small_vehicle,4,297
1570562907609,small_vehicle,0,115
1568176228263,large_vehicle,1,12
1568873114773,large_vehicle,1,246
1585480600205,small_vehicle,10,347
1580382811155,large_vehicle,1,123
1581660503540,large_vehicle,7,171
1585561583368,large_vehicle,6,148
1583320465029,large_vehicle,7,355
1580503837591,small_vehicle,1,180
1584873549919,small_vehicle,0,284
1579170113467,large_vehicle,6,256
1574364777401,small_vehicle,3,121
1586706479027,large_vehicle,7,293
1580780219668,small_vehicle,4,178
1576823077386,large_vehicle,10,346
1578096279050,large_vehicle,5,330
1581213302046,small_vehicle,10,86
1572304285518,small_vehicle,0,218
1567182613418,small_vehicle,5,285
1585413572602,large_vehicle,5,229
1580771724195,small_vehicle,2,282
1575596577066,large_vehicle,9,123
1575666456048,large_vehicle,4,356
1578224661136,small_vehicle,4,206
1581038113611,small_vehicle,9,323
1586032641002,large_vehicle,5,130
1576852762490,large_vehicle,10,342
1564762619812,small_vehicle,1,123
1584141850794,small_vehicle,4,48
1566189113669,small_vehicle,2,236
1578327019465,small_vehicle,4,172
1584768768991,small_vehicle,8,137
1569300842720,small_vehicle,9,83
1581159969391,small_vehicle,3,56
1580221421350,small_vehicle,8,268
1576743983058,small_vehicle,6,281
1586030804903,large_vehicle,2,25
1579495322728,small_vehicle,9,212
1584229223787,large_vehicle,9,251
1566763487416,small_vehicle,9,147
1580719805528,large_vehicle,5,185
1582992588907,large_vehicle,7,313
1578124996751,large_vehicle,2,159
1564949977742,large_vehicle,8,225
1576589771137,large_vehicle,9,166
1582755046010,small_vehicle,2,187
1577060340734,large_vehicle,7,12
1579810645177,large_vehicle,10,209
1575779718725,large_vehicle,3,69
1580378874343,small_vehicle,1,279
1569772895362,small_vehicle,2,251
1568787121832,small_vehicle,2,188
1581219938379,small_vehicle,5,248
1565381974789,small_vehicle,8,314
1570185239235,small_vehicle,7,331
1575764086082,small_vehicle,6,255
1572057404979,small_vehicle,6,288
1572540150699,large_vehicle,4,287
1583737491771,large_vehicle,6,278
1581458598267,large_vehicle,5,316
1573823303714,large_vehicle,4,309
1578952549161,small_vehicle,4,168
1584282950463,small_vehicle,6,58
1578548725655,small_vehicle,4,124
1567613882970,large_vehicle,9,270
1582470404617,large_vehicle,0,275
1578200992875,small_vehicle,5,242
1581978733018,small_vehicle,5,154
1566387704276,small_vehicle,10,104
1568642849007,small_vehicle,3,27
1570213131949,small_vehicle,10,93
1584103298303,large_vehicle,3,62
1579210606940,large_vehicle,3,352
1577125915348,small_vehicle,2,357
1566871716156,small_vehicle,8,0
1578046592176,large_vehicle,10,347
1575029114864,small_vehicle,3,348
1577990701523,large_vehicle,3,307
1582615187115,small_vehicle,5,303
1573673697216,small_vehicle,4,217
1586521075904,large_vehicle,0,204
1566383568019,small_vehicle,10,301
1579940177784,small_vehicle,6,105
1575005426780,small_vehicle,10,180
1585600746531,small_vehicle,9,246
1585209229539,small_vehicle,4,198
1574003644051,small_vehicle,7,337
1572865468686,large_vehicle,4,213
1584228792794,large_vehicle,0,232
1575069294851,small_vehicle,6,121
1577347015711,small_vehicle,4,2
1584366179486,small_vehicle,6,192
1582361836002,small_vehicle,9,21
1585064814426,small_vehicle,1,169
1584369155692,large_vehicle,3,34
1584513128681,large_vehicle,2,127
1573713661933,large_vehicle,6,105
1567063851175,small_vehicle,5,149
1570618747648,large_vehicle,4,117
1569861284000,large_vehicle,7,46
1574552361042,small_vehicle,3,219
1580053323330,large_vehicle,10,160
1581994196047,small_vehicle,10,249
1585516847973,large_vehicle,4,182
1568234554306,large_vehicle,2,137
1567048595618,small_vehicle,1,96
1565344001273,large_vehicle,3,51
1575486835037,large_vehicle,3,210
1566089190388,small_vehicle,10,56
1565278084322,large_vehicle,7,239
1575262824913,small_vehicle,7,108
1574166350566,large_vehicle,0,343
1579579403722,large_vehicle,4,47
1572689485888,small_vehicle,4,265
1584764098189,small_vehicle,0,359
1580898530267,large_vehicle,7,297
1584550943449,small_vehicle,2,91
1572215141646,large_vehicle,9,228
1586131957956,small_vehicle,2,241
1571694247601,small_vehicle,9,351
1579553665133,large_vehicle,5,63
1579650978238,large_vehicle,8,318
1582813350758,small_vehicle,8,13
1585441736699,small_vehicle,9,248
1567508198069,large_vehicle,10,35
1586294620215,large_vehicle,7,62
1565184486056,small_vehicle,4,142
1572401274907,small_vehicle,10,98
1579362357891,large_vehicle,1,204
1569345719436,small_vehicle,6,87
1577078300202,small_vehicle,2,28
1582375023708,large_vehicle,9,292
1582383216832,large_vehicle,1,269
1564913386018,small_vehicle,5,312
1573135168214,small_vehicle,7,92
1586632893608,small_vehicle,3,178
1574347387811,small_vehicle,7,5
1576793253936,small_vehicle,6,186
1567844344235,small_vehicle,6,106
1573166779712,large_vehicle,7,256
1578122912840,large_vehicle,4,13
1583354320091,large_vehicle,7,220
1578307385854,large_vehicle,4,135
1571377666862,small_vehicle,9,146
1579913679998,small_vehicle,8,102
1565539122880,small_vehicle,6,192
1582587108018,large_vehicle,7,314
1570875579668,small_vehicle,8,191
1573744709596,small_vehicle,2,97
1584066101305,small_vehicle,8,226
1569968347661,large_vehicle,1,74
1582162389430,small_vehicle,6,309
1566060142630,large_vehicle,9,93
1580499681460,large_vehicle,6,7
1574434578778,small_vehicle,9,228
1575341928377,small_vehicle,10,131
1569897372334,small_vehicle,7,325
1571624861801,large_vehicle,3,297
1583056612662,large_vehicle,2,349
1564658991138,small_vehicle,5,298
1576662030288,large_vehicle,0,130
1577051191571,small_vehicle,4,307
1568559449819,small_vehicle,3,223
1577742826502,small_vehicle,5,69
1573820836658,small_vehicle,6,287
1578431724602,small_vehicle,7,258
1577378610235,large_vehicle,7,78
1577500567806,large_vehicle,4,8
1583906804999,large_vehicle,8,152
1577732263851,large_vehicle,6,102
1578526664627,large_vehicle,4,86
1571271438755,large_vehicle,9,260
1584594133516,large_vehicle,6,203
1573031813533,small_vehicle,0,278
1569103055903,large_vehicle,6,5
1573614613167,small_vehicle,9,58
1567282836793,large_vehicle,6,202
1582007744803,small_vehicle,0,173
1577726623021,small_vehicle,3,154
1575564323148,large_vehicle,4,306
1583936622061,small_vehicle,1,118
1580448872232,small_vehicle,6,138
1583655036074,small_vehicle,8,176
1569440911274,large_vehicle,9,123
1586721970885,small_vehicle,0,146
1565200338864,small_vehicle,6,55
1574374643919,large_vehicle,3,73
1580926258091,large_vehicle,1,125
1581319084714,large_vehicle,6,281
1570830797960,large_vehicle,8,5
1581897191435,small_vehicle,8,63
1585983425252,large_vehicle,8,180
1584711996020,small_vehicle,8,188
1573405454520,small_vehicle,5,329
1581565071807,large_vehicle,5,238
1570039424514,small_vehicle,2,255
1580120388559,large_vehicle,1,28
1585291595960,large_vehicle,8,328
1577379384805,large_vehicle,10,302
1565008587914,small_vehicle,7,253
1567170907917,large_vehicle,9,40
1568606173311,large_vehicle,0,260
1581610433310,small_vehicle,0,291
1574986712824,large_vehicle,9,303
1576113592008,small_vehicle,1,89
1576198921579,large_vehicle,4,295
1569960113217,large_vehicle,6,244
1566981482983,large_vehicle,5,239
1586705596588,small_vehicle,9,279
1568572462159,small_vehicle,7,280
1572146689044,large_vehicle,5,305
1581287454343,small_vehicle,6,301
1570618994670,small_vehicle,6,172
1579134779494,small_vehicle,0,302
1574606826562,large_vehicle,6,142
1586329960898,small_vehicle,1,83
1571928066070,large_vehicle,6,48
1583868031453,large_vehicle,10,202
1575283776528,small_vehicle,2,0
1570547109251,small_vehicle,2,268
1567475313715,small_vehicle,1,328
1569682581762,small_vehicle,1,245
1577983859878,small_vehicle,0,27
1565370570468,large_vehicle,4,354
1567728894979,large_vehicle,10,49
1569007158067,large_vehicle,1,277
1573950399348,large_vehicle,5,331
1574906886937,small_vehicle,2,60
1566996635755,large_vehicle,3,98
1565070699435,large_vehicle,10,337
1566725551905,large_vehicle,7,265
1564801786259,small_vehicle,5,82
1582582217973,small_vehicle,5,98
1586461726568,small_vehicle,2,182
1583344999820,small_vehicle,9,284
1582078705364,small_vehicle,4,304
1573741123893,large_vehicle,1,340
1567384340488,small_vehicle,1,159
1576182597887,small_vehicle,7,228
1573902405946,small_vehicle,8,319
1576633344812,small_vehicle,10,171
1572980675539,small_vehicle,5,233
1566371852411,large_vehicle,7,69
1568281907711,small_vehicle,9,160
1586119729461,large_vehicle,8,284
1579181086097,large_vehicle,8,125
1566911074939,large_vehicle,9,81
1570518880932,small_vehicle,2,323
1576741221674,small_vehicle,0,104
1565714679913,small_vehicle,0,247
1586302295597,small_vehicle,4,205
1573124488381,small_vehicle,8,18
1566208912221,small_vehicle,0,50
1583675717342,small_vehicle,4,259
1582747451604,large_vehicle,10,48
1583003832816,small_vehicle,1,290
1579167232090,large_vehicle,4,66
1579175155934,large_vehicle,0,219
1571576006586,large_vehicle,1,252
1571309288468,large_vehicle,6,265
1583349405328,large_vehicle,1,174
1577478160311,large_vehicle,8,279
1574515043766,small_vehicle,5,49
1566261014884,small_vehicle,0,274
1580664469452,large_vehicle,10,33
1586123610607,large_vehicle,4,38
1579329662419,large_vehicle,3,22
1566123537089,small_vehicle,7,292
1574189303348,large_vehicle,6,145
1573217480377,small_vehicle,0,202
1572615398419,small_vehicle,5,330
1569372259784,small_vehicle,9,120
1578116115622,small_vehicle,5,153
1579730899639,large_vehicle,9,25
1574701769449,large_vehicle,3,148
1584440109682,large_vehicle,8,272
1582222421276,large_vehicle,9,107
1579933031086,small_vehicle,6,48
1580174981638,small_vehicle,5,279
1565962594788,small_vehicle,10,160
1582960583054,large_vehicle,9,232
1574913211036,large_vehicle,8,65
1585488803194,large_vehicle,1,32
1586531439819,large_vehicle,7,96
1572678651179,small_vehicle,5,165
1576981830150,small_vehicle,5,143
1585718793164,large_vehicle,6,2
1576497730223,large_vehicle,1,124
1579181470836,large_vehicle,10,176
1572814961687,small_vehicle,7,277
1576954585368,large_vehicle,3,124
1572131299087,large_vehicle,1,226
1577783354976,small_vehicle,5,266
1566184940699,small_vehicle,2,306
1571768352799,large_vehicle,3,336
1579610613277,large_vehicle,7,305
1583849606650,small_vehicle,3,103
1575969976993,large_vehicle,10,232
1574895023051,large_vehicle,1,69
1578837094873,small_vehicle,1,341
1566023073746,large_vehicle,0,130
1570278281015,small_vehicle,3,271
1569606152675,small_vehicle,6,340
1568040275895,large_vehicle,5,166
1582282453592,large_vehicle,10,90
1574228438209,large_vehicle,1,207
1576344280579,large_vehicle,10,36
1576906668453,small_vehicle,5,83
1581773850672,small_vehicle,2,255
1575133164471,large_vehicle,5,128
1586261319021,small_vehicle,7,14
1575322171540,small_vehicle,4,123
1573943452248,large_vehicle,0,342
1576430956038,large_vehicle,5,49
1571950012463,large_vehicle,4,118
1575700782329,large_vehicle,5,245
1573901833009,small_vehicle,9,86
1578098946146,small_vehicle,5,274
1575091836784,small_vehicle,6,312
1585839747238,large_vehicle,8,356
1580654290142,small_vehicle,9,189
1582557997064,small_vehicle,1,56
1585705504721,large_vehicle,3,19
1572359492566,small_vehicle,4,224
1574681049771,large_vehicle,9,274
1576311377179,small_vehicle,8,337
1584864290390,large_vehicle,4,328
1568069013751,small_vehicle,10,14
1584659250031,small_vehicle,8,133
1572759626210,small_vehicle,0,319
1569133082228,small_vehicle,2,154
1582770315979,large_vehicle,8,272
1576214548391,large_vehicle,0,307
1577598387998,small_vehicle,0,146
1585453893491,large_vehicle,0,237
1578456011048,small_vehicle,4,224
1564743098582,small_vehicle,8,288
1583696946239,large_vehicle,0,246
1585661000732,small_vehicle,8,18
1573769295543,small_vehicle,4,181
1569790091982,small_vehicle,5,323
1578078199216,large_vehicle,10,137
1575224052550,small_vehicle,7,287
1580594091467,small_vehicle,10,323
1578076143758,small_vehicle,10,310
1572359694684,large_vehicle,6,229
1579860281513,large_vehicle,6,16
1583590322058,small_vehicle,2,347
1566736487652,large_vehicle,7,136
1578927072538,small_vehicle,8,156
1568740478917,small_vehicle,1,211
1567887275001,small_vehicle,10,314
1577583206780,large_vehicle,0,156
1570452315787,small_vehicle,10,344
1567470108267,large_vehicle,8,263
1567570004429,large_vehicle,0,268
1577366951368,large_vehicle,4,294
1583801897050,small_vehicle,0,148
1583336985934,large_vehicle,6,355
1567179527952,large_vehicle,6,49
1579406577716,small_vehicle,9,354
1583031249273,small_vehicle,4,187
1583465782961,large_vehicle,8,101
1577109892061,large_vehicle,3,244
1568594245196,small_vehicle,6,354
1565384325392,small_vehicle,1,194
1574146002448,large_vehicle,5,321
1575872085551,small_vehicle,0,281
1578006418270,small_vehicle,3,162
1574593104802,small_vehicle,9,31
1574140148621,large_vehicle,7,203
1573943836757,small_vehicle,9,21
1572594781756,large_vehicle,2,263
1570441323337,small_vehicle,7,352
1582815359246,large_vehicle,8,120
1580927753467,large_vehicle,2,243
1586175150282,small_vehicle,3,38
1579874061776,small_vehicle,2,228
1585979174383,small_vehicle,4,345
1574833180457,large_vehicle,1,324
1565394696956,large_vehicle,10,181
1576009700908,large_vehicle,8,250
1583480354766,large_vehicle,6,237
1583951203371,small_vehicle,10,353
1568504313799,large_vehicle,8,197
1572440603053,small_vehicle,6,96
1564987864507,large_vehicle,2,266
1585305522740,large_vehicle,3,267
1564885965282,large_vehicle,4,99
1575212471238,large_vehicle,4,360
1581978695331,large_vehicle,4,277
1581736964247,large_vehicle,4,175
1585989151510,large_vehicle,5,217
1571201222005,large_vehicle,8,353
1583970841741,small_vehicle,8,211
1578797916944,small_vehicle,6,276
1585955422401,small_vehicle,8,244
1586371708879,large_vehicle,5,335
1582263382941,small_vehicle,3,250
1582447950649,small_vehicle,7,85
1567957127058,small_vehicle,6,8
1567485617155,small_vehicle,4,356
1568422167151,small_vehicle,3,311
1576920492464,large_vehicle,5,29
1573498284579,large_vehicle,7,308
1570808525493,small_vehicle,2,341
1572343794840,large_vehicle,2,216
1585607773648,small_vehicle,9,236
1583061091037,small_vehicle,0,30
1575712283529,small_vehicle,5,114
1580377530333,small_vehicle,1,232
1568055089519,large_vehicle,2,309
1575223142069,large_vehicle,6,85
1582894255790,large_vehicle,3,288
1578045639348,small_vehicle,1,21
1570258145682,small_vehicle,5,240
1572005651394,small_vehicle,2,297
1575761780377,large_vehicle,2,340
1579238701684,large_vehicle,8,168
1586572070598,large_vehicle,2,3
1569234620124,large_vehicle,0,314
1576025579126,large_vehicle,1,258
1568262827063,small_vehicle,2,313
1569954923888,small_vehicle,2,36
1575834239609,large_vehicle,5,40
1573505433444,large_vehicle,4,85
1571667078360,small_vehicle,2,299
1577940137643,small_vehicle,7,224
1581120550990,small_vehicle,10,302
1583531737020,small_vehicle,3,192
1582250866204,small_vehicle,4,272
1581290617185,large_vehicle,5,302
1569724856489,large_vehicle,0,69
1566234037188,large_vehicle,3,335
1581448951829,small_vehicle,0,111
1573994091987,small_vehicle,1,160
1571756188615,large_vehicle,8,249
1572038382809,small_vehicle,1,325
1577033676217,large_vehicle,1,46
1565929909724,small_vehicle,3,205
1573731675750,small_vehicle,2,319
1579194115604,large_vehicle,2,47
1578833319906,large_vehicle,5,342
1583737199645,large_vehicle,2,273
1565316781170,small_vehicle,2,274
1585583529047,small_vehicle,9,91
1564951666253,small_vehicle,8,50
1574627989384,large_vehicle,8,89
1574749840515,large_vehicle,3,310
1567773334456,small_vehicle,3,139
1566365495298,large_vehicle,8,56
1565025347761,small_vehicle,6,177
1584104389750,large_vehicle,9,313
1574274787602,large_vehicle,8,11
1584914114406,large_vehicle,10,335
1585916278818,large_vehicle,9,130
1573447383549,large_vehicle,2,223
1564978682535,large_vehicle,7,240
1568547961233,large_vehicle,6,24
1567035757757,small_vehicle,1,158
1586674406720,small_vehicle,5,287
1568770716310,small_vehicle,7,228
1580424416581,small_vehicle,5,234
1580144129704,large_vehicle,3,128
1570641174342,small_vehicle,5,243
1568233895279,small_vehicle,7,139
1577821577376,small_vehicle,7,269
1576893648045,small_vehicle,4,186
1581188946785,large_vehicle,2,45
1577171945891,small_vehicle,9,251
1571648623340,large_vehicle,9,150
1583165255107,large_vehicle,10,4
1569578976654,small_vehicle,0,347
1574366826999,large_vehicle,5,116
1565970589098,large_vehicle,0,282
1572729185098,small_vehicle,5,218
1584626351073,small_vehicle,10,339
1574693830625,small_vehicle,3,261
1572055924605,small_vehicle,8,155
1566250004257,small_vehicle,4,305
1570738686621,small_vehicle,9,18
1576444728167,large_vehicle,5,315
1573401009491,large_vehicle,10,80
1575809114622,large_vehicle,8,47
1571464551619,large_vehicle,8,231
1584726599154,large_vehicle,6,292
1566747685984,small_vehicle,4,175
1575812596033,large_vehicle,1,299
1569285516611,small_vehicle,1,295
1584110476524,large_vehicle,1,98
1577319674936,small_vehicle,9,215
1582702150751,large_vehicle,8,85
1578011575824,small_vehicle,7,254
1578118657020,small_vehicle,0,44
1581540508207,small_vehicle,6,200
1581667958543,small_vehicle,1,83
1583656934273,large_vehicle,4,206
1577495863534,small_vehicle,8,113
1564810275926,large_vehicle,5,248
1571305925599,small_vehicle,6,157
1568163379950,large_vehicle,0,133
1579686435939,large_vehicle,5,321
1582139307730,large_vehicle,2,33
1576803169090,large_vehicle,1,217
1564779173173,large_vehicle,2,43
1574013619964,small_vehicle,4,336
1569718364182,small_vehicle,3,185
1577589470852,large_vehicle,0,266
1583239350450,large_vehicle,9,191
1565189335302,large_vehicle,1,161
1586452373079,small_vehicle,5,81
1575836543726,small_vehicle,6,5
1581705536371,large_vehicle,10,93
1569957378768,large_vehicle,2,69
1574367916911,large_vehicle,1,303
1570769481756,large_vehicle,2,48
1581466215420,small_vehicle,1,17
1569924235322,small_vehicle,1,0
1573890713750,large_vehicle,0,11
1576816612112,large_vehicle,7,348
1569426097301,large_vehicle,3,232
1574351900481,large_vehicle,8,254
1569846947060,small_vehicle,0,83
1567068315168,large_vehicle,5,181
1569780346286,large_vehicle,10,264
1580423767919,small_vehicle,10,175
1571283898623,small_vehicle,0,86
1565532845802,small_vehicle,0,262
1584618516338,small_vehicle,8,254
1576551776351,small_vehicle,4,348
1575744278985,large_vehicle,0,30
1586254662183,large_vehicle,8,326
1573747992801,large_vehicle,4,186
1569940740276,small_vehicle,7,306
1582900118924,small_vehicle,3,314
1581981950087,large_vehicle,0,281
1573026018922,large_vehicle,3,122
1578030448475,large_vehicle,10,317
1577458861060,large_vehicle,7,60
1584754292892,small_vehicle,9,201
1574813988721,large_vehicle,1,336
1586616140140,small_vehicle,5,85
1586592729998,large_vehicle,7,176
1574483604930,small_vehicle,8,255
1571551553911,large_vehicle,2,245
1568925176215,small_vehicle,1,96
1573235665953,small_vehicle,5,228
1583228752682,small_vehicle,10,217
1584733946281,small_vehicle,2,130
1574185854134,small_vehicle,2,30
1575083131993,large_vehicle,10,144
1565791870654,large_vehicle,1,47
1577987243789,large_vehicle,2,110
1569366672117,large_vehicle,8,102
1566846280161,small_vehicle,10,219
1573596596523,large_vehicle,7,221
1566345161260,small_vehicle,7,96
1571946696645,large_vehicle,4,273
1574130273528,small_vehicle,1,266
1569772944180,large_vehicle,3,195
1577058113646,large_vehicle,2,185
1576909655555,small_vehicle,0,351
1575027454169,large_vehicle,5,328
1580479834655,small_vehicle,3,109
1568910825668,small_vehicle,6,180
1574742418404,large_vehicle,1,101
1571132790328,small_vehicle,5,76
1567461004382,small_vehicle,2,7
1583726749464,large_vehicle,6,249
1579631012665,small_vehicle,5,274
1571605713763,large_vehicle,10,182
1573970235087,small_vehicle,1,325
1584991752425,small_vehicle,3,253
1575599567226,large_vehicle,9,342
1584969805472,small_vehicle,7,50
1569829650789,large_vehicle,1,223
1565896907737,small_vehicle,4,257
1578012942419,large_vehicle,7,326
1575926317506,small_vehicle,5,31
1566575441745,small_vehicle,4,275
1580992786693,large_vehicle,0,155
1582845130535,large_vehicle,3,100
1575123847198,small_vehicle,7,295
1566221783795,small_vehicle,2,220
1573376469445,large_vehicle,6,342
1570253690570,small_vehicle,4,136
1573922138971,small_vehicle,1,234
1569390776246,small_vehicle,2,299
1567604619646,small_vehicle,4,134
1578503981775,small_vehicle,6,51
1585753017664,large_vehicle,5,233
1565219624379,large_vehicle,10,85
1574378161211,large_vehicle,8,117
1569978549202,large_vehicle,1,341
1581887852720,large_vehicle,9,51
1565625571366,large_vehicle,10,95
1585103232243,small_vehicle,0,69
1585617389423,small_vehicle,2,326
1567323460626,large_vehicle,1,228
1574689885134,small_vehicle,3,6
1566710174245,large_vehicle,2,234
1573337475893,small_vehicle,1,262
1586339990429,large_vehicle,2,121
1578891118456,small_vehicle,6,189
1570874250120,small_vehicle,8,260
1570582825473,large_vehicle,1,264
1585342212098,large_vehicle,8,135
1564950793376,small_vehicle,4,191
1565252663985,large_vehicle,8,55
1579239951850,large_vehicle,6,202
1565703771534,small_vehicle,1,209
1577502188328,small_vehicle,8,31
1583556299257,small_vehicle,7,238
1567579238556,large_vehicle,9,42
1578031395505,large_vehicle,7,246
1584081646079,small_vehicle,7,76
1584493006222,large_vehicle,7,73
1577689439337,small_vehicle,0,170
1582448108589,small_vehicle,8,158
1565061488225,large_vehicle,5,63
1578584418262,small_vehicle,4,33
1567511402986,large_vehicle,10,11
1567542738595,small_vehicle,7,135
1572198073057,small_vehicle,3,226
1581466446628,large_vehicle,0,254
1576432627865,small_vehicle,6,38
1575389748866,small_vehicle,5,162
1581473714161,large_vehicle,6,170
1570257990325,small_vehicle,4,238
1584699455319,large_vehicle,8,10
1572048294250,large_vehicle,4,38
1565407058089,small_vehicle,5,284
1574982328415,large_vehicle,10,320
1576667414643,large_vehicle,8,156
1565417274795,large_vehicle,7,324
1566253314810,large_vehicle,7,298
1582549620407,large_vehicle,1,347
1570594771976,small_vehicle,2,51
1581316812512,large_vehicle,2,140
1576255936093,large_vehicle,3,61
1568699957052,small_vehicle,10,60
1571100124433,small_vehicle,6,3
1567971805429,large_vehicle,9,257
1575035575732,large_vehicle,7,319
1569106771957,small_vehicle,1,144
1582623057370,small_vehicle,5,252
1572574509791,large_vehicle,8,337
1577371525929,small_vehicle,5,291
1582783952693,small_vehicle,6,242
1564678960375,large_vehicle,7,267
1579251004837,small_vehicle,6,355
1571559318328,small_vehicle,7,268
1584864889746,small_vehicle,0,114
1579167420989,small_vehicle,5,334
1571752754002,small_vehicle,10,48
1581522455060,small_vehicle,4,286
1579202907685,large_vehicle,8,55
1583321921655,small_vehicle,0,133
1573686707890,small_vehicle,5,314
1582939730478,large_vehicle,1,171
1580937630332,large_vehicle,0,2
1574881823260,small_vehicle,4,268
1583314308707,large_vehicle,8,320
1569018080179,small_vehicle,2,163
1585104139783,large_vehicle,4,152
1572759916566,small_vehicle,10,63
1578049336292,large_vehicle,1,19
1585884542327,small_vehicle,3,235
1584067783943,large_vehicle,4,220
1578638827246,large_vehicle,1,135
1575123219891,large_vehicle,4,128
1574220749605,large_vehicle,0,270
1570777282754,large_vehicle,8,332
1580655784675,small_vehicle,9,308
1566353675700,small_vehicle,6,100
1571864618205,large_vehicle,2,269
1582402546650,large_vehicle,8,100
1583581928776,large_vehicle,7,182
1566963018426,small_vehicle,3,127
1576313062831,small_vehicle,9,310
1574993844815,small_vehicle,1,325
1572438706077,large_vehicle,0,47
1566817723406,small_vehicle,10,341
1575846371869,large_vehicle,5,175
1566317952216,small_vehicle,2,245
1585590167412,large_vehicle,7,325
1571651141510,large_vehicle,0,175
1581982905719,small_vehicle,1,154
1580707909059,large_vehicle,5,210
1566850133283,large_vehicle,10,340
1572939866380,large_vehicle,1,293
1581021356750,large_vehicle,8,255
1567981970587,small_vehicle,7,224
1582164423176,large_vehicle,0,40
1571292384279,small_vehicle,6,333
1567900847321,large_vehicle,0,83
1572669052490,small_vehicle,1,340
1576114911162,large_vehicle,10,121
1574148525361,large_vehicle,6,140
1583172433510,small_vehicle,1,56
1577794748601,large_vehicle,2,339
1574056962982,small_vehicle,7,328
1584496270052,large_vehicle,0,4
1567800736275,large_vehicle,6,202
1583725296416,small_vehicle,1,276
1569653584427,small_vehicle,10,228
1574655057962,large_vehicle,2,313
1571767821518,small_vehicle,10,61
1572821029137,large_vehicle,7,291
1579493776272,large_vehicle,4,22
1583243353986,large_vehicle,5,259
1569014634819,small_vehicle,3,104
1567977753478,small_vehicle,7,298
1571893468183,large_vehicle,10,193
1572402203808,large_vehicle,4,255
1579393969736,large_vehicle,0,133
1582938917709,small_vehicle,7,20
1565903019825,small_vehicle,3,134
1583676251643,small_vehicle,7,246
1579319865258,small_vehicle,6,195
1585264326733,small_vehicle,2,205
1565497859147,large_vehicle,2,281
1576868850976,large_vehicle,8,119
1580839535416,large_vehicle,4,273
1573139061562,small_vehicle,9,171
1580343255396,large_vehicle,8,111
1583082380614,large_vehicle,9,191
1579676903043,small_vehicle,6,280
1569402495498,large_vehicle,2,234
1573505448195,large_vehicle,10,4
1572454695311,large_vehicle,5,194
1571026737184,large_vehicle,6,145
1573611440429,large_vehicle,6,203
1586502078121,large_vehicle,3,70
1569560925779,small_vehicle,8,253
1570171948399,large_vehicle,9,271
1566735308672,small_vehicle,10,305
1581630810186,large_vehicle,2,270
1578161972734,large_vehicle,10,157
1585512182343,small_vehicle,6,80
1579088099124,small_vehicle,1,99
1577239375469,small_vehicle,4,101
1585188913350,large_vehicle,5,205
1582941576435,small_vehicle,9,185
1565500105393,small_vehicle,5,283
1573113060888,large_vehicle,3,333
1572477732983,large_vehicle,1,288
1577118260055,small_vehicle,8,99
1579450468521,small_vehicle,4,53
1579902460610,large_vehicle,4,56
1574345562587,large_vehicle,4,168
1564719626408,small_vehicle,8,286
1572112692387,large_vehicle,6,66
1572269116833,large_vehicle,7,258
1571575323819,small_vehicle,7,28
1571906565426,small_vehicle,9,50
1567467214307,small_vehicle,7,324
1570385553376,small_vehicle,8,206
1568822960527,small_vehicle,6,289
1565184407611,large_vehicle,5,317
1583548343020,large_vehicle,1,352
1585996002196,small_vehicle,2,118
1573767914376,large_vehicle,9,304
1580474794969,large_vehicle,3,336
1568210043872,small_vehicle,3,237
1564662072938,large_vehicle,2,238
1576325867043,large_vehicle,4,68
1569729962272,small_vehicle,5,12
1571015418231,small_vehicle,2,314
1581423396225,small_vehicle,3,232
1578223002922,large_vehicle,5,133
1571563884628,large_vehicle,6,326
1572790284368,small_vehicle,2,36
1584975519517,small_vehicle,10,186
1572544044913,large_vehicle,8,296
1574383885986,large_vehicle,8,98
1576770558927,large_vehicle,3,257
1564874109953,small_vehicle,4,28
1569515596738,large_vehicle,5,90
1570483549137,large_vehicle,9,307
1578480414802,small_vehicle,6,346
1574297797412,large_vehicle,8,104
1579560309920,large_vehicle,0,145
1575031815996,large_vehicle,10,180
1564826155431,small_vehicle,10,78
1585728762472,small_vehicle,1,57
1572586814675,large_vehicle,10,68
1568197265611,large_vehicle,3,281
1574855648216,large_vehicle,6,245
1580017367381,large_vehicle,6,197
1576822935682,large_vehicle,0,280
1579020195421,large_vehicle,5,151
1566982745367,small_vehicle,8,291
1582746882227,small_vehicle,7,213
1572133996689,large_vehicle,9,278
1578002179475,large_vehicle,0,205
1565514460511,small_vehicle,8,178
1571344651429,large_vehicle,8,343
1584638216592,small_vehicle,0,40
1586632538947,large_vehicle,2,67
1574432426868,large_vehicle,9,344
1569320119796,large_vehicle,4,54
1582755089845,large_vehicle,9,6
1584227502603,small_vehicle,3,203
1574231898785,large_vehicle,1,172
1573008040114,large_vehicle,0,21
1584928963778,large_vehicle,1,191
1575133221651,large_vehicle,4,77
1577854133431,large_vehicle,7,4
1575516833923,large_vehicle,5,39
1586569182141,large_vehicle,0,226
1581585569022,large_vehicle,7,256
1577484217450,small_vehicle,1,215
1586295217960,small_vehicle,10,251
1575106063868,large_vehicle,5,313
1576353139412,large_vehicle,1,148
1568018820262,large_vehicle,1,162
1583722092137,small_vehicle,10,37
1569113571539,large_vehicle,2,30
1577874701198,large_vehicle,10,324
1577491414835,large_vehicle,0,245
1583537635253,small_vehicle,3,124
1582563345854,large_vehicle,4,223
1577137796839,small_vehicle,10,154
1566401419677,small_vehicle,0,267
1571861067803,large_vehicle,4,219
1569716347210,small_vehicle,6,4
1577461929400,small_vehicle,7,280
1582038933538,large_vehicle,10,279
1583964530723,large_vehicle,7,84
1568553094247,large_vehicle,0,1
1575503081727,large_vehicle,6,77
1576335555788,small_vehicle,2,93
1580555831125,small_vehicle,7,120
1575910413782,small_vehicle,6,113
1581911748219,large_vehicle,9,154
1579927109000,small_vehicle,7,67
1582665657365,large_vehicle,6,226
1579507970246,small_vehicle,9,141
1584247906105,large_vehicle,2,276
1574733514055,large_vehicle,3,133
1579916868399,large_vehicle,7,70
1570951620822,large_vehicle,7,134
1570426371155,small_vehicle,7,344
1574655781343,small_vehicle,6,37
1569789154351,large_vehicle,9,252
1567976556050,large_vehicle,0,18
1571417856886,large_vehicle,9,348
1586625305107,large_vehicle,10,332
1567106373147,large_vehicle,5,71
1577927976772,small_vehicle,3,152
1580507878440,large_vehicle,0,162
1568269863162,large_vehicle,8,33
1579974183872,large_vehicle,6,322
1584212234382,large_vehicle,2,86
1582226809675,large_vehicle,8,191
1578227663481,small_vehicle,0,277
1572015363165,small_vehicle,6,146
1576427377348,large_vehicle,5,193
1574354770649,large_vehicle,7,234
1567317821823,large_vehicle,7,123
1578266945159,large_vehicle,3,291
1576869505482,small_vehicle,10,91
1577753644387,large_vehicle,5,89
1577375910588,small_vehicle,1,109
1584992128485,large_vehicle,8,105
1582160084983,large_vehicle,4,18
1566811806113,large_vehicle,5,308
1565809516536,small_vehicle,8,145
1583113210396,small_vehicle,2,7
1578964031453,large_vehicle,0,187
1575058147947,large_vehicle,9,290
1579157681219,large_vehicle,0,120
1573718809733,large_vehicle,9,146
1581433058178,large_vehicle,0,341
1568762503567,large_vehicle,4,314
1566607370443,large_vehicle,8,104
1570165285659,large_vehicle,7,37
1574472080352,large_vehicle,8,194
1580066433518,small_vehicle,9,155
1584559067234,small_vehicle,10,22
1580348345706,small_vehicle,9,153
1578192726411,large_vehicle,10,23
1583602973055,small_vehicle,9,132
1582546559194,small_vehicle,4,357
1576492408774,large_vehicle,5,67
1579814653002,large_vehicle,9,331
1566678815914,small_vehicle,7,106
1572702389002,large_vehicle,6,123
1578384564164,small_vehicle,8,255
1566113637630,large_vehicle,8,333
1571082979671,small_vehicle,10,80
1585286870718,large_vehicle,1,354
1574446532979,large_vehicle,1,141
1573095965577,large_vehicle,7,250
1586609883785,large_vehicle,2,311
1581270701778,small_vehicle,0,124
1571067299498,large_vehicle,7,151
1581177582890,large_vehicle,9,304
1569432619369,small_vehicle,0,14
1583422156551,small_vehicle,3,314
1572842196456,large_vehicle,9,310
1565071289314,large_vehicle,3,20
1567633728840,small_vehicle,4,343
1578148241677,large_vehicle,2,127
1574755107521,small_vehicle,5,132
1570781470510,small_vehicle,9,13
1567007902726,small_vehicle,9,29
1567334860846,large_vehicle,0,293
1574133267888,small_vehicle,9,170
1571022624040,large_vehicle,0,117
1566028291180,large_vehicle,10,26
1573885906346,large_vehicle,10,182
1576160446389,large_vehicle,1,219
1573036971386,large_vehicle,3,293
1573693127167,small_vehicle,7,291
1573796326594,small_vehicle,4,245
1575482307052,large_vehicle,1,45
1584247983501,small_vehicle,2,139
1582841036064,large_vehicle,2,173
1577546398829,large_vehicle,6,44
1577397861324,large_vehicle,10,178
1578853550046,large_vehicle,5,272
1583564940730,large_vehicle,2,136
1564918350570,small_vehicle,5,25
1572063013608,small_vehicle,0,199
1570675411372,small_vehicle,3,307
1577767643905,small_vehicle,3,35
1570362812964,large_vehicle,3,187
1583084828915,small_vehicle,3,112
1572220449438,large_vehicle,6,179
1584368470242,small_vehicle,3,258
1572801837980,large_vehicle,8,237
1572506504171,large_vehicle,7,360
1581265272253,small_vehicle,7,307
1585524459177,large_vehicle,5,178
1568040363398,small_vehicle,7,360
1582539666308,small_vehicle,9,189
1569224722777,small_vehicle,7,304
1569900216211,large_vehicle,8,68
1584860753411,large_vehicle,1,308
1581987552297,large_vehicle,2,44
1568189861170,large_vehicle,2,115
1578637976228,large_vehicle,5,178
1585598887026,large_vehicle,8,240
1572184901391,small_vehicle,9,284
1571881624203,large_vehicle,10,196
1577954889792,small_vehicle,2,174
1575353172466,small_vehicle,2,57
1585932734319,large_vehicle,1,288
1566857692759,large_vehicle,0,296
1580010479142,small_vehicle,3,7
1580691508642,small_vehicle,9,140
1584409860225,large_vehicle,9,282
1572132404360,small_vehicle,7,299
1586164670514,large_vehicle,3,129
1583747672984,small_vehicle,0,203
1576226261003,large_vehicle,3,163
1577577718948,small_vehicle,7,252
