1585485763440,large_vehicle,8,109
1582267527636,small_vehicle,8,307
1573951053592,large_vehicle,9,12
1565494434503,small_vehicle,8,310
1584964271451,large_vehicle,1,283
1580611680416,small_vehicle,8,246
1584791579996,large_vehicle,5,201
1583578595226,small_vehicle,3,107
1568746830304,small_vehicle,4,196
1573362849397,small_vehicle,7,15
1564986807269,small_vehicle,2,98
1570026055858,large_vehicle,3,128
1571395132409,small_vehicle,2,271
1576527899884,large_vehicle,10,144
1572133319345,small_vehicle,7,341
1579299097993,large_vehicle,1,322
1586290655846,large_vehicle,4,301
1568927590303,small_vehicle,3,342
1581299206816,small_vehicle,10,282
1572678125234,large_vehicle,0,351
1573208524373,small_vehicle,10,161
1567010965854,large_vehicle,9,313
1574089237073,small_vehicle,8,26
1577823010588,small_vehicle,1,172
1577021778880,small_vehicle,3,161
1579595483956,large_vehicle,10,180
1565798167603,large_vehicle,2,98
1579077368984,large_vehicle,9,180
1577236571638,large_vehicle,9,283
1580077408741,large_vehicle,7,154
1586167997096,large_vehicle,9,280
1571499119952,large_vehicle,1,15
1575372493753,large_vehicle,2,109
1574542125111,small_vehicle,7,34
1565423378070,large_vehicle,8,297
1579914586759,large_vehicle,7,297
1574759539504,small_vehicle,4,81
1577240957396,small_vehicle,2,21
1586621444188,small_vehicle,8,247
1574319435106,small_vehicle,1,151
1583356330967,small_vehicle,10,8
1571198876219,large_vehicle,3,222
1577677270908,small_vehicle,6,127
1582457874922,large_vehicle,4,27
1577804732359,large_vehicle,5,122
1570268946544,large_vehicle,7,281
1567839154425,large_vehicle,1,259
1570884885348,large_vehicle,5,354
1583194652000,small_vehicle,7,178
1571319247483,large_vehicle,0,83
1572598831902,large_vehicle,9,53
1585235758912,large_vehicle,8,308
1582909009937,large_vehicle,9,246
1564828661075,small_vehicle,2,100
1586493436806,small_vehicle,2,270
1565959457900,large_vehicle,10,312
1566893376497,small_vehicle,5,15
1575487729223,small_vehicle,2,283
1577029696352,small_vehicle,1,223
1575541596905,small_vehicle,10,196
1569567054140,large_vehicle,8,83
1570776942238,large_vehicle,10,33
1586369310667,small_vehicle,5,341
1585976151770,large_vehicle,8,81
1573628832749,small_vehicle,6,247
1565073814934,small_vehicle,9,70
1581392362203,small_vehicle,2,242
1574985550119,small_vehicle,0,297
1568836527255,large_vehicle,1,351
1571053165425,small_vehicle,0,42
1575199002644,small_vehicle,10,257
1574508755644,small_vehicle,9,215
1580143429637,small_vehicle,6,136
1564825354354,small_vehicle,7,257
1580528901001,small_vehicle,10,98
1572850084718,small_vehicle,1,112
1576949086173,large_vehicle,3,112
1578308946541,small_vehicle,6,146
1578240475563,small_vehicle,4,104
1586341310145,small_vehicle,4,50
1578400594683,small_vehicle,9,301
1574817790476,large_vehicle,1,117
1573989531829,large_vehicle,0,218
1567573312061,small_vehicle,10,211
1567962894137,large_vehicle,1,261
1564833029043,small_vehicle,10,91
1570868049422,large_vehicle,8,199
1571432277897,large_vehicle,5,70
1586144570360,small_vehicle,8,178
1581462688373,large_vehicle,0,256
1586041801702,large_vehicle,1,188
1577634802100,large_vehicle,10,301
1569032428091,large_vehicle,8,71
1577214277249,large_vehicle,10,359
1566318803132,small_vehicle,3,274
1564810748352,large_vehicle,7,345
1571156856478,large_vehicle,7,176
1566133332878,large_vehicle,4,66
1577824274515,small_vehicle,1,275
1582346538117,large_vehicle,9,354
1575004124840,small_vehicle,0,275
1579034730363,small_vehicle,9,67
1583682742118,small_vehicle,3,132
1581892297900,large_vehicle,9,221
1575122797548,small_vehicle,6,140
1570566089081,large_vehicle,6,245
1574979350016,small_vehicle,1,29
1571020144910,large_vehicle,3,187
1583335465251,large_vehicle,8,38
1581505795804,small_vehicle,3,87
1585023297732,small_vehicle,5,295
1584283445334,large_vehicle,8,210
1572583350122,small_vehicle,3,18
1574300388840,small_vehicle,10,244
1565052101480,small_vehicle,10,160
1573232226988,small_vehicle,4,53
1582069073979,small_vehicle,1,71
1576902766317,small_vehicle,2,360
1576320590785,small_vehicle,1,225
1578774442869,large_vehicle,4,319
1572850724310,large_vehicle,6,113
1569746975958,large_vehicle,8,112
1576531508157,small_vehicle,4,301
1568740612709,small_vehicle,2,101
1570684557574,small_vehicle,7,284
1586692797188,large_vehicle,6,69
1567907543252,small_vehicle,8,119
1575669281257,small_vehicle,7,43
1581037168526,small_vehicle,0,106
1568018452516,large_vehicle,3,143
1569638446991,large_vehicle,1,304
1581249277886,small_vehicle,9,156
1574704067261,large_vehicle,7,298
1571342973962,large_vehicle,1,71
1580612139884,small_vehicle,1,35
1570937208141,small_vehicle,9,222
1573982931143,small_vehicle,5,207
1574923119060,small_vehicle,5,226
1578006691357,small_vehicle,5,142
1569808279323,large_vehicle,10,99
1564785851026,large_vehicle,7,121
1569780362916,small_vehicle,9,109
1573663516218,small_vehicle,8,315
1566409143888,small_vehicle,2,350
1582755256339,large_vehicle,5,0
1583933051295,large_vehicle,4,230
1571643796913,small_vehicle,3,59
1583404953009,large_vehicle,6,134
1568022341122,large_vehicle,3,83
1579177316446,large_vehicle,8,76
1579420416972,large_vehicle,5,346
1578795839487,small_vehicle,6,172
1570864930743,large_vehicle,2,332
1565676577641,small_vehicle,7,278
1578126068065,large_vehicle,7,74
1569002555610,large_vehicle,8,325
1586063916296,large_vehicle,2,255
1577281682744,large_vehicle,1,193
1576288062824,small_vehicle,9,161
1586677533586,large_vehicle,6,117
1581699670556,small_vehicle,6,197
1584880605800,large_vehicle,2,57
1573149673849,large_vehicle,2,137
1575407339168,large_vehicle,10,182
1584142755391,small_vehicle,7,3
1565590153883,large_vehicle,5,5
1581085471915,large_vehicle,10,87
1566796425715,small_vehicle,3,191
1566436487673,large_vehicle,8,299
1569136294179,large_vehicle,8,339
1566769790485,small_vehicle,3,236
1570298984141,large_vehicle,10,19
1582307579284,small_vehicle,2,13
1573211644764,small_vehicle,5,102
1579808229757,small_vehicle,6,199
1578555989933,small_vehicle,1,53
1574867866728,large_vehicle,10,125
1584917372605,small_vehicle,4,29
1573900561354,large_vehicle,7,233
1577384747729,large_vehicle,7,89
1584891553228,small_vehicle,1,77
1570649011946,large_vehicle,1,286
1579286299014,large_vehicle,7,245
1582082850240,large_vehicle,2,274
1574667043703,large_vehicle,2,331
1568790664690,large_vehicle,3,331
1583911575570,small_vehicle,6,282
1571645069013,large_vehicle,4,276
1578078600481,large_vehicle,10,282
1582653056787,small_vehicle,5,71
1574582461261,small_vehicle,0,90
1578449241099,small_vehicle,9,273
1574513409253,small_vehicle,1,325
1571862395272,large_vehicle,0,288
1565314299363,large_vehicle,3,77
1583889309738,large_vehicle,1,348
1582055725898,small_vehicle,3,59
1573326823350,large_vehicle,8,85
1574070872261,large_vehicle,10,345
1572884570368,small_vehicle,1,196
1579340970791,large_vehicle,1,34
1571754044832,small_vehicle,2,199
1570263200428,small_vehicle,4,150
1579767283113,small_vehicle,1,335
1581354494442,large_vehicle,8,332
1568089246686,small_vehicle,5,14
1585983281701,small_vehicle,8,86
1565187062442,large_vehicle,3,294
1580380597093,large_vehicle,4,243
1580148497649,large_vehicle,7,307
1571719126482,small_vehicle,8,198
1572764765452,large_vehicle,1,26
1585631709295,large_vehicle,1,106
1570849877322,small_vehicle,1,142
1584902149598,small_vehicle,3,280
1578565469685,small_vehicle,9,61
1577286761479,small_vehicle,10,120
1585671732584,large_vehicle,7,23
1581850823280,small_vehicle,2,3
1569164496381,small_vehicle,8,133
1572298184525,large_vehicle,2,205
1571836986838,small_vehicle,10,251
1585519259384,large_vehicle,10,51
1583387459757,small_vehicle,10,279
1566988712467,small_vehicle,7,126
1577725454349,large_vehicle,2,64
1582321011549,large_vehicle,2,173
1578065407592,small_vehicle,1,331
1578279368337,small_vehicle,0,270
1585739422635,small_vehicle,4,50
1586567332682,small_vehicle,7,239
1566627187394,small_vehicle,7,146
1576149271274,small_vehicle,10,254
1575594427143,large_vehicle,9,189
1565190787590,large_vehicle,6,89
1580142869687,large_vehicle,9,12
1564875478795,large_vehicle,4,352
1574016720056,small_vehicle,4,280
1577736347053,large_vehicle,10,102
1586299545223,large_vehicle,7,25
1584254241015,small_vehicle,7,277
1577370924815,large_vehicle,5,245
1573501201929,small_vehicle,8,56
1586127250296,small_vehicle,6,330
1585645216300,small_vehicle,7,102
1582056785430,large_vehicle,9,183
1577844070105,small_vehicle,10,184
1574079108926,large_vehicle,7,16
1583514871070,small_vehicle,1,129
1575673491401,small_vehicle,6,343
1579313958973,small_vehicle,0,127
1585622213521,large_vehicle,6,237
1567235881137,large_vehicle,4,85
1584149400582,large_vehicle,5,204
1569676426777,large_vehicle,2,334
1585660023324,small_vehicle,7,340
1580650067680,large_vehicle,8,17
1581017892785,small_vehicle,0,71
1585300831677,small_vehicle,3,28
1581156337141,large_vehicle,5,220
1564789955697,large_vehicle,2,65
1566751695475,small_vehicle,7,273
1575658165511,small_vehicle,5,248
1573238708570,small_vehicle,5,218
1580427950016,large_vehicle,6,104
1579100460491,large_vehicle,3,239
1564781697301,small_vehicle,8,54
1575589112903,large_vehicle,4,50
1583854922327,small_vehicle,6,104
1565869089173,large_vehicle,6,297
1579074347097,small_vehicle,2,88
1585821090866,large_vehicle,4,148
1572243880048,small_vehicle,0,197
1585865618212,large_vehicle,5,193
1574728526752,large_vehicle,4,347
1565411665588,small_vehicle,7,88
1564868003056,small_vehicle,1,331
1572944061476,small_vehicle,6,12
1568131701979,large_vehicle,5,63
1573841543146,small_vehicle,9,218
1570030205121,large_vehicle,7,110
1574849913785,small_vehicle,6,254
1565495726004,small_vehicle,5,265
1579128268104,small_vehicle,2,87
1579756549214,small_vehicle,3,359
1585032551910,large_vehicle,5,345
1585415772441,small_vehicle,3,77
1570358588054,large_vehicle,2,355
1581034329980,small_vehicle,4,98
1573343934428,large_vehicle,4,303
1586233791121,large_vehicle,9,235
1582352314895,large_vehicle,5,166
1578501893540,small_vehicle,2,185
1586175861589,small_vehicle,6,299
1569736073525,small_vehicle,5,337
1569979792391,large_vehicle,7,273
1585667436644,large_vehicle,1,204
1575598441809,large_vehicle,6,1
1567477909719,large_vehicle,10,89
1573442576379,large_vehicle,6,97
1566225338944,large_vehicle,8,247
1565005644427,small_vehicle,10,285
1584703129017,small_vehicle,8,91
1579778814272,large_vehicle,5,252
1568030943237,large_vehicle,2,54
1579008025824,large_vehicle,2,15
1579035815533,small_vehicle,0,346
1565015222628,large_vehicle,2,324
1580198703857,large_vehicle,10,57
1578766590682,large_vehicle,7,248
1583782324374,large_vehicle,8,22
1576028611058,small_vehicle,7,308
1567006243407,large_vehicle,9,245
1586549158695,small_vehicle,8,42
1573245142188,large_vehicle,0,270
1585788312060,large_vehicle,6,59
1574978900486,small_vehicle,0,172
1576928308251,large_vehicle,10,198
1579404244312,small_vehicle,2,4
1569746709905,large_vehicle,2,315
1576482595085,large_vehicle,5,337
1579527422548,large_vehicle,3,20
1580670164374,large_vehicle,10,246
1570360792824,large_vehicle,7,320
1580519962846,large_vehicle,6,31
1579860563492,small_vehicle,4,340
1574368488650,large_vehicle,1,16
1571100546593,small_vehicle,1,203
1570907026004,small_vehicle,8,268
1579552712827,small_vehicle,9,323
1571040191741,large_vehicle,3,131
1580609797033,small_vehicle,5,346
1566873268593,small_vehicle,6,153
1565603070625,large_vehicle,10,99
1578800462559,large_vehicle,8,164
1566834036298,large_vehicle,4,296
1578121269247,small_vehicle,7,301
1571531772941,large_vehicle,7,264
1582983716374,large_vehicle,9,296
1582672358388,small_vehicle,1,237
1572614661702,small_vehicle,2,345
1583768940462,small_vehicle,4,169
1568243200672,large_vehicle,1,293
1567582212061,small_vehicle,3,2
1583006113215,small_vehicle,7,165
1570243262372,large_vehicle,5,300
1578186837781,small_vehicle,9,319
1585828845855,small_vehicle,3,130
1572138546204,large_vehicle,1,182
1573559021940,large_vehicle,7,205
1578182572848,small_vehicle,3,93
1584943244652,large_vehicle,0,180
1574294397191,large_vehicle,2,17
1582314647635,large_vehicle,3,188
1582938464990,large_vehicle,5,7
1564757253541,large_vehicle,0,104
1565960093562,large_vehicle,8,84
1582504805229,large_vehicle,9,4
1565691946893,small_vehicle,2,125
1566730403275,large_vehicle,3,12
1585379661785,large_vehicle,0,41
1567018403900,large_vehicle,4,216
1576524233761,small_vehicle,0,91
1569729617755,large_vehicle,10,49
1583230072117,large_vehicle,4,206
1581474642865,small_vehicle,8,330
1568507260514,small_vehicle,9,303
1567275823074,small_vehicle,6,52
1576416545343,large_vehicle,0,359
1568757998459,large_vehicle,7,83
1582086919343,large_vehicle,5,252
1565888636030,small_vehicle,8,149
1571201008956,small_vehicle,3,310
1572422301894,small_vehicle,0,7
1586684515032,small_vehicle,3,100
1585271701286,large_vehicle,7,163
1577300451848,large_vehicle,2,320
1577054614131,large_vehicle,2,58
1564649847047,small_vehicle,8,175
1579975093580,small_vehicle,1,207
1577297172850,large_vehicle,5,288
1568105945915,large_vehicle,1,348
1571142389237,small_vehicle,10,286
1574633170449,small_vehicle,5,266
1578536157276,small_vehicle,0,237
1574037611446,small_vehicle,3,58
1572828738600,small_vehicle,5,217
1574299965462,large_vehicle,2,120
1569896177502,small_vehicle,7,319
1583119416857,large_vehicle,6,176
1581453988049,large_vehicle,5,295
1584565194748,small_vehicle,3,356
1580677967526,large_vehicle,4,256
1567614866958,small_vehicle,0,61
1564768126810,small_vehicle,6,58
1582227987899,large_vehicle,7,96
1578191806563,large_vehicle,0,144
1575352117223,small_vehicle,8,41
1585041619619,small_vehicle,5,94
1568593925190,large_vehicle,3,99
1575396878440,small_vehicle,5,326
1577170823479,small_vehicle,5,194
1567093749185,large_vehicle,4,78
1567075651339,large_vehicle,10,4
1573183202633,small_vehicle,0,22
1582190788604,small_vehicle,0,44
1578722972983,large_vehicle,3,357
1566408967415,small_vehicle,6,268
1572626578963,large_vehicle,6,341
1569774273816,large_vehicle,10,228
1580392143630,large_vehicle,9,358
1576227984477,small_vehicle,1,100
1569356277610,large_vehicle,2,118
1569760855881,large_vehicle,1,80
1565342537658,small_vehicle,4,204
1575292702811,large_vehicle,8,51
1566897548210,small_vehicle,1,327
1578487993510,large_vehicle,1,167
1582458826182,large_vehicle,2,55
1570691130234,large_vehicle,3,159
1578378044341,large_vehicle,5,51
1576413386984,small_vehicle,3,32
1586431112998,large_vehicle,9,222
1566811901309,small_vehicle,0,268
1577480845547,small_vehicle,7,108
1584847805143,large_vehicle,3,241
1581572505184,small_vehicle,6,80
1579790776115,large_vehicle,9,131
1573167105349,small_vehicle,6,252
1581134464124,large_vehicle,8,119
1581624253910,small_vehicle,6,202
1581634324029,large_vehicle,7,243
1583904657668,large_vehicle,8,216
1568867500807,small_vehicle,5,265
1575617464748,small_vehicle,6,324
1569103553394,large_vehicle,6,332
1569709072439,small_vehicle,4,223
1581145808865,small_vehicle,0,325
1575573969011,large_vehicle,4,226
1565825880362,large_vehicle,5,270
1584561202998,large_vehicle,2,290
1586241077947,large_vehicle,6,43
1575098112144,small_vehicle,8,353
1567443794970,large_vehicle,2,176
1583691288806,large_vehicle,1,312
1579161155890,small_vehicle,6,123
1566071678785,small_vehicle,9,199
1576564353895,small_vehicle,0,268
1568624635412,small_vehicle,9,294
1585455518107,small_vehicle,9,344
1574006382344,small_vehicle,0,198
1579570706702,small_vehicle,2,278
1581861724334,small_vehicle,8,171
1566841252092,large_vehicle,7,45
1568283698993,large_vehicle,8,314
1570977336621,large_vehicle,9,128
1565457074543,large_vehicle,2,149
1567224439640,small_vehicle,8,268
1566046117714,large_vehicle,10,356
1582649704109,small_vehicle,6,42
1580640484225,small_vehicle,5,360
1565042321742,large_vehicle,7,207
1567234658223,large_vehicle,8,277
1568159475737,large_vehicle,5,63
1577936028230,small_vehicle,9,324
1580883583523,small_vehicle,10,324
1575355943435,large_vehicle,1,15
1565523261819,large_vehicle,0,138
1572243244405,large_vehicle,2,188
1583294057071,large_vehicle,3,87
1580081082435,small_vehicle,9,192
1573408417783,small_vehicle,1,77
1565507655777,small_vehicle,7,26
1576337346631,large_vehicle,4,285
1565707793611,small_vehicle,1,106
1573036689013,small_vehicle,9,186
1571152522930,small_vehicle,0,134
1578919076246,large_vehicle,7,184
1585111332073,large_vehicle,0,115
1582186514856,large_vehicle,2,92
1584593669424,large_vehicle,7,290
1574073724836,small_vehicle,7,149
1576371269670,large_vehicle,5,160
1566010499583,large_vehicle,5,337
1575115055712,small_vehicle,10,325
1583883457413,large_vehicle,0,99
1583967676565,small_vehicle,7,132
1585094426549,small_vehicle,5,89
1566550162722,large_vehicle,8,352
1580266195534,small_vehicle,10,193
1572379968077,small_vehicle,4,208
1584024746416,small_vehicle,8,297
1580356904676,small_vehicle,3,190
1565410203839,small_vehicle,3,240
1575045108368,large_vehicle,10,241
1569546297949,large_vehicle,0,250
1578811013789,large_vehicle,10,189
1582709432584,small_vehicle,6,178
1569968976621,small_vehicle,3,29
1583900591062,small_vehicle,7,187
1580095052627,small_vehicle,4,125
1580762648771,small_vehicle,6,277
1564845712398,small_vehicle,1,291
1576775800169,small_vehicle,6,86
1584786256538,large_vehicle,6,338
1569066201225,large_vehicle,2,153
1572124276110,large_vehicle,4,4
1570087455215,large_vehicle,7,245
1576467974941,small_vehicle,4,260
1577749929946,small_vehicle,0,93
1583495233507,large_vehicle,10,216
1581815224207,large_vehicle,0,318
1578980136497,small_vehicle,6,125
1571533361676,small_vehicle,2,241
1569045959892,small_vehicle,5,247
1583456251342,small_vehicle,9,317
1584915755679,small_vehicle,7,309
1573983962733,large_vehicle,9,277
1574744394343,small_vehicle,8,264
1583880491650,large_vehicle,2,44
1581419942718,small_vehicle,9,204
1583393002989,small_vehicle,2,135
1566111963848,large_vehicle,10,11
1575402407002,small_vehicle,3,274
1581122640348,large_vehicle,2,117
1569959129646,large_vehicle,2,169
1572944413836,small_vehicle,8,157
1579224513720,large_vehicle,0,198
1569360990690,small_vehicle,7,146
1583408126047,small_vehicle,1,328
1586678555595,small_vehicle,1,76
1568728648997,small_vehicle,5,139
1568750265697,large_vehicle,1,146
1568304726250,small_vehicle,9,137
1581433044082,small_vehicle,6,172
1575513311357,small_vehicle,7,211
1570715288388,large_vehicle,9,354
1581156841607,large_vehicle,9,121
1567386816647,large_vehicle,9,175
1582644827228,small_vehicle,2,138
1575494889885,large_vehicle,7,208
1569138932474,large_vehicle,5,347
1580140942382,small_vehicle,3,204
1586641665526,small_vehicle,1,12
1577681872376,small_vehicle,6,352
1582001974974,large_vehicle,10,111
1569288249090,large_vehicle,10,186
1581625667062,large_vehicle,3,115
1580914903154,large_vehicle,3,287
1581264047033,small_vehicle,4,156
1577604259345,large_vehicle,8,47
1585793050160,large_vehicle,3,65
1584732060377,small_vehicle,6,273
1580949815013,small_vehicle,6,283
1576182364170,small_vehicle,5,93
1586581686885,large_vehicle,10,339
1572694818803,large_vehicle,3,55
1577412117996,small_vehicle,7,63
1571313747744,large_vehicle,4,174
1582031719685,large_vehicle,6,194
1574868578558,small_vehicle,3,238
1572493045129,large_vehicle,4,136
1578933776752,large_vehicle,4,139
1576435237935,large_vehicle,9,173
1580141970287,small_vehicle,3,157
1585394068387,large_vehicle,7,177
1566310502969,small_vehicle,1,279
1585218152139,small_vehicle,10,359
1580814890238,large_vehicle,7,301
1571584665417,large_vehicle,6,119
1582737128861,large_vehicle,0,171
1575140858923,large_vehicle,7,13
1576006460273,large_vehicle,7,16
1577716039456,large_vehicle,7,231
1572971412538,small_vehicle,4,49
1568707669259,small_vehicle,2,285
1572582975878,large_vehicle,10,64
1585767148808,small_vehicle,4,325
1584877939692,large_vehicle,0,357
1571058754563,large_vehicle,5,112
1578177032860,small_vehicle,6,269
1578257033605,small_vehicle,10,156
1583253971552,small_vehicle,7,288
1579735610655,large_vehicle,1,138
1571678569726,large_vehicle,7,225
1566497534485,small_vehicle,8,328
1571066060770,large_vehicle,8,238
1581590473475,small_vehicle,8,125
1571547664528,large_vehicle,5,188
1571710304923,large_vehicle,2,309
1570531297020,large_vehicle,1,29
1585889475440,small_vehicle,9,7
1580482904286,small_vehicle,2,268
1578125481525,large_vehicle,4,292
1585763295688,large_vehicle,4,310
1574214954160,large_vehicle,10,42
1581956308565,large_vehicle,5,23
1569720561762,small_vehicle,4,327
1582598482474,large_vehicle,1,223
1577612448850,small_vehicle,5,187
1565945611894,small_vehicle,10,258
1566458546208,large_vehicle,0,295
1572305360499,large_vehicle,4,278
1576271847377,small_vehicle,3,8
1577086827120,large_vehicle,3,84
1584459841784,large_vehicle,9,7
1567734389938,large_vehicle,2,326
1582310967199,small_vehicle,2,216
1580603929433,large_vehicle,4,50
1568899326250,small_vehicle,1,213
1580967497969,large_vehicle,3,93
1583274520206,large_vehicle,4,356
1577590724807,large_vehicle,4,256
1565319360087,small_vehicle,2,224
1585888976573,small_vehicle,9,327
1566326784446,small_vehicle,3,81
1566769426874,small_vehicle,3,267
1581919378656,large_vehicle,0,44
1567663604658,large_vehicle,5,148
1578804097957,large_vehicle,6,202
1577501051033,large_vehicle,2,360
1582985719705,small_vehicle,2,148
1579829457834,large_vehicle,0,85
1566118733451,small_vehicle,5,156
1565847879737,small_vehicle,8,331
1577069853482,small_vehicle,0,70
1579234353031,large_vehicle,5,38
1574712854912,large_vehicle,10,317
1572553202932,small_vehicle,4,338
1582966354676,small_vehicle,3,107
1572853116614,large_vehicle,3,165
1585251745251,large_vehicle,2,321
1580939560568,small_vehicle,0,316
1583448604307,small_vehicle,2,28
1571286516866,large_vehicle,4,160
1576340331030,large_vehicle,0,34
1575669622417,large_vehicle,4,112
1578140372871,large_vehicle,8,320
1580879067614,small_vehicle,10,10
1585617465149,large_vehicle,2,27
1574813088967,small_vehicle,5,60
1565462359139,small_vehicle,7,76
1584711960576,large_vehicle,7,164
1578096324511,large_vehicle,7,144
1569931538825,large_vehicle,6,64
1585369761411,large_vehicle,4,146
1578866137684,small_vehicle,8,107
1569786010361,small_vehicle,1,242
1584051005182,small_vehicle,2,310
1577111162429,small_vehicle,1,213
1585593076093,large_vehicle,6,215
1585845581132,small_vehicle,0,227
1586551984487,small_vehicle,6,236
1577286322062,large_vehicle,10,16
1580994370728,small_vehicle,0,130
1583631631328,small_vehicle,1,0
1576510915719,small_vehicle,4,58
1584633994579,large_vehicle,3,239
1566608297243,large_vehicle,9,220
1567857244477,large_vehicle,4,121
1568686962555,small_vehicle,4,133
1578567153870,small_vehicle,4,3
1569800390964,large_vehicle,5,191
1583985122969,large_vehicle,0,126
1585586636597,large_vehicle,1,176
1567170649819,large_vehicle,5,215
1576310784389,small_vehicle,7,272
1578000061837,large_vehicle,0,31
1578756173624,small_vehicle,6,146
1584805346813,small_vehicle,3,224
1565051936538,small_vehicle,5,203
1577148154366,large_vehicle,10,238
1582757488079,large_vehicle,5,10
1569072991172,large_vehicle,6,231
1582309205103,large_vehicle,1,233
1582424619962,small_vehicle,9,243
1581881892051,large_vehicle,4,180
1578405059919,large_vehicle,9,325
1574383163448,large_vehicle,3,305
1582192264606,large_vehicle,8,338
1580102123974,small_vehicle,8,5
1566772193320,large_vehicle,6,140
1567675575854,small_vehicle,8,122
1577593209381,small_vehicle,3,164
1569356518972,small_vehicle,10,205
1585889550479,small_vehicle,9,132
1564762769751,large_vehicle,9,134
1581296410461,small_vehicle,7,253
1575320230752,small_vehicle,6,99
1565252224695,large_vehicle,2,248
1569188620911,small_vehicle,10,319
1581278948693,small_vehicle,7,269
1566755424915,small_vehicle,4,26
1572192014101,large_vehicle,9,89
1575230394820,large_vehicle,0,157
1566273566917,small_vehicle,1,129
1577501642858,small_vehicle,5,69
1577052828790,small_vehicle,4,283
1582961021550,small_vehicle,4,160
1570083169417,large_vehicle,2,44
1571220036947,large_vehicle,9,266
1583322207687,large_vehicle,5,26
1570331904069,small_vehicle,4,36
1566620903358,small_vehicle,7,151
1567978099916,small_vehicle,5,16
1574491789784,large_vehicle,3,346
1566624214053,small_vehicle,7,34
1564797999952,small_vehicle,0,6
1583192095614,small_vehicle,0,58
1569579203855,large_vehicle,8,162
1576099776127,small_vehicle,2,165
1582212578846,small_vehicle,1,293
1569588354583,large_vehicle,4,310
1579881680579,small_vehicle,2,357
1570052743252,small_vehicle,6,321
1586006190190,large_vehicle,0,72
1577686185358,small_vehicle,10,325
1577116596454,small_vehicle,1,109
1578971465296,large_vehicle,9,34
1567101274601,large_vehicle,9,110
1574467338304,large_vehicle,4,72
1569328096424,large_vehicle,0,131
1580522993678,large_vehicle,0,67
1585006550863,large_vehicle,2,53
1582888440508,small_vehicle,10,221
1564904747659,large_vehicle,3,312
1580687051873,small_vehicle,6,176
1567885519994,small_vehicle,10,117
1575411319956,large_vehicle,1,197
1585333012966,small_vehicle,8,317
1567941355039,large_vehicle,9,343
1578667060159,small_vehicle,9,328
1580219373854,large_vehicle,6,33
1570335646525,large_vehicle,3,188
1578881470648,large_vehicle,0,339
1575707006755,small_vehicle,3,241
1584518537399,small_vehicle,0,262
1581480881467,small_vehicle,4,145
1565917685301,small_vehicle,4,281
1565300710341,large_vehicle,3,301
1582103772803,small_vehicle,4,15
1584750036974,small_vehicle,7,44
1572095796603,small_vehicle,3,173
1575093305410,large_vehicle,9,297
1564704242170,large_vehicle,0,274
1586156645786,small_vehicle,9,99
1570355696670,large_vehicle,4,283
1573890001728,large_vehicle,6,203
1567535743547,small_vehicle,4,54
1576500560571,large_vehicle,7,218
1581377653668,large_vehicle,6,297
1582674175198,large_vehicle,10,32
1575013223552,small_vehicle,2,231
1583633867184,large_vehicle,3,240
1578293969572,large_vehicle,7,287
1583675134055,large_vehicle,6,101
1569371400885,large_vehicle,9,291
1565328871620,large_vehicle,10,205
1567049579996,large_vehicle,4,79
1581055740351,small_vehicle,7,356
1579420803863,large_vehicle,10,10
1576548073388,large_vehicle,6,356
1582727186645,large_vehicle,7,305
1570308367676,large_vehicle,10,49
1576986672989,small_vehicle,6,42
1565799361554,large_vehicle,9,260
1572781798504,small_vehicle,0,120
1580024505659,small_vehicle,6,136
1585176867697,large_vehicle,10,157
1575720617991,small_vehicle,2,111
1565904397926,large_vehicle,3,141
1564776012783,large_vehicle,3,228
1583157156446,small_vehicle,0,35
1581713873819,large_vehicle,5,272
1581872023631,large_vehicle,6,84
1581175617126,large_vehicle,5,258
1566753088471,small_vehicle,4,319
1570959163661,large_vehicle,10,180
1570501091578,small_vehicle,2,283
1566435651439,small_vehicle,4,329
1571222757672,large_vehicle,6,215
1566836633396,small_vehicle,9,292
1575535987938,small_vehicle,4,172
1568892444428,large_vehicle,5,239
1582044612357,large_vehicle,1,163
1574686876061,large_vehicle,3,11
1586072614663,small_vehicle,0,87
1570071913591,large_vehicle,1,186
1566863486325,large_vehicle,6,76
1571699623907,small_vehicle,7,260
1569677994537,small_vehicle,4,305
1586675776601,small_vehicle,2,352
1586461980716,large_vehicle,1,355
1568094042294,small_vehicle,6,111
1570644295980,small_vehicle,1,355
1570276794589,large_vehicle,0,188
1572688375557,small_vehicle,9,66
1584137868140,small_vehicle,3,4
1584846587338,small_vehicle,1,122
1571951430085,small_vehicle,3,112
1565615167872,large_vehicle,10,3
1577277917210,small_vehicle,2,273
1568254272849,large_vehicle,10,18
1580227068314,large_vehicle,4,196
1580841799971,large_vehicle,10,130
1586470787540,large_vehicle,5,283
1571368106666,small_vehicle,6,360
1574536327533,small_vehicle,0,301
1574710483748,small_vehicle,5,72
1572661996541,small_vehicle,1,39
1581342494347,large_vehicle,2,243
1566665751882,large_vehicle,6,270
1565451723282,small_vehicle,4,66
1572279538920,small_vehicle,8,310
1579396168279,small_vehicle,2,273
1575302433336,large_vehicle,1,350
1575792910923,large_vehicle,2,92
1567834058823,small_vehicle,9,167
1578739187927,large_vehicle,2,34
1568698329508,small_vehicle,7,204
1568501991005,small_vehicle,9,242
1571925962193,small_vehicle,9,100
1571724883122,large_vehicle,7,131
1573491972181,small_vehicle,10,32
1565806051442,small_vehicle,3,247
1575352702660,small_vehicle,7,195
1574090472663,small_vehicle,3,265
1571514640911,large_vehicle,4,324
1579948455122,large_vehicle,7,321
1584496013585,small_vehicle,6,135
1576621891631,large_vehicle,10,210
1569940310603,large_vehicle,1,324
1586559970745,small_vehicle,0,247
1586354662125,small_vehicle,1,210
1576942366255,large_vehicle,3,118
1567171450548,small_vehicle,6,146
1586694283183,small_vehicle,7,160
1583289633556,small_vehicle,8,150
1575979902541,large_vehicle,2,241
1579156473560,large_vehicle,9,286
1567081054134,small_vehicle,7,327
1570958360562,large_vehicle,5,29
1583749642551,small_vehicle,4,134
1570050667206,small_vehicle,5,159
1565602762153,large_vehicle,9,275
1577400846188,small_vehicle,4,186
1566934365610,small_vehicle,8,179
1580906980715,small_vehicle,4,103
1574768684462,large_vehicle,4,243
1580892724856,large_vehicle,3,153
1583541184267,small_vehicle,0,15
1570341218444,small_vehicle,7,311
1565952996517,large_vehicle,2,37
1583728251638,large_vehicle,8,103
1583898185379,large_vehicle,2,279
1577785862098,small_vehicle,4,31
1579255401997,large_vehicle,2,344
1585059648663,large_vehicle,2,322
1565890979307,small_vehicle,3,55
1573816628846,large_vehicle,2,128
1576627099217,large_vehicle,0,174
1573706780251,small_vehicle,4,80
1582125528239,small_vehicle,1,207
1577631068897,small_vehicle,5,6
1567296850286,small_vehicle,7,40
1578481830704,small_vehicle,4,274
1577443237282,small_vehicle,7,149
1573531054496,small_vehicle,10,126
1568380919755,small_vehicle,1,244
1578014223876,large_vehicle,6,142
1582934879685,large_vehicle,10,37
1572326591852,large_vehicle,4,96
1578733561811,small_vehicle,2,256
1575751592590,small_vehicle,5,158
1571295656892,small_vehicle,4,40
1573772314174,large_vehicle,5,141
1584090013021,large_vehicle,6,325
1585016034800,large_vehicle,10,292
1584506957900,small_vehicle,4,334
1585488643433,small_vehicle,9,106
1575671044365,large_vehicle,9,27
1567097021393,small_vehicle,4,206
1582874639192,small_vehicle,9,83
1564681587005,large_vehicle,10,220
1580539959656,large_vehicle,10,2
1566553988646,small_vehicle,6,78
1571762208868,large_vehicle,3,16
1568872091915,small_vehicle,10,119
1580415925457,large_vehicle,1,271
1569213192715,small_vehicle,10,137
1574055321278,small_vehicle,8,38
1574899104042,large_vehicle,7,155
1584524375917,large_vehicle,4,210
1568728126642,small_vehicle,5,185
1578075715963,large_vehicle,5,48
1565028102224,large_vehicle,7,91
1577183434129,small_vehicle,7,327
1585236558179,large_vehicle,8,318
1565375873925,small_vehicle,2,346
1583673604786,small_vehicle,6,227
1580367237118,small_vehicle,0,2
1576633760418,small_vehicle,2,114
1576031662712,large_vehicle,5,174
1584774168823,small_vehicle,6,296
1574479163236,small_vehicle,9,58
1578529043837,small_vehicle,10,31
1571423079678,small_vehicle,1,331
1580142564995,small_vehicle,2,170
1579502387414,small_vehicle,4,72
1573581467006,small_vehicle,2,200
1572449260364,large_vehicle,8,28
1576887607507,large_vehicle,10,88
1575078154192,small_vehicle,5,259
1576841940370,large_vehicle,2,110
1579634598195,small_vehicle,0,175
1577185663956,large_vehicle,5,187
1577172091054,large_vehicle,7,252
1585693668831,large_vehicle,3,360
1584325938765,large_vehicle,1,106
1575662849131,large_vehicle,4,197
1582073638101,small_vehicle,10,93
1584284204438,large_vehicle,3,221
1567017983562,small_vehicle,7,49
1585527054948,small_vehicle,6,277
1583350210766,large_vehicle,4,308
1565813453882,small_vehicle,3,167
1575964968189,large_vehicle,2,60
1579352192011,small_vehicle,6,148
1571490576876,small_vehicle,1,112
1570458889933,large_vehicle,6,51
1574181746455,large_vehicle,3,128
1576241389281,large_vehicle,4,217
1567398554387,small_vehicle,9,234
1577910594641,small_vehicle,8,3
1575311193944,large_vehicle,10,225
1570067611938,large_vehicle,8,126
1568650540588,large_vehicle,0,292
1567683151125,large_vehicle,8,251
1566337804307,small_vehicle,9,167
1580430755269,small_vehicle,3,314
1569935189185,small_vehicle,4,86
1574789273753,small_vehicle,9,193
1583364678258,small_vehicle,10,7
1577653797594,small_vehicle,3,12
1584044388588,large_vehicle,3,144
1580214959882,small_vehicle,5,280
1568836306197,large_vehicle,3,211
1578461497130,large_vehicle,3,109
1581176943663,small_vehicle,7,61
1578763729659,large_vehicle,9,143
1567024242638,small_vehicle,10,313
1582686966612,small_vehicle,2,254
1577611977181,large_vehicle,1,42
1576213283666,small_vehicle,2,130
1568241391460,small_vehicle,5,205
1571452388399,small_vehicle,6,343
1578027676196,small_vehicle,0,262
1580870296910,large_vehicle,1,323
1578386951901,small_vehicle,6,249
1579091228510,small_vehicle,4,255
1574108848837,small_vehicle,8,324
1573855381465,small_vehicle,7,112
1581770564002,large_vehicle,9,295
1579466382876,large_vehicle,9,50
1576478859217,small_vehicle,10,265
1570287549975,large_vehicle,7,332
1584266062522,small_vehicle,1,161
1578653808983,small_vehicle,7,339
1574410156371,small_vehicle,10,242
1576701820437,small_vehicle,3,223
1573490848076,large_vehicle,5,207
1579605010899,small_vehicle,9,63
1576039904392,large_vehicle,3,245
1584433826839,small_vehicle,5,277
1579374577120,large_vehicle,10,26
1569451750833,large_vehicle,10,252
1585170229344,large_vehicle,1,268
1574690635095,large_vehicle,4,239
1583329340451,large_vehicle,10,69
1567924234153,small_vehicle,9,354
1572040433410,large_vehicle,9,355
1572001060218,small_vehicle,7,175
1572264309895,large_vehicle,8,84
1570123492539,large_vehicle,4,200
1580362080611,small_vehicle,10,335
1571407054194,small_vehicle,9,258
1566961929475,small_vehicle,7,211
1581650203552,large_vehicle,6,3
1572835637182,large_vehicle,1,339
1583829492071,large_vehicle,0,139
1568877301291,small_vehicle,7,68
1582995383182,large_vehicle,6,290
1578504972285,small_vehicle,8,141
1576555468317,large_vehicle,9,286
1583699767597,small_vehicle,2,339
1579536417609,large_vehicle,6,133
1568388996189,small_vehicle,4,149
1573598972087,small_vehicle,6,39
1569136975808,large_vehicle,0,358
1574136082304,small_vehicle,3,133
