1570419170029,small_vehicle,9,14
1583676606776,large_vehicle,10,37
1576699878693,small_vehicle,10,146
1578758958888,large_vehicle,1,191
1570946138125,small_vehicle,6,314
1583670420661,small_vehicle,6,1
1578253279098,large_vehicle,8,292
1567382917017,large_vehicle,1,126
1584672931863,small_vehicle,6,243
1574192531864,large_vehicle,4,298
1569690697370,small_vehicle,9,234
1567342481260,large_vehicle,7,47
1577951823828,large_vehicle,7,219
1571644641351,large_vehicle,7,124
1572306995163,large_vehicle,5,40
1567702990758,large_vehicle,5,270
1571865298895,large_vehicle,5,114
1569013231169,small_vehicle,9,40
1581269035147,small_vehicle,7,59
1582127854539,large_vehicle,7,276
1581363740515,small_vehicle,10,3
1580539690277,small_vehicle,2,126
1586077836311,large_vehicle,1,165
1568783300170,large_vehicle,5,157
1574233308292,small_vehicle,3,274
1576395337207,large_vehicle,8,162
1581330010321,small_vehicle,5,264
1579555540815,large_vehicle,9,52
1585197232932,small_vehicle,10,25
1580833885650,small_vehicle,4,113
1586721287007,small_vehicle,2,289
1581672175587,large_vehicle,7,50
1577069641840,small_vehicle,4,100
1578945506741,small_vehicle,1,41
1577934322260,small_vehicle,5,203
1568814591496,small_vehicle,4,121
1580838664640,small_vehicle,7,221
1572482251203,small_vehicle,2,119
1582708502870,small_vehicle,2,61
1578964510613,large_vehicle,9,256
1584896629543,small_vehicle,7,54
1583996211198,large_vehicle,6,254
1584240622245,small_vehicle,1,291
1574359813294,small_vehicle,5,194
1582375939967,small_vehicle,5,2
1578619145294,large_vehicle,6,32
1586006853363,small_vehicle,9,344
1578007814570,small_vehicle,10,62
1586107466229,small_vehicle,2,80
1572941742439,small_vehicle,7,26
1586149791783,small_vehicle,10,302
1574258017531,small_vehicle,2,209
1574006742757,small_vehicle,0,312
1575318294667,small_vehicle,7,31
1570744590226,large_vehicle,7,90
1570484053327,small_vehicle,3,188
1583087173261,small_vehicle,9,68
1569604243276,small_vehicle,10,293
1573903486009,small_vehicle,2,46
1576544875962,small_vehicle,0,208
1564784466891,large_vehicle,5,205
1584682658504,large_vehicle,4,21
1580816552831,small_vehicle,7,182
1571056616985,large_vehicle,7,106
1567359085206,large_vehicle,6,50
1586366997582,small_vehicle,9,266
1573775403943,small_vehicle,0,71
1585842944413,small_vehicle,0,240
1574679766035,small_vehicle,5,92
1579637948189,large_vehicle,8,274
1579091639897,large_vehicle,3,188
1576439735029,small_vehicle,2,32
1575388702529,large_vehicle,2,205
1580637467691,large_vehicle,5,42
1567247809254,large_vehicle,3,79
1572559185932,small_vehicle,6,47
1579909723154,large_vehicle,8,261
1579188161837,large_vehicle,8,45
1582308682919,small_vehicle,7,333
1582174064244,small_vehicle,4,42
1576787322682,small_vehicle,3,208
1584423948769,large_vehicle,5,205
1574792597500,small_vehicle,7,25
1575448648090,large_vehicle,2,184
1577538477749,small_vehicle,5,255
1582369470112,large_vehicle,0,18
1580518397548,small_vehicle,3,121
1568000483172,large_vehicle,5,128
1564907386492,small_vehicle,9,74
1574115664278,large_vehicle,5,164
1575331641665,large_vehicle,6,316
1576518712191,small_vehicle,4,167
1566995858660,small_vehicle,10,88
1581883481285,small_vehicle,7,44
1577832593283,small_vehicle,8,322
1567034021131,small_vehicle,4,151
1572784745017,small_vehicle,6,26
1567252781530,small_vehicle,10,339
1576119859965,small_vehicle,1,334
1571808353474,large_vehicle,3,80
1581990670375,small_vehicle,10,44
1580517781304,small_vehicle,8,238
1573877749755,small_vehicle,2,276
1570957013589,large_vehicle,9,62
1573623940256,large_vehicle,6,162
1578933209245,small_vehicle,7,253
1571070161236,small_vehicle,0,162
1585530484153,large_vehicle,6,162
1565534393990,large_vehicle,5,80
1585022731300,small_vehicle,7,19
1573158062809,small_vehicle,10,143
1580952563905,small_vehicle,2,320
1579303510266,large_vehicle,4,56
1574402877320,small_vehicle,10,203
1571383331516,small_vehicle,8,355
1576127945264,large_vehicle,9,31
1567351068410,large_vehicle,6,137
1580692617982,small_vehicle,10,95
1576588443473,small_vehicle,2,123
1572627215300,large_vehicle,5,123
1575603567100,small_vehicle,9,319
1571130621763,small_vehicle,8,92
1565629494150,large_vehicle,1,98
1578270314339,large_vehicle,0,20
1573102567349,large_vehicle,7,137
1567059181832,large_vehicle,1,285
1571385796370,small_vehicle,2,334
1582161697586,small_vehicle,4,323
1579261058242,large_vehicle,5,246
1574487208186,large_vehicle,1,250
1571328020576,large_vehicle,4,320
1565115627623,large_vehicle,5,211
1583079029228,small_vehicle,1,33
1566437405681,large_vehicle,8,154
1567200407674,small_vehicle,7,17
1582811819143,large_vehicle,4,197
1581504801955,large_vehicle,8,161
1568897805406,small_vehicle,3,61
1570642787857,small_vehicle,6,295
1580174496464,large_vehicle,7,275
1569962649730,small_vehicle,10,174
1571062903168,large_vehicle,0,201
1568176203566,small_vehicle,10,354
1576528521482,small_vehicle,0,22
1575937266491,large_vehicle,8,1
1568412746580,small_vehicle,6,202
1572232854768,small_vehicle,2,301
1586118549529,large_vehicle,9,142
1575522458567,large_vehicle,3,281
1580304325123,large_vehicle,7,144
1567401991486,small_vehicle,5,263
1580034248037,small_vehicle,1,270
1577241256477,small_vehicle,0,337
1578663199366,small_vehicle,10,288
1581480329512,large_vehicle,4,256
1583754067392,small_vehicle,9,0
1578512864955,large_vehicle,9,10
1577154352999,small_vehicle,2,101
1568824859514,small_vehicle,9,300
1577698696652,large_vehicle,2,289
1582629893059,small_vehicle,9,89
1580028296128,small_vehicle,3,329
1582431306689,large_vehicle,0,224
1570668157845,large_vehicle,1,97
1584202650830,small_vehicle,8,297
1565283524487,large_vehicle,7,61
1571826560227,small_vehicle,6,232
1578319107397,small_vehicle,6,131
1584306651068,large_vehicle,6,242
1585095303250,small_vehicle,4,312
1568189358068,small_vehicle,8,322
1571942686798,small_vehicle,8,81
1582040097098,large_vehicle,9,150
1573594664937,small_vehicle,7,227
1567087002479,small_vehicle,10,79
1585168336221,small_vehicle,0,284
1577400556104,large_vehicle,2,126
1579615336229,large_vehicle,5,242
1584162124659,small_vehicle,9,31
1572400523437,large_vehicle,2,71
1584994979218,small_vehicle,2,149
1570757737926,large_vehicle,5,9
1578328776614,small_vehicle,0,136
1569847457137,large_vehicle,5,47
1576262990448,small_vehicle,6,340
1571218258857,large_vehicle,1,44
1570420566807,large_vehicle,9,299
1567366379227,large_vehicle,7,174
1572029916333,small_vehicle,10,238
1569344261692,large_vehicle,9,278
1576519853862,large_vehicle,5,137
1581596690003,large_vehicle,4,31
1573662261466,large_vehicle,8,2
1584671297228,small_vehicle,0,225
1570105221551,large_vehicle,4,80
1578880490911,small_vehicle,0,343
1575088801035,small_vehicle,8,358
1577369342663,large_vehicle,1,330
1585953614254,large_vehicle,1,224
1586033960416,small_vehicle,4,29
1576899934782,small_vehicle,2,171
1567295275894,large_vehicle,0,182
1568607551577,large_vehicle,7,11
1568056068592,large_vehicle,8,222
1580925067772,small_vehicle,7,8
1568525742705,large_vehicle,2,243
1570465263478,small_vehicle,6,163
1585831636414,small_vehicle,7,340
1571762534994,large_vehicle,3,64
1572918692297,small_vehicle,1,294
1572691916483,large_vehicle,0,84
1580978648632,large_vehicle,3,124
1579934781116,large_vehicle,9,144
1574136537719,large_vehicle,0,42
1572240028785,small_vehicle,4,68
1578335951918,small_vehicle,9,323
1582793542236,small_vehicle,7,267
1578836893183,small_vehicle,10,108
1569646070398,small_vehicle,7,42
1572412356602,large_vehicle,6,117
1583337905098,small_vehicle,4,248
1567649570497,small_vehicle,6,231
1585187712304,small_vehicle,3,298
1571864138874,small_vehicle,3,179
1585039890132,large_vehicle,4,118
1570797749877,large_vehicle,7,282
1565438883906,large_vehicle,9,307
1576166711325,small_vehicle,3,185
1578849112903,large_vehicle,2,4
1569962971182,small_vehicle,1,208
1570762868721,small_vehicle,1,299
1577791019852,small_vehicle,7,58
1585697307555,small_vehicle,0,271
1581691412321,large_vehicle,3,247
1583224025890,large_vehicle,5,273
1568694799225,small_vehicle,9,323
1572113207769,large_vehicle,10,306
1584145687963,small_vehicle,0,11
1571566219777,large_vehicle,6,224
1582695069084,small_vehicle,10,101
1585057413332,large_vehicle,4,113
1569633950682,small_vehicle,9,248
1578517178475,large_vehicle,6,169
1568065595989,large_vehicle,5,265
1581173410991,large_vehicle,8,169
1565326295403,small_vehicle,0,251
1584837357606,small_vehicle,9,218
1570632578442,large_vehicle,3,309
1579472090215,small_vehicle,2,183
1565159584950,small_vehicle,3,276
1584709519018,small_vehicle,4,287
1572228605734,small_vehicle,5,201
1571770660416,small_vehicle,2,21
1575544651123,large_vehicle,9,307
1582769034310,large_vehicle,9,120
1583495332767,small_vehicle,7,131
1574578251402,large_vehicle,6,33
1583454948257,small_vehicle,8,104
1578452592787,large_vehicle,2,157
1564987596673,large_vehicle,0,175
1571288097994,large_vehicle,4,327
1582324157659,small_vehicle,6,256
1567007014362,large_vehicle,8,179
1567540566795,large_vehicle,1,35
1567255267220,large_vehicle,6,91
1583285386269,small_vehicle,0,224
1573362993353,large_vehicle,6,103
1578051390026,small_vehicle,3,319
1576834359521,large_vehicle,2,61
1582393678007,small_vehicle,5,191
1586472970431,small_vehicle,6,352
1584617810977,large_vehicle,5,252
1581804388531,small_vehicle,10,51
1575144105695,small_vehicle,8,310
1581123456829,large_vehicle,4,181
1569137029135,large_vehicle,9,251
1568982777755,large_vehicle,7,47
1582032184172,small_vehicle,3,330
1586411540004,large_vehicle,3,109
1565994085544,large_vehicle,1,303
1566655022580,small_vehicle,7,5
1581406998084,small_vehicle,3,340
1569300915969,large_vehicle,4,323
1583734008839,small_vehicle,8,260
1574342917874,large_vehicle,5,154
1583473547655,large_vehicle,1,99
1578123953912,large_vehicle,9,45
1568745759824,large_vehicle,1,171
1574129701897,large_vehicle,5,144
1565477798990,large_vehicle,4,235
1583555507895,small_vehicle,10,107
1573785317968,large_vehicle,3,83
1576190881094,large_vehicle,4,159
1585126185503,large_vehicle,6,187
1567653181884,large_vehicle,6,317
1568694362163,large_vehicle,10,158
1581943277077,large_vehicle,1,240
1572003462299,small_vehicle,5,211
1568307429026,large_vehicle,0,237
1574528079730,small_vehicle,1,112
1574545231064,small_vehicle,2,220
1585908145113,large_vehicle,10,100
1566909662486,large_vehicle,7,208
1567143141339,large_vehicle,9,254
1580058078781,large_vehicle,0,96
1586072034729,small_vehicle,1,333
1577064420922,small_vehicle,5,150
1579265173936,small_vehicle,0,52
1567618319634,large_vehicle,9,324
1573428483624,large_vehicle,3,35
1570183019727,large_vehicle,6,76
1573553290717,small_vehicle,5,358
1571373895822,small_vehicle,7,128
1576131434584,large_vehicle,4,178
1575393211282,large_vehicle,1,133
1567457631036,large_vehicle,3,321
1574798446634,small_vehicle,5,303
1566998822443,large_vehicle,3,59
1582444747267,small_vehicle,1,110
1575213099089,small_vehicle,5,63
1566090103451,large_vehicle,7,32
1574206053996,small_vehicle,3,85
1580807565595,small_vehicle,6,108
1586084534333,large_vehicle,7,81
1566545012009,large_vehicle,5,206
1575200364207,large_vehicle,0,317
1571308691172,large_vehicle,5,217
1575700583821,small_vehicle,5,49
1579312765464,small_vehicle,0,156
1566168365539,large_vehicle,2,68
1577439497473,large_vehicle,6,125
1585899799735,small_vehicle,1,76
1568797862253,small_vehicle,9,354
1583954206480,large_vehicle,10,209
1585533983732,large_vehicle,8,243
1572205243112,large_vehicle,10,134
1565463333350,large_vehicle,4,72
1572779668552,large_vehicle,2,234
1569375051104,large_vehicle,6,186
1583218916150,large_vehicle,3,326
1567586548607,large_vehicle,7,330
1570273078468,small_vehicle,7,259
1579233883110,small_vehicle,6,217
1579792508015,small_vehicle,5,23
1565726755874,large_vehicle,6,238
1578253544509,large_vehicle,5,47
1582576071894,large_vehicle,8,275
1567927546946,small_vehicle,0,304
1570433341773,large_vehicle,10,148
1570855377186,small_vehicle,7,144
1576798472297,small_vehicle,7,212
1573536524112,small_vehicle,10,98
1568829356270,large_vehicle,7,349
1571996009901,small_vehicle,4,31
1579248216409,small_vehicle,10,101
1586436600370,small_vehicle,1,45
1585307418266,large_vehicle,2,167
1565282683996,large_vehicle,2,122
1581036228463,small_vehicle,6,328
1565737330997,small_vehicle,4,38
1578167223686,small_vehicle,3,85
1584335285910,large_vehicle,8,143
1568895062598,small_vehicle,3,148
1571858393098,large_vehicle,8,147
1566519195550,small_vehicle,1,81
1583666949335,large_vehicle,5,172
1568077552035,large_vehicle,1,72
1584463283814,large_vehicle,10,305
1575256866857,large_vehicle,2,263
1576079747936,small_vehicle,7,7
1570406945147,large_vehicle,3,353
1567089129764,large_vehicle,2,116
1583087246518,large_vehicle,0,96
1573457513972,small_vehicle,8,323
1585285976949,large_vehicle,2,145
1580877113561,large_vehicle,9,205
1581812960685,large_vehicle,5,252
1580265230351,small_vehicle,9,234
1585681058136,large_vehicle,3,50
1583582499988,large_vehicle,6,5
1568225797765,small_vehicle,6,83
1575444981332,large_vehicle,4,99
1570134871298,large_vehicle,0,253
1582965356697,large_vehicle,8,129
1576994083367,small_vehicle,10,30
1581749013613,small_vehicle,7,288
1565448518667,small_vehicle,0,243
1572810629797,large_vehicle,2,161
1565889396005,small_vehicle,8,206
1571505231850,large_vehicle,8,154
1576730253753,large_vehicle,1,248
1572001051395,small_vehicle,5,32
1575073727236,large_vehicle,6,337
1578266603440,large_vehicle,10,39
1567930691502,small_vehicle,10,18
1581798675511,small_vehicle,8,58
1583417169124,large_vehicle,4,135
1568845326696,large_vehicle,2,7
1580678624935,large_vehicle,3,87
1575392150364,large_vehicle,4,210
1569588079743,large_vehicle,9,44
1577165412444,large_vehicle,7,189
1572132894975,large_vehicle,9,95
1573468407668,small_vehicle,8,351
1583846695370,small_vehicle,3,341
1570586328046,large_vehicle,1,356
1573976586495,large_vehicle,2,152
1572368907114,small_vehicle,2,248
1583777777465,small_vehicle,3,302
1574052088122,large_vehicle,5,100
1574971002889,small_vehicle,0,159
1577796299456,small_vehicle,1,117
1571638275996,small_vehicle,9,233
1575844953701,small_vehicle,1,249
1586570793226,large_vehicle,1,284
1581128328811,large_vehicle,1,101
1565837745785,small_vehicle,6,115
1571292918101,small_vehicle,0,240
1572557110685,large_vehicle,6,80
1576035303853,small_vehicle,2,93
1580066149062,small_vehicle,7,237
1580012702259,large_vehicle,4,112
1571685432022,large_vehicle,0,55
1583567915785,small_vehicle,4,20
1567536535669,large_vehicle,1,155
1585159285390,large_vehicle,10,247
1576181607088,large_vehicle,7,33
1567938122616,small_vehicle,9,277
1567696127939,large_vehicle,0,258
1586092024392,large_vehicle,3,346
1571687771455,small_vehicle,7,229
1572646905830,small_vehicle,0,95
1566777358858,large_vehicle,8,182
1575746707030,large_vehicle,3,15
1564774957596,small_vehicle,5,185
1579026849498,large_vehicle,4,290
1564759125817,large_vehicle,1,137
1573473499567,large_vehicle,1,268
1576363763826,small_vehicle,8,147
1566895093423,large_vehicle,8,132
1569937414073,small_vehicle,7,163
1565247235855,small_vehicle,2,121
1580234609178,large_vehicle,5,217
1576815832163,large_vehicle,8,284
1575288526903,small_vehicle,9,221
1580382988309,large_vehicle,8,32
1564791226306,small_vehicle,1,202
1583505373881,small_vehicle,4,119
1565283791305,small_vehicle,4,144
1572005201939,large_vehicle,2,262
1569603900746,small_vehicle,7,161
1581637200429,large_vehicle,5,338
1573869073836,large_vehicle,1,277
1570254919946,large_vehicle,9,339
1581590702110,small_vehicle,2,228
1584456043138,large_vehicle,5,35
1565067956758,large_vehicle,6,126
1569200588012,large_vehicle,1,47
1569483373097,small_vehicle,3,23
1571383699807,large_vehicle,0,31
1574574519433,large_vehicle,2,302
1580684685167,small_vehicle,7,281
1568173896879,large_vehicle,6,143
1580158224872,small_vehicle,3,263
1566526806525,small_vehicle,5,203
1569857657057,large_vehicle,2,133
1572153285191,small_vehicle,10,182
1566968124963,large_vehicle,10,54
1568743543468,large_vehicle,7,26
1570434314579,small_vehicle,9,282
1578276384915,small_vehicle,5,318
1576312430928,large_vehicle,7,267
1580373707953,small_vehicle,0,263
1566883971007,large_vehicle,2,318
1569452948304,large_vehicle,1,32
1575326840285,small_vehicle,2,212
1566631069837,large_vehicle,1,163
1574243377449,large_vehicle,7,305
1572842228204,large_vehicle,0,328
1572909359966,small_vehicle,0,59
1583920305848,large_vehicle,9,210
1565812703313,large_vehicle,3,272
1567375263797,small_vehicle,8,207
1565563723591,large_vehicle,8,44
1583915741130,small_vehicle,4,52
1575210419936,small_vehicle,8,319
1570209934450,large_vehicle,5,151
1571512869216,large_vehicle,10,256
1581999594750,large_vehicle,8,318
1578711643097,large_vehicle,10,354
1566759492590,large_vehicle,2,341
1577679283498,large_vehicle,2,327
1584944621370,small_vehicle,4,271
1581873987957,small_vehicle,0,150
1577244644945,large_vehicle,4,269
1582472552062,large_vehicle,1,44
1582149844572,small_vehicle,5,358
1566924015145,small_vehicle,8,50
1571440817173,small_vehicle,1,168
1584826642492,small_vehicle,10,67
1575201418731,large_vehicle,6,168
1575986408883,small_vehicle,5,312
1567754110286,small_vehicle,5,180
1581084748815,small_vehicle,6,174
1579929211031,large_vehicle,8,297
1584811132875,large_vehicle,8,261
1565739366395,large_vehicle,3,277
1577678645982,small_vehicle,2,92
1581768100163,small_vehicle,4,248
1578527942331,large_vehicle,0,208
1581737945170,large_vehicle,1,4
1575507834603,small_vehicle,3,24
1574101313916,small_vehicle,4,14
1568115117310,large_vehicle,2,214
1582839674201,large_vehicle,3,223
1574910219475,small_vehicle,4,34
1578139607978,large_vehicle,0,310
1571608484538,large_vehicle,5,81
1567988391012,large_vehicle,3,184
1585362504952,small_vehicle,1,277
1582180897158,small_vehicle,6,0
1581701277146,large_vehicle,4,279
1571780543569,small_vehicle,10,66
1586556809428,large_vehicle,4,214
1582118155417,small_vehicle,9,335
1585679056858,small_vehicle,5,104
1577008600671,large_vehicle,9,55
1574729280599,small_vehicle,9,223
1585941863934,small_vehicle,2,245
1581262399754,small_vehicle,9,42
1576909797603,small_vehicle,9,264
1579292678439,large_vehicle,3,352
1566691565284,large_vehicle,4,85
1571210334118,small_vehicle,1,81
1585002452659,large_vehicle,2,241
1567747229905,large_vehicle,4,119
1564997779007,large_vehicle,1,173
1583450240783,small_vehicle,7,341
1581222360180,large_vehicle,7,270
1578559991362,large_vehicle,10,345
1564769479952,small_vehicle,5,129
1580857069279,large_vehicle,3,121
1579648641887,small_vehicle,3,174
1582490679850,large_vehicle,6,201
1583524398024,small_vehicle,0,106
1572688917346,large_vehicle,8,95
1569757311793,small_vehicle,4,25
1585382416988,small_vehicle,5,86
1572116116966,small_vehicle,9,63
1578729499662,large_vehicle,5,208
1581950490692,large_vehicle,2,19
1577816669506,small_vehicle,0,196
1580806967444,large_vehicle,0,285
1581898611313,large_vehicle,3,30
1584781544940,small_vehicle,6,66
1569944230000,large_vehicle,7,250
1576785733578,small_vehicle,4,84
1569580370786,large_vehicle,5,175
1565868125144,small_vehicle,1,58
1570702744455,large_vehicle,3,117
1579158014475,small_vehicle,9,26
1575577271670,small_vehicle,4,123
1582505666744,large_vehicle,4,248
1582841471642,large_vehicle,9,168
1581163653271,large_vehicle,5,152
1568819509007,large_vehicle,8,301
1577603342317,large_vehicle,8,330
1566611393706,large_vehicle,4,84
1582392454149,small_vehicle,7,334
1569724380719,small_vehicle,0,96
1578377353759,small_vehicle,4,313
1566827278910,large_vehicle,8,85
1586459983641,large_vehicle,2,215
1581058856901,large_vehicle,3,13
1584013766280,large_vehicle,7,88
1565717810582,large_vehicle,3,99
1567260615705,large_vehicle,0,44
1574687789265,small_vehicle,2,332
1567371317582,large_vehicle,3,7
1571189004468,small_vehicle,4,220
1576236275956,large_vehicle,6,314
1581476693456,small_vehicle,7,61
1586576691928,large_vehicle,10,95
1567349004938,small_vehicle,9,328
1577594954644,small_vehicle,5,95
1574492774002,large_vehicle,8,169
1584474718001,large_vehicle,9,193
1568093654760,large_vehicle,5,148
1582156175178,small_vehicle,8,141
1576610250261,small_vehicle,10,343
1571674205039,large_vehicle,10,182
1565680425057,large_vehicle,5,117
1572284732432,large_vehicle,4,280
1584115695984,large_vehicle,3,264
1585797611585,small_vehicle,9,191
1566338233162,large_vehicle,4,258
1584137364273,large_vehicle,7,193
1564778371674,large_vehicle,6,152
1584748950210,large_vehicle,4,97
1575107578297,small_vehicle,2,304
1582868704697,large_vehicle,10,319
1578452725845,large_vehicle,7,302
1581249704622,large_vehicle,9,153
1570511657061,small_vehicle,0,48
1586161226143,small_vehicle,5,307
1581394533943,large_vehicle,10,194
1566640266850,small_vehicle,0,84
1569656953300,large_vehicle,4,133
1567414959693,large_vehicle,1,351
1568260325725,small_vehicle,2,138
1580345486125,small_vehicle,5,30
1567868162960,large_vehicle,4,250
1569378553024,large_vehicle,8,204
1573853862702,large_vehicle,4,331
1575379555334,small_vehicle,1,62
1572163894022,large_vehicle,5,203
1585788461486,small_vehicle,1,175
1571205328785,large_vehicle,3,24
1586350475542,large_vehicle,6,341
1565490294687,small_vehicle,3,188
1581341323490,large_vehicle,4,52
1566163103929,small_vehicle,7,351
1568808864659,small_vehicle,4,127
1565533889320,small_vehicle,6,250
1586578328162,small_vehicle,9,319
1581922594197,large_vehicle,2,359
1574247102005,small_vehicle,4,143
1584317189296,small_vehicle,0,302
1573733059618,large_vehicle,10,327
1584227934643,small_vehicle,0,84
1582578745498,small_vehicle,4,64
1578225071263,large_vehicle,3,270
1568251851823,large_vehicle,0,125
1575037100855,small_vehicle,10,342
1571970218331,small_vehicle,0,22
1566768562695,large_vehicle,4,206
1571982816029,small_vehicle,4,36
1566487832170,small_vehicle,2,187
1575148712771,large_vehicle,4,298
1575086099211,large_vehicle,2,211
1578015112996,large_vehicle,5,299
1579810131434,small_vehicle,1,350
1571732358839,small_vehicle,7,330
1574709452791,large_vehicle,1,343
1577110614646,large_vehicle,5,44
1583125111152,small_vehicle,1,208
1583186239363,small_vehicle,5,198
1565448319934,large_vehicle,1,64
1579463446309,large_vehicle,6,158
1571961847908,small_vehicle,1,180
1570913753312,large_vehicle,2,164
1585243970523,large_vehicle,0,196
1577348243100,large_vehicle,10,68
1582783489368,large_vehicle,4,218
1584139434102,large_vehicle,7,180
1569805067205,small_vehicle,4,173
1572241582688,large_vehicle,10,55
1576887439485,large_vehicle,10,17
1580856054270,small_vehicle,9,215
1581021908641,small_vehicle,1,62
1584483325723,large_vehicle,2,181
1586111848234,large_vehicle,8,336
1576488494416,small_vehicle,3,284
1574270720250,small_vehicle,9,222
1584477721367,small_vehicle,0,63
1567535206960,small_vehicle,9,168
1576587379837,small_vehicle,3,321
1583899689030,small_vehicle,9,184
1566701213302,small_vehicle,7,216
1568763740406,small_vehicle,5,98
1585887896253,large_vehicle,3,195
1575364331606,small_vehicle,8,218
1566088209736,large_vehicle,5,103
1582648264375,large_vehicle,1,346
1572502915834,large_vehicle,10,103
1580567538833,small_vehicle,1,360
1573409149117,large_vehicle,5,61
1583661069044,small_vehicle,2,335
1586357173832,small_vehicle,5,132
1583291916326,large_vehicle,6,276
1578459663955,large_vehicle,7,283
1585141482057,small_vehicle,0,303
1569047907339,large_vehicle,9,300
1580477498707,small_vehicle,9,131
1573630121711,small_vehicle,5,28
1571550865912,small_vehicle,9,53
1573117931489,large_vehicle,0,338
1567639714736,small_vehicle,10,231
1568159410268,small_vehicle,5,177
1564739407029,small_vehicle,1,225
1569493995235,small_vehicle,6,139
1576037137337,small_vehicle,5,230
1565487219239,large_vehicle,10,23
1586028889979,large_vehicle,2,348
1579598383021,large_vehicle,1,95
1584580542011,large_vehicle,10,5
1584008794250,small_vehicle,8,59
1580882044951,small_vehicle,6,308
1571598361699,small_vehicle,9,212
1585232689365,large_vehicle,2,61
1566240273427,small_vehicle,0,341
1586083565670,small_vehicle,9,153
1569431049112,large_vehicle,0,223
1586365842110,large_vehicle,4,12
1573087066339,small_vehicle,7,45
1568277649813,small_vehicle,6,180
1583583928964,large_vehicle,1,249
1577457770178,small_vehicle,0,173
1576112728324,large_vehicle,8,23
1564877345515,small_vehicle,6,271
1586102353433,small_vehicle,5,169
1571284938267,large_vehicle,10,264
1565290780565,small_vehicle,5,249
1567008950743,small_vehicle,3,134
1573562435874,small_vehicle,7,321
1581379976910,large_vehicle,4,160
1568514719266,small_vehicle,8,153
1580719919120,small_vehicle,0,78
1568562110920,small_vehicle,5,328
1568397534508,small_vehicle,9,72
1572212488238,large_vehicle,2,46
1573638312949,large_vehicle,2,103
1578044869043,small_vehicle,7,328
1567336679772,large_vehicle,2,271
1584679328517,small_vehicle,3,265
1575032917402,small_vehicle,0,82
1583084390428,large_vehicle,1,131
1565035108994,large_vehicle,5,242
1575245731177,large_vehicle,5,100
1586279276469,large_vehicle,1,19
1583168142882,large_vehicle,5,172
1572712858390,large_vehicle,2,265
1572945714975,large_vehicle,4,97
1582135956058,large_vehicle,5,122
1565607136201,small_vehicle,0,253
1584928903375,large_vehicle,1,293
1585042107656,large_vehicle,2,344
1580122558523,large_vehicle,10,322
1581760520407,small_vehicle,3,199
1571483106669,small_vehicle,10,333
1581722998664,small_vehicle,5,80
1577512630336,small_vehicle,8,158
1570974627847,large_vehicle,10,317
1569821172875,small_vehicle,10,43
1569211410881,large_vehicle,3,291
1584583454112,small_vehicle,8,332
1565621153025,large_vehicle,5,131
1584052789442,small_vehicle,0,310
1567763929997,small_vehicle,9,3
1565745508082,large_vehicle,6,187
1583661442707,large_vehicle,2,14
1579663837579,large_vehicle,9,248
1571718687793,small_vehicle,1,311
1572305850975,small_vehicle,0,12
1565230855705,large_vehicle,0,246
1568044070677,small_vehicle,0,62
1581093714312,large_vehicle,7,309
1566401086444,large_vehicle,3,178
1584392832396,small_vehicle,5,94
1565631985583,large_vehicle,2,239
1567749454403,large_vehicle,6,167
1584338822655,small_vehicle,4,287
1583124589028,small_vehicle,3,111
1577772741457,large_vehicle,7,198
1585425908916,large_vehicle,4,11
1570182318808,small_vehicle,4,174
1570011472213,large_vehicle,10,165
1575117317448,small_vehicle,1,23
1577049079864,large_vehicle,4,225
1574865272433,small_vehicle,1,109
1566047422177,large_vehicle,3,207
1574601211901,small_vehicle,3,100
1577011432219,large_vehicle,10,142
1580541755046,large_vehicle,3,25
1580460591921,large_vehicle,1,241
1583559210823,small_vehicle,6,223
1574615771698,small_vehicle,1,328
1579144883406,small_vehicle,9,238
1568842098564,large_vehicle,3,59
1581207208249,small_vehicle,10,184
1577877704153,large_vehicle,8,214
1577867646559,large_vehicle,2,37
1580562856777,small_vehicle,2,214
1577641863357,large_vehicle,3,2
1570758988507,large_vehicle,6,298
1569201091243,small_vehicle,9,258
1567937078497,large_vehicle,7,276
1581450646036,large_vehicle,5,218
1565222643255,small_vehicle,2,15
1573834702061,small_vehicle,4,16
1570979891086,small_vehicle,5,204
1575039772310,small_vehicle,9,268
1565709708746,large_vehicle,1,263
1567494501110,large_vehicle,6,319
1572796052089,small_vehicle,1,152
1582715563852,large_vehicle,3,36
1571724782939,small_vehicle,10,301
1568618792547,large_vehicle,7,266
1567766660079,large_vehicle,0,151
1575525451756,large_vehicle,7,121
1584018519436,small_vehicle,1,31
1586294278879,small_vehicle,6,154
1581286943612,large_vehicle,10,357
1583660947352,large_vehicle,8,304
1582821610298,small_vehicle,7,321
1570689801033,large_vehicle,0,92
1569362749520,small_vehicle,0,213
1573177689666,large_vehicle,9,69
1586277522760,small_vehicle,2,251
1573543290258,large_vehicle,7,197
1581016065678,small_vehicle,2,119
1572401315086,large_vehicle,1,101
1564883718298,large_vehicle,4,339
1573509014042,small_vehicle,7,214
1586507728298,large_vehicle,7,350
1582595937650,small_vehicle,6,318
1579669646925,small_vehicle,6,47
1572985122323,small_vehicle,10,50
1582191657496,large_vehicle,7,312
1583862371578,small_vehicle,3,92
1571808589194,small_vehicle,3,241
1567026696447,small_vehicle,4,214
1572562648481,large_vehicle,3,158
1580595204337,small_vehicle,9,76
1571897385192,large_vehicle,0,11
1577099844379,small_vehicle,4,41
1579177998897,small_vehicle,9,200
1581601129027,small_vehicle,0,271
1578027600897,large_vehicle,8,201
1586370376199,large_vehicle,0,44
1564697023027,small_vehicle,6,352
1574616390036,small_vehicle,9,2
1567234096882,small_vehicle,5,326
1569741832937,large_vehicle,7,220
1580521388288,large_vehicle,9,262
1568750185672,large_vehicle,9,117
1585822581489,large_vehicle,1,252
1584676486738,small_vehicle,1,192
1585957022938,large_vehicle,9,125
1571054943927,large_vehicle,0,41
1573399934313,large_vehicle,3,103
1574297481706,small_vehicle,5,15
1583920124526,small_vehicle,5,123
1568092451845,large_vehicle,4,164
1566699651162,large_vehicle,1,78
1582549384773,small_vehicle,5,215
1565966909777,small_vehicle,5,53
1570040035347,small_vehicle,1,132
1579895400747,small_vehicle,9,131
1571807401028,large_vehicle,4,332
1579356914399,small_vehicle,3,142
1586434477367,large_vehicle,1,340
1585741216153,large_vehicle,1,332
1569032204564,large_vehicle,10,325
1585474223397,large_vehicle,2,208
1570105148374,large_vehicle,1,290
1575354682162,small_vehicle,3,288
1577048500094,small_vehicle,10,229
1577505059840,small_vehicle,9,114
1584916735278,large_vehicle,6,65
1580190058087,large_vehicle,5,24
1567512049897,small_vehicle,5,93
1566866046374,small_vehicle,9,264
1576488863247,small_vehicle,1,358
1576702178369,small_vehicle,8,350
1575073188318,small_vehicle,3,163
1580954350196,large_vehicle,9,166
1567355885838,large_vehicle,0,338
1570672014021,large_vehicle,7,298
1577343991429,large_vehicle,7,161
1569261085359,small_vehicle,4,293
1576410492167,small_vehicle,3,68
1575426436319,large_vehicle,9,66
1569088362608,small_vehicle,8,299
1575073691476,small_vehicle,0,84
1569228072696,large_vehicle,5,60
1567420365974,large_vehicle,7,132
1575333935637,large_vehicle,5,340
1583569429700,large_vehicle,5,231
1568687100399,large_vehicle,5,312
1572213748155,large_vehicle,4,207
1585388972138,small_vehicle,2,339
1574956381434,small_vehicle,9,349
1580984634127,small_vehicle,1,138
1573484236151,large_vehicle,7,98
1567992410343,small_vehicle,10,114
1577228468265,small_vehicle,3,146
1571768844356,large_vehicle,0,175
1577134807629,large_vehicle,8,298
1567703330129,large_vehicle,8,77
1574955473835,small_vehicle,6,274
1581619686031,small_vehicle,4,158
1585586909504,large_vehicle,0,31
1586061952989,small_vehicle,1,260
1582363356827,small_vehicle,9,283
1567268259138,large_vehicle,10,234
1575570395566,large_vehicle,2,178
1584521085279,small_vehicle,4,4
1572005662290,small_vehicle,2,243
1576079453303,small_vehicle,3,325
1582145714282,small_vehicle,4,102
1576776537789,large_vehicle,4,273
1582835025435,large_vehicle,1,172
1565090980621,small_vehicle,0,140
1570324488772,small_vehicle,2,351
1568550869036,small_vehicle,9,92
1570043399295,small_vehicle,3,170
1585266541034,large_vehicle,8,133
1583008402273,small_vehicle,1,14
1583997884599,small_vehicle,9,112
1568311582052,large_vehicle,7,275
1568918960751,large_vehicle,10,332
1586029692686,large_vehicle,0,174
1567693283505,small_vehicle,5,241
1578200372568,small_vehicle,6,209
1576405941002,small_vehicle,5,34
1585138747870,small_vehicle,6,333
1579255860384,small_vehicle,2,323
1573594889897,large_vehicle,4,64
1570939248829,large_vehicle,3,348
1575065470082,small_vehicle,10,112
1578704840776,large_vehicle,1,328
1581201176094,large_vehicle,4,131
1584781921540,small_vehicle,3,268
1565676628909,small_vehicle,9,3
1586410527301,small_vehicle,0,226
1568269534717,large_vehicle,2,136
1582758488032,large_vehicle,3,192
1579688563059,large_vehicle,8,76
1582070282366,small_vehicle,7,304
1566233083091,large_vehicle,10,120
1580933312568,large_vehicle,6,315
1571570917659,large_vehicle,7,137
1567193584282,large_vehicle,8,345
1582754259987,small_vehicle,8,147
1569683867870,large_vehicle,2,349
1575802492876,large_vehicle,7,314
1565841239205,large_vehicle,0,311
1572089153143,large_vehicle,10,52
1586293420240,small_vehicle,4,58
1571207885195,large_vehicle,7,322
1580091357395,small_vehicle,5,226
1583345781896,small_vehicle,5,334
1568052181110,large_vehicle,1,6
1575730323700,small_vehicle,1,306
1575326008130,large_vehicle,8,10
1576251854439,large_vehicle,5,308
1574922009246,large_vehicle,6,280
1584212517116,small_vehicle,7,331
1573766792890,large_vehicle,9,312
1570530452967,large_vehicle,5,247
1569422552077,large_vehicle,1,308
1582500614753,large_vehicle,5,198
1570947533256,large_vehicle,7,51
1585970919736,large_vehicle,6,172
1574191645520,large_vehicle,8,289
1571532024210,small_vehicle,4,10
1586476480822,large_vehicle,0,212
1568194459768,small_vehicle,6,51
1583548067550,large_vehicle,7,79
1568540924041,small_vehicle,5,157
1569452026631,large_vehicle,10,74
1573955123480,small_vehicle,3,346
1579147993873,small_vehicle,5,190
1566017863630,small_vehicle,0,1
1567101795874,small_vehicle,0,310
1571921087304,small_vehicle,3,164
1566040421106,large_vehicle,8,79
1581301340026,large_vehicle,3,192
1565772957667,small_vehicle,9,222
1585535934905,small_vehicle,0,282
1568969226903,small_vehicle,5,47
1580337671727,small_vehicle,1,25
1573186073213,small_vehicle,2,246
1581740666508,large_vehicle,3,201
1579371089205,small_vehicle,6,240
1585946041161,large_vehicle,6,29
1569833329916,large_vehicle,9,352
1565638099455,small_vehicle,6,248
1570894732399,small_vehicle,2,282
1566978710146,large_vehicle,1,250
1576707792366,small_vehicle,6,46
1580254661179,large_vehicle,6,324
1569154492908,large_vehicle,0,317
1571523051930,large_vehicle,5,146
1584272092389,small_vehicle,2,326
1580483623045,large_vehicle,1,52
1575365632848,large_vehicle,5,138
1571498932811,small_vehicle,7,300
1577938168508,small_vehicle,2,149
1579564215456,small_vehicle,4,143
1573693717035,small_vehicle,10,55
1564708743721,large_vehicle,4,192
1572436689034,large_vehicle,9,240
1569768780576,large_vehicle,2,243
1571436609796,large_vehicle,1,130
1569292646081,large_vehicle,9,60
1578774447848,small_vehicle,8,350
1564909415284,large_vehicle,0,218
1584740342938,large_vehicle,0,161
