1575704549248,large_vehicle,10,325
1573245288670,small_vehicle,2,133
1566304284384,small_vehicle,5,169
1575563881177,small_vehicle,10,97
1569864281086,large_vehicle,5,301
1573451207526,small_vehicle,3,295
1572489406556,large_vehicle,4,248
1569300579166,large_vehicle,8,336
1582866655781,large_vehicle,5,210
1582155474542,large_vehicle,5,116
1580936247415,large_vehicle,4,44
1570781128165,small_vehicle,7,36
1573167091122,large_vehicle,3,245
1581672715348,large_vehicle,2,221
1575903466627,small_vehicle,5,355
1579917056483,large_vehicle,4,329
1567315979149,large_vehicle,2,230
1572062756565,large_vehicle,9,179
1575369439874,large_vehicle,1,354
1571677771152,large_vehicle,5,207
1580928604685,small_vehicle,8,317
1582502098083,small_vehicle,5,82
1575659106067,small_vehicle,5,315
1567993168322,small_vehicle,6,47
1578720580067,large_vehicle,3,242
1583763691737,small_vehicle,10,348
1579692355096,small_vehicle,2,315
1578245849958,small_vehicle,0,343
1569316826677,large_vehicle,5,63
1569456853416,small_vehicle,6,329
1584326213403,small_vehicle,4,125
1581575643424,large_vehicle,0,178
1578730180421,small_vehicle,5,11
1580222410306,small_vehicle,4,126
1574891456355,large_vehicle,8,258
1580070058320,small_vehicle,0,17
1580544045960,large_vehicle,7,176
1579959093967,small_vehicle,5,50
1568260658327,small_vehicle,5,285
1586225431813,small_vehicle,7,295
1570343741278,small_vehicle,5,100
1565192511435,small_vehicle,8,330
1577809168715,small_vehicle,8,252
1581878357360,large_vehicle,1,179
1585220315604,small_vehicle,5,193
1579953421995,small_vehicle,7,261
1567872312667,large_vehicle,1,233
1583520905161,large_vehicle,10,137
1584449608187,large_vehicle,7,326
1569610644155,small_vehicle,6,233
1572433714631,large_vehicle,0,109
1574002082123,small_vehicle,5,278
1579878148578,large_vehicle,9,289
1572382528721,large_vehicle,6,170
1586343466411,small_vehicle,7,249
1567935462972,small_vehicle,4,164
1583649649953,large_vehicle,2,221
1576990297836,small_vehicle,9,208
1568873964210,large_vehicle,1,130
1571610952836,small_vehicle,8,316
1571391044362,large_vehicle,8,249
1579327861898,large_vehicle,1,87
1564658985771,large_vehicle,8,115
1566761304105,large_vehicle,9,327
1570494811796,large_vehicle,4,205
1572222452918,large_vehicle,2,143
1575488277895,large_vehicle,2,307
1576196491302,small_vehicle,10,53
1582207728667,large_vehicle,4,38
1583241784514,large_vehicle,4,118
1565098594577,large_vehicle,5,91
1586228477347,large_vehicle,0,30
1567093997779,small_vehicle,10,289
1584483872012,large_vehicle,6,202
1582419777865,small_vehicle,2,177
1576054205355,small_vehicle,1,287
1586373740794,small_vehicle,8,234
1569186144155,large_vehicle,10,15
1569981531226,large_vehicle,0,298
1569759245928,large_vehicle,10,189
1579055792101,large_vehicle,1,139
1581338579609,large_vehicle,0,301
1573298214609,large_vehicle,9,129
1583189370370,large_vehicle,3,116
1568001413496,small_vehicle,3,108
1569135365318,small_vehicle,3,130
1580862949627,small_vehicle,3,78
1575825366751,small_vehicle,1,289
1570639571310,large_vehicle,5,210
1575827867783,small_vehicle,3,271
1580839365400,small_vehicle,3,131
1572725445275,large_vehicle,5,160
1568489539921,large_vehicle,4,42
1575963779610,small_vehicle,6,215
1565350566817,small_vehicle,1,200
1583782127095,small_vehicle,5,320
1566509000488,small_vehicle,9,20
1565460293286,large_vehicle,6,21
1575542255933,small_vehicle,0,149
1575436524854,small_vehicle,6,83
1585089574281,small_vehicle,1,271
1567069418010,large_vehicle,7,100
1570332781380,large_vehicle,2,26
1580529386918,large_vehicle,1,241
1577585943568,large_vehicle,6,315
1582834254522,small_vehicle,1,159
1582909997174,large_vehicle,6,81
1586089826561,large_vehicle,7,318
1580082290022,large_vehicle,5,210
1574831790930,small_vehicle,7,150
1575896617633,large_vehicle,1,326
1582619321066,small_vehicle,2,202
1580014798094,small_vehicle,3,123
1577324084431,large_vehicle,7,357
1573329456071,large_vehicle,6,8
1581002896005,large_vehicle,9,293
1586676999501,small_vehicle,9,225
1575687050871,small_vehicle,7,348
1579730386267,small_vehicle,2,105
1570266383748,small_vehicle,0,298
1565919538289,small_vehicle,7,335
1584345234373,small_vehicle,9,226
1566070276077,small_vehicle,4,288
1572762105625,large_vehicle,3,225
1581272711520,small_vehicle,1,36
1580628910096,small_vehicle,3,145
1582933336092,large_vehicle,2,14
1581992675235,small_vehicle,4,170
1567739365499,small_vehicle,6,185
1586247792162,small_vehicle,4,257
1586610892625,small_vehicle,9,284
1566073913664,small_vehicle,0,82
1576867410105,large_vehicle,8,306
1572458336090,large_vehicle,0,273
1579435696017,large_vehicle,2,340
1583510118508,large_vehicle,2,135
1579602687441,large_vehicle,1,89
1566046221617,large_vehicle,8,108
1579652424252,small_vehicle,1,5
1566346436367,large_vehicle,8,273
1581681993082,large_vehicle,5,260
1569354870623,small_vehicle,7,341
1570566984866,small_vehicle,5,119
1575181399258,large_vehicle,7,289
1570937101108,large_vehicle,4,321
1583793210232,large_vehicle,10,295
1576485133627,small_vehicle,8,343
1569139264081,large_vehicle,1,275
1567040805377,large_vehicle,10,108
1577643423360,small_vehicle,0,89
1569830626512,large_vehicle,5,338
1565096242554,small_vehicle,3,274
1583747784104,small_vehicle,0,113
1581971096628,large_vehicle,2,99
1582444586399,large_vehicle,2,187
1580884147108,small_vehicle,10,29
1566995249480,large_vehicle,5,3
1582581760924,small_vehicle,8,355
1567043850439,small_vehicle,7,304
1576515146910,small_vehicle,0,259
1578493583763,small_vehicle,8,125
1581317706231,small_vehicle,7,120
1583776862164,small_vehicle,4,70
1585579043530,small_vehicle,0,61
1566059281217,large_vehicle,6,27
1576485644946,large_vehicle,9,155
1585943428077,large_vehicle,10,352
1586443649957,large_vehicle,2,302
1565815145324,large_vehicle,8,247
1570809942632,small_vehicle,4,33
1579718474060,small_vehicle,2,320
1567378119339,small_vehicle,0,151
1570909562640,small_vehicle,0,150
1576824502273,small_vehicle,0,26
1570782771306,large_vehicle,8,183
1586555743495,large_vehicle,6,232
1568424861225,large_vehicle,3,220
1569156634302,small_vehicle,3,355
1580731984304,large_vehicle,9,345
1580353126252,small_vehicle,3,164
1580582162574,small_vehicle,8,124
1573808270984,large_vehicle,10,269
1581973144956,small_vehicle,1,279
1565369156172,small_vehicle,1,6
1572919882135,small_vehicle,10,161
1579744543246,small_vehicle,0,13
1576773967859,large_vehicle,9,183
1576106558384,large_vehicle,2,54
1565475561646,small_vehicle,8,75
1571413236706,small_vehicle,6,353
1583296044035,large_vehicle,0,353
1576362410949,small_vehicle,4,24
1572057648035,small_vehicle,2,301
1565541578351,small_vehicle,5,123
1576411249667,small_vehicle,3,264
1569496391759,large_vehicle,1,40
1570466300426,large_vehicle,0,248
1584230325035,large_vehicle,10,136
1585844558593,small_vehicle,1,123
1582823736581,large_vehicle,7,234
1583207463356,small_vehicle,9,331
1568922167537,small_vehicle,2,165
1581997928792,small_vehicle,2,171
1566031188059,large_vehicle,4,232
1585214416510,small_vehicle,2,87
1575574200510,large_vehicle,2,89
1577118870724,large_vehicle,4,350
1575169199803,large_vehicle,7,93
1565825119465,small_vehicle,2,310
1577673808113,large_vehicle,6,18
1567042848503,large_vehicle,2,191
1585387155022,large_vehicle,2,38
1574919584846,large_vehicle,4,267
1572880005890,small_vehicle,7,253
1565307130403,small_vehicle,1,264
1571688312873,small_vehicle,7,220
1568898843859,small_vehicle,10,51
1577731626283,small_vehicle,3,359
1579948622801,small_vehicle,5,135
1580967149172,small_vehicle,9,217
1577659645832,small_vehicle,4,335
1567511122929,small_vehicle,8,342
1582185378155,small_vehicle,6,248
1581767884370,small_vehicle,8,102
1580095613412,small_vehicle,4,326
1574058092101,small_vehicle,7,137
1566246193583,large_vehicle,3,258
1582999744590,large_vehicle,3,4
1576636790908,large_vehicle,8,27
1568119122829,small_vehicle,9,182
1571968950708,large_vehicle,4,92
1571147374034,large_vehicle,4,100
1566422986297,small_vehicle,2,287
1581682839371,large_vehicle,1,85
1570590535614,large_vehicle,0,113
1582770826227,small_vehicle,2,12
1586286137520,small_vehicle,1,184
1573271051265,small_vehicle,7,243
1584377124353,large_vehicle,10,164
1581659466339,large_vehicle,4,212
1571071290395,large_vehicle,1,138
1573544837407,small_vehicle,7,77
1570888913611,large_vehicle,4,92
1574344909847,large_vehicle,9,342
1581591369452,small_vehicle,0,89
1569467300375,large_vehicle,1,274
1567010707899,small_vehicle,6,356
1582851886459,small_vehicle,2,43
1578427841058,small_vehicle,1,244
1585402422424,small_vehicle,0,298
1576448127718,small_vehicle,10,331
1585506607833,small_vehicle,3,214
1572811836298,small_vehicle,4,110
1572486954740,small_vehicle,6,49
1577281442794,small_vehicle,8,197
1582459300174,small_vehicle,8,199
1577637730839,small_vehicle,6,138
1568005618582,large_vehicle,2,355
1576706984175,large_vehicle,1,134
1585139862757,large_vehicle,0,329
1572088242220,large_vehicle,2,21
1565854470703,small_vehicle,4,124
1565063063014,large_vehicle,4,107
1568899805463,large_vehicle,2,84
1573542487034,large_vehicle,9,60
1570053805479,large_vehicle,1,169
1573971453477,small_vehicle,8,216
1572162559495,large_vehicle,1,269
1577289960333,small_vehicle,3,4
1569903143119,large_vehicle,3,252
1572568100759,large_vehicle,7,316
1580100198505,small_vehicle,4,73
1571603037166,large_vehicle,3,100
1572967763577,large_vehicle,5,233
1580122344644,small_vehicle,4,245
1565193157797,small_vehicle,2,146
1566626137590,small_vehicle,5,254
1567787672550,large_vehicle,8,109
1572059947609,small_vehicle,10,338
1586291996335,small_vehicle,0,38
1578003379901,small_vehicle,0,181
1582176124182,small_vehicle,1,138
1574106990549,small_vehicle,7,122
1570542156985,large_vehicle,2,358
1567398297196,large_vehicle,5,165
1585623170289,large_vehicle,6,306
1583656772881,large_vehicle,2,8
1575010685510,large_vehicle,7,132
1572775690286,small_vehicle,8,0
1567458271355,small_vehicle,3,116
1577364014650,large_vehicle,6,60
1575251876979,small_vehicle,2,261
1583133832588,large_vehicle,6,359
1575837062044,large_vehicle,0,192
1580362797938,large_vehicle,5,354
1573099003732,small_vehicle,9,259
1567479930346,small_vehicle,9,59
1584335079422,large_vehicle,0,51
1577798985922,large_vehicle,5,178
1569839824839,small_vehicle,0,185
1580573970163,large_vehicle,8,11
1581908607924,large_vehicle,9,255
1576950964155,large_vehicle,5,66
1575474853757,large_vehicle,2,47
1570973627547,large_vehicle,4,42
1571580480692,small_vehicle,3,339
1570269560031,large_vehicle,1,77
1582383167288,small_vehicle,8,257
1582741051258,large_vehicle,9,185
1581050109848,large_vehicle,10,266
1580628107554,large_vehicle,6,190
1576095552242,large_vehicle,1,315
1585514112943,small_vehicle,5,358
1572754806745,large_vehicle,10,290
1586022100287,large_vehicle,7,254
1580276756385,large_vehicle,7,200
1569000129979,large_vehicle,4,133
1578563266742,large_vehicle,0,321
1585358766472,large_vehicle,2,37
1570704403998,small_vehicle,2,153
1569226841839,small_vehicle,1,281
1572091238934,large_vehicle,1,96
1571581985834,large_vehicle,7,284
1574513740740,large_vehicle,5,212
1575778260406,small_vehicle,8,179
1565414589800,small_vehicle,10,29
1567332350978,large_vehicle,6,135
1570645998850,small_vehicle,8,275
1567275724903,large_vehicle,4,338
1584535883096,small_vehicle,5,4
1578857296133,large_vehicle,1,168
1584314102629,small_vehicle,6,119
1568704942204,small_vehicle,9,327
1585571021475,large_vehicle,1,54
1580673589313,large_vehicle,10,300
1585238290918,large_vehicle,4,10
1581974109461,small_vehicle,0,314
1567478990383,large_vehicle,10,299
1574255957327,small_vehicle,9,51
1576252011828,small_vehicle,10,208
1565052351981,large_vehicle,4,2
1575563222855,small_vehicle,3,196
1570778236303,small_vehicle,9,30
1580217969379,small_vehicle,6,230
1581914794632,large_vehicle,8,63
1576211757253,small_vehicle,9,36
1580399274016,small_vehicle,10,160
1581569337496,large_vehicle,8,212
1573579003180,large_vehicle,5,252
1585006624160,large_vehicle,7,196
1571184984756,small_vehicle,2,89
1574594119049,small_vehicle,9,184
1568282516629,small_vehicle,5,134
1577586194360,small_vehicle,10,53
1570908503799,small_vehicle,10,205
1569641025940,small_vehicle,2,164
1584338511772,small_vehicle,6,140
1574559516368,large_vehicle,5,67
1571217268882,large_vehicle,10,323
1571291806719,small_vehicle,7,86
1584091866577,small_vehicle,8,340
1567399256635,small_vehicle,5,240
1585770237274,large_vehicle,7,15
1585572890277,small_vehicle,7,4
1575111210675,large_vehicle,7,106
1581310009721,large_vehicle,10,133
1584186042845,small_vehicle,1,266
1566417394612,large_vehicle,7,353
1583426864043,large_vehicle,9,186
1574336858835,small_vehicle,5,94
1584778870795,large_vehicle,7,254
1583451511847,large_vehicle,1,247
1569617951586,large_vehicle,8,103
1571386949513,small_vehicle,9,80
1576516872793,large_vehicle,10,61
1581382533754,small_vehicle,5,344
1569437147624,small_vehicle,2,41
1573184364831,large_vehicle,5,295
1567251042525,large_vehicle,2,258
1576472398113,large_vehicle,7,197
1583643229714,small_vehicle,5,138
1575340118681,large_vehicle,9,164
1582596565620,large_vehicle,10,151
1573056492600,large_vehicle,7,59
1583293626407,small_vehicle,3,277
1577349812698,large_vehicle,3,198
1579233814798,large_vehicle,4,157
1585992544588,small_vehicle,5,21
1568452223273,large_vehicle,10,340
1569802742259,small_vehicle,0,6
1579967794914,small_vehicle,0,153
1571771694358,small_vehicle,9,324
1586235550495,large_vehicle,5,229
1569859591687,small_vehicle,0,202
1576459510592,small_vehicle,9,23
1578837629093,small_vehicle,9,128
1574669231144,small_vehicle,0,65
1586461411390,large_vehicle,0,75
1566855317096,small_vehicle,2,228
1565564546951,small_vehicle,5,159
1569988512057,small_vehicle,6,338
1569687586767,large_vehicle,0,82
1572596460299,large_vehicle,6,185
1574488455889,small_vehicle,2,80
1582176173287,small_vehicle,8,278
1567841751527,large_vehicle,5,11
1585464916603,small_vehicle,5,59
1577925335323,large_vehicle,8,283
1578150253469,small_vehicle,9,41
1569318858867,small_vehicle,10,299
1583045049966,small_vehicle,3,168
1566009410023,large_vehicle,2,119
1578382722038,small_vehicle,2,309
1579492152914,small_vehicle,10,64
1572471575246,large_vehicle,10,204
1573999962972,large_vehicle,1,147
1578216445379,large_vehicle,9,273
1573454075387,small_vehicle,7,109
1567303974067,small_vehicle,8,222
1584442617509,large_vehicle,4,191
1586018950526,small_vehicle,6,90
1577997557653,large_vehicle,3,356
1568687192422,small_vehicle,9,21
1579286460307,large_vehicle,3,103
1585905886232,large_vehicle,2,323
1573333953345,large_vehicle,0,95
1584570923816,large_vehicle,1,332
1569171216934,large_vehicle,2,186
1572772251222,large_vehicle,1,163
1575732501550,small_vehicle,3,150
1567092136527,small_vehicle,10,294
1577242770562,small_vehicle,0,73
1568586054907,large_vehicle,6,283
1566756182250,small_vehicle,10,360
1579554567607,small_vehicle,3,81
1569304953820,small_vehicle,0,345
1573764599870,small_vehicle,3,102
1577380878107,large_vehicle,1,151
1577219186673,small_vehicle,1,97
1568322279111,large_vehicle,0,148
1569823146084,large_vehicle,2,210
1570108082616,small_vehicle,10,199
1584466123946,small_vehicle,0,45
1582597992388,small_vehicle,6,63
1569391046158,large_vehicle,0,335
1568095019068,small_vehicle,3,243
1568917966348,large_vehicle,9,159
1585033476156,small_vehicle,5,310
1584996808663,small_vehicle,8,303
1573278690599,small_vehicle,4,199
1577128093657,large_vehicle,7,15
1576818556149,large_vehicle,2,275
1571444993646,small_vehicle,3,19
1573114785975,large_vehicle,7,118
1582206137474,large_vehicle,8,204
1572689628287,large_vehicle,4,275
1582461961360,small_vehicle,4,118
1573456866268,large_vehicle,10,171
1571888725131,large_vehicle,4,232
1575576221576,large_vehicle,3,269
1576885384536,small_vehicle,2,50
1576756816742,large_vehicle,10,2
1586522695306,large_vehicle,8,168
1586489953653,large_vehicle,4,345
1571132165097,large_vehicle,9,313
1570828337266,small_vehicle,7,184
1570592394205,small_vehicle,7,324
1575020710125,large_vehicle,7,97
1569672105543,large_vehicle,1,147
1566439749082,large_vehicle,6,116
1569804881579,large_vehicle,2,266
1576492627754,large_vehicle,0,334
1574077090828,small_vehicle,10,174
1584010476595,large_vehicle,1,8
1583765995480,large_vehicle,1,189
1567281614937,large_vehicle,4,352
1581170826062,small_vehicle,9,13
1586379514076,large_vehicle,4,1
1575744725718,large_vehicle,4,92
1583686129250,large_vehicle,4,348
1571336805012,small_vehicle,5,243
1575980448934,small_vehicle,4,26
1567737257928,large_vehicle,2,150
1584072897894,large_vehicle,8,133
1584028251620,large_vehicle,3,101
1574260031767,small_vehicle,2,160
1567912125237,small_vehicle,7,59
1573529863629,large_vehicle,3,345
1584183031228,small_vehicle,7,87
1585574212573,small_vehicle,10,45
1575598783922,small_vehicle,10,40
1580504762534,small_vehicle,0,245
1571668863504,large_vehicle,5,217
1584937848461,small_vehicle,4,360
1570508122832,small_vehicle,2,13
1575545621809,small_vehicle,6,356
1581800977070,large_vehicle,7,294
1583989973204,small_vehicle,5,337
1570729538640,large_vehicle,1,325
1574003945560,small_vehicle,5,303
1584297387882,small_vehicle,2,94
1566116123804,large_vehicle,1,151
1567232947024,small_vehicle,7,279
1570858796140,large_vehicle,9,75
1566390711806,large_vehicle,8,114
1580364031161,large_vehicle,9,230
1566787118199,small_vehicle,9,195
1569105555390,large_vehicle,8,296
1582345655346,small_vehicle,3,244
1579512533556,large_vehicle,4,340
1575796312334,large_vehicle,0,188
1571057353590,large_vehicle,9,209
1574861454062,large_vehicle,7,24
1579338507881,large_vehicle,3,292
1575969363036,small_vehicle,3,63
1581904421146,small_vehicle,5,8
1572790666157,large_vehicle,10,226
1585061357305,large_vehicle,9,27
1583751497784,small_vehicle,9,110
1574217294255,small_vehicle,10,358
1569028862482,large_vehicle,8,161
1580810059565,large_vehicle,5,46
1584527007972,large_vehicle,2,254
1570290036884,small_vehicle,2,111
1564730884886,large_vehicle,3,38
1586653604987,small_vehicle,9,184
1580703545272,large_vehicle,2,276
1566033302017,small_vehicle,3,333
1578269513845,small_vehicle,4,59
1577165722427,large_vehicle,4,333
1578451395408,small_vehicle,9,40
1580543387798,small_vehicle,5,152
1570500310183,large_vehicle,4,131
1577808207246,large_vehicle,4,95
1567509430864,small_vehicle,2,156
1575452495901,small_vehicle,9,220
1573531512726,large_vehicle,4,109
1564703958067,large_vehicle,10,200
1573407416221,small_vehicle,5,133
1582947254409,large_vehicle,8,301
1572158236639,large_vehicle,5,113
1572577716824,large_vehicle,8,7
1579154796390,large_vehicle,4,159
1575257062554,small_vehicle,1,4
1573562477804,small_vehicle,9,192
1570994072881,small_vehicle,7,111
1572012248302,small_vehicle,6,245
1581441788822,large_vehicle,8,77
1576086005792,small_vehicle,5,194
1583325783152,small_vehicle,0,252
1576795796888,large_vehicle,9,350
1576632683685,large_vehicle,4,244
1581779361615,large_vehicle,4,145
1578356549878,small_vehicle,5,306
1570959274918,large_vehicle,5,91
1578594639699,small_vehicle,1,64
1570588732869,large_vehicle,6,353
1577287640253,small_vehicle,10,231
1570784062914,large_vehicle,10,16
1581353799103,large_vehicle,4,56
1572682403179,large_vehicle,0,108
1576220853837,large_vehicle,6,273
1576155865468,small_vehicle,5,7
1568796806053,large_vehicle,10,192
1581409465119,small_vehicle,1,285
1566090414455,small_vehicle,9,275
1575888927231,large_vehicle,8,236
1576407041784,large_vehicle,10,155
1585188942121,small_vehicle,5,121
1575561122706,small_vehicle,4,13
1575783600089,large_vehicle,9,124
1575639755738,small_vehicle,6,21
1578379596196,small_vehicle,2,137
1572761555803,large_vehicle,9,337
1567241756254,large_vehicle,2,238
1574582314896,small_vehicle,9,65
1583694999914,small_vehicle,8,266
1572504489624,large_vehicle,5,278
1573262632369,small_vehicle,5,63
1572706305098,large_vehicle,2,347
1575878493358,small_vehicle,4,129
1583682141350,small_vehicle,0,287
1574722469275,large_vehicle,8,293
1578938195109,small_vehicle,5,64
1573769705903,small_vehicle,3,189
1583921308252,small_vehicle,9,111
1578083903859,small_vehicle,5,144
1579448947758,small_vehicle,9,252
1568743476674,large_vehicle,4,125
1586474655572,small_vehicle,3,174
1568304289093,large_vehicle,4,188
1581715693496,large_vehicle,2,292
1582215251687,small_vehicle,5,86
1567168139163,small_vehicle,9,9
1573102439983,large_vehicle,7,53
1582622651544,large_vehicle,9,191
1582764129141,small_vehicle,9,346
1573708751739,small_vehicle,9,206
1578653812095,large_vehicle,2,258
1569764466560,small_vehicle,6,158
1575309907902,large_vehicle,3,319
1579673955604,large_vehicle,6,223
1566766900906,small_vehicle,7,75
1582622454155,large_vehicle,0,329
1582689554026,large_vehicle,9,127
1580630948684,large_vehicle,0,40
1566524768617,large_vehicle,8,65
1584909676737,large_vehicle,7,161
1568893052327,small_vehicle,2,354
1572971514045,large_vehicle,5,322
1576805063869,small_vehicle,5,287
1571961341978,large_vehicle,3,60
1570401618188,small_vehicle,2,221
1583193917347,large_vehicle,5,56
1574803283366,small_vehicle,5,110
1568592457042,small_vehicle,10,135
1576156902110,small_vehicle,9,22
1570574554930,large_vehicle,2,327
1566422967382,small_vehicle,6,335
1577055529243,small_vehicle,8,360
1582807090676,large_vehicle,8,119
1572421113559,large_vehicle,9,113
1576181179821,large_vehicle,0,168
1570881332364,large_vehicle,6,254
1579403473644,small_vehicle,10,73
1578240003376,small_vehicle,9,100
1585519998887,large_vehicle,9,43
1577419384565,large_vehicle,0,208
1581834716914,small_vehicle,10,332
1581124802054,large_vehicle,9,85
1564978178141,small_vehicle,5,114
1576431920399,large_vehicle,6,104
1575555291565,large_vehicle,7,225
1575479335533,large_vehicle,3,2
1567020175964,small_vehicle,3,338
1571097224413,small_vehicle,7,213
1576668893697,small_vehicle,0,283
1583004718711,large_vehicle,9,282
1567744804848,small_vehicle,7,228
1567636143866,small_vehicle,0,71
1586024020573,small_vehicle,1,46
1577270976306,large_vehicle,9,337
1571020848170,small_vehicle,10,246
1575770603200,large_vehicle,5,40
1570643845016,small_vehicle,9,158
1568434620115,large_vehicle,0,260
1585735675800,large_vehicle,1,176
1577240267935,large_vehicle,1,215
1577561889065,large_vehicle,5,163
1582998992397,small_vehicle,9,240
1567244657090,large_vehicle,9,330
1578833142500,large_vehicle,10,256
1571224756825,small_vehicle,5,52
1570686070687,large_vehicle,1,98
1583982300028,large_vehicle,3,349
1572718693487,large_vehicle,7,302
1586049011024,small_vehicle,4,317
1575712507633,small_vehicle,7,143
1580102150835,large_vehicle,9,234
1573026932701,large_vehicle,6,112
1567028657369,large_vehicle,1,201
1579957604619,large_vehicle,3,46
1573070545281,small_vehicle,4,329
1567817115644,small_vehicle,2,129
1565955467769,large_vehicle,0,357
1568810046321,large_vehicle,9,235
1570893055418,small_vehicle,10,218
1565051027227,small_vehicle,7,17
1575356524892,small_vehicle,8,122
1568769665844,large_vehicle,8,158
1583817071115,small_vehicle,3,357
1576077962625,large_vehicle,7,75
1573547041573,small_vehicle,0,37
1565206862294,large_vehicle,8,44
1585826253841,small_vehicle,3,210
1566270377624,large_vehicle,0,255
1575894533711,small_vehicle,6,69
1583425032652,large_vehicle,9,109
1564844744322,small_vehicle,2,2
1565101155626,large_vehicle,7,214
1586091495262,large_vehicle,7,179
1569315110043,large_vehicle,4,35
1566699973151,small_vehicle,0,119
1574034306105,large_vehicle,8,105
1568052699649,small_vehicle,5,87
1586555361192,small_vehicle,9,25
1568816878897,small_vehicle,3,224
1566495698977,large_vehicle,2,179
1577287179047,small_vehicle,5,222
1569449645618,small_vehicle,9,68
1569646818003,small_vehicle,5,176
1573549509506,large_vehicle,0,184
1579599799692,small_vehicle,2,154
1576429908199,small_vehicle,8,275
1577874765984,large_vehicle,4,329
1582267103280,large_vehicle,8,297
1567060516810,large_vehicle,5,266
1568649040791,small_vehicle,7,258
1571077327643,large_vehicle,7,242
1566864751795,small_vehicle,9,21
1584178621003,large_vehicle,2,10
1566913640323,large_vehicle,3,18
1575492056731,small_vehicle,8,305
1569629585527,small_vehicle,7,192
1578774733399,large_vehicle,4,65
1570510533176,small_vehicle,4,48
1569936887485,large_vehicle,5,283
1578047972833,large_vehicle,8,258
1570586660241,small_vehicle,10,37
1580256334741,large_vehicle,5,108
1568826512237,large_vehicle,9,174
1583763838913,large_vehicle,5,99
1569297310709,large_vehicle,6,101
1565383517615,large_vehicle,1,98
1567162440469,small_vehicle,3,228
1567212642115,small_vehicle,2,38
1578820366237,small_vehicle,2,74
1579574876385,large_vehicle,3,45
1571629954957,small_vehicle,0,293
1583508488285,large_vehicle,3,158
1577615174963,small_vehicle,6,215
1580805726198,large_vehicle,4,28
1581052074048,small_vehicle,4,77
1582537071789,small_vehicle,6,332
1575799477124,small_vehicle,0,197
1571334969331,large_vehicle,1,165
1568238828243,large_vehicle,3,303
1581160143403,large_vehicle,5,303
1565226525084,large_vehicle,3,133
1572993204770,large_vehicle,5,47
1573324302434,small_vehicle,4,102
1571853219931,small_vehicle,0,96
1583602086457,small_vehicle,0,132
1577489930409,large_vehicle,9,166
1575039040278,small_vehicle,10,199
1580955210551,small_vehicle,1,182
1564959374839,small_vehicle,1,29
1579280586793,large_vehicle,10,111
1565400719895,large_vehicle,6,3
1576915476487,small_vehicle,4,249
1582047761928,large_vehicle,1,250
1573763103268,large_vehicle,4,252
1569822883639,large_vehicle,1,40
1569091907641,large_vehicle,1,262
1573651177415,large_vehicle,6,329
1575467739131,large_vehicle,9,146
1583147181836,large_vehicle,7,259
1567453534839,small_vehicle,0,76
1572714637262,large_vehicle,5,191
1580742501199,small_vehicle,10,47
1573336283038,small_vehicle,2,31
1569781551912,small_vehicle,10,253
1578377558760,large_vehicle,4,315
1574505601936,small_vehicle,3,355
1582182193776,large_vehicle,9,225
1576934886091,large_vehicle,1,44
1574490830099,large_vehicle,5,298
1570565984641,small_vehicle,3,335
1570804259204,large_vehicle,9,37
1585624189456,large_vehicle,10,287
1574991324831,small_vehicle,4,262
1581940059012,large_vehicle,2,217
1579098020674,small_vehicle,4,126
1573085113229,small_vehicle,9,184
1574531915805,large_vehicle,5,11
1565597294265,large_vehicle,8,155
1586341615351,small_vehicle,0,94
1571777975208,large_vehicle,0,3
1573974881269,small_vehicle,5,14
1569036235859,small_vehicle,4,29
1582560474315,small_vehicle,8,100
1566351159024,large_vehicle,10,217
1565867226231,small_vehicle,7,174
1585499299388,large_vehicle,8,246
1565874025444,small_vehicle,3,78
1567321888163,large_vehicle,10,151
1579442441089,large_vehicle,2,324
1582190728342,large_vehicle,10,338
1573584633887,small_vehicle,5,218
1580606042882,large_vehicle,10,162
1571163984358,small_vehicle,10,296
1582494736936,small_vehicle,2,56
1573528752011,large_vehicle,7,246
1571684267847,small_vehicle,2,248
1575171951846,small_vehicle,0,294
1584186757906,small_vehicle,2,45
1574143708449,small_vehicle,4,141
1570134419426,small_vehicle,9,245
1567960432325,large_vehicle,6,157
1570193516634,large_vehicle,3,181
1566190318741,large_vehicle,9,117
1574249997904,small_vehicle,1,323
1577662644348,large_vehicle,3,146
1573718018457,large_vehicle,1,200
1573638244619,large_vehicle,7,43
1573628643076,large_vehicle,9,166
1573254526749,large_vehicle,0,214
1583850185874,small_vehicle,5,83
1565770839771,large_vehicle,5,131
1585601070970,small_vehicle,9,13
1577845208327,large_vehicle,1,345
1567761787875,large_vehicle,4,17
1580741681480,small_vehicle,7,212
1570046624626,large_vehicle,4,36
1578958537479,large_vehicle,6,58
1581741066938,large_vehicle,3,32
1582856575075,small_vehicle,4,64
1572395000817,large_vehicle,4,178
1586602890314,large_vehicle,2,219
1568673925969,small_vehicle,2,200
1569795654614,small_vehicle,0,44
1586495362458,small_vehicle,4,300
1579942819025,small_vehicle,7,93
1565628198345,small_vehicle,3,141
1566564918858,large_vehicle,0,76
1571144604744,small_vehicle,1,57
1580840016920,small_vehicle,0,129
1571939573766,large_vehicle,7,306
1574401799265,small_vehicle,1,67
1574538916466,small_vehicle,4,136
1568525283234,large_vehicle,1,303
1579920449777,small_vehicle,8,238
1583098895782,large_vehicle,6,245
1573695276856,small_vehicle,5,50
1575721190421,large_vehicle,10,235
1584466577971,small_vehicle,9,258
1577363831297,large_vehicle,8,309
1566807651711,small_vehicle,4,159
1585735567829,small_vehicle,6,6
1585386361577,small_vehicle,8,187
1570357959543,large_vehicle,6,40
1577242292147,small_vehicle,1,97
1570905662767,large_vehicle,5,27
1585376451397,small_vehicle,0,158
1567467114162,large_vehicle,7,107
1565715031792,large_vehicle,8,199
1575704219513,large_vehicle,6,169
1575789769911,large_vehicle,0,175
1579967231077,small_vehicle,7,310
1579427642795,large_vehicle,8,140
1578199553065,small_vehicle,0,78
1574784479830,small_vehicle,2,291
1577069076890,large_vehicle,8,353
1584912612387,small_vehicle,2,204
1566340627492,large_vehicle,2,140
1579143478547,small_vehicle,2,262
1584139691349,large_vehicle,6,260
1584978292253,small_vehicle,4,33
1578024388637,small_vehicle,0,103
1580453462934,small_vehicle,10,150
1585339073853,small_vehicle,3,230
1572627674815,large_vehicle,9,106
1567482615263,large_vehicle,5,325
1565471131150,large_vehicle,5,166
1570899497787,small_vehicle,0,142
1572574760799,small_vehicle,1,111
1576029357812,small_vehicle,1,332
1575445263479,small_vehicle,2,181
1569583385722,small_vehicle,9,8
1581949806827,large_vehicle,8,68
1582155920531,large_vehicle,7,297
1584023542351,small_vehicle,6,84
1567792769547,small_vehicle,7,303
1585125257749,large_vehicle,9,42
1575370721601,small_vehicle,10,41
1586018986343,small_vehicle,6,177
1583529053794,large_vehicle,10,230
1578769981075,small_vehicle,3,148
1570659726661,small_vehicle,7,106
1578820848537,large_vehicle,7,345
1566508457884,small_vehicle,0,206
1567535720720,small_vehicle,5,143
1570363196673,large_vehicle,10,334
1577621804155,small_vehicle,6,99
1576693247968,large_vehicle,9,64
1576763812500,small_vehicle,1,264
1578173504081,large_vehicle,9,4
1586057319068,large_vehicle,1,26
1574411141935,large_vehicle,9,308
1582681574263,large_vehicle,3,80
1567908676816,large_vehicle,6,325
1573681686675,large_vehicle,9,7
1578070848689,small_vehicle,2,198
1570323208363,small_vehicle,3,233
1584967010324,small_vehicle,2,318
1567820897809,large_vehicle,0,275
1571622321162,large_vehicle,1,271
1571332382657,large_vehicle,7,155
1585822955942,large_vehicle,10,330
1569400300656,small_vehicle,2,38
1577592020472,large_vehicle,1,219
1570257627253,small_vehicle,9,289
1585579689893,small_vehicle,3,193
1566779994569,large_vehicle,8,174
1568813535752,large_vehicle,7,85
1568600931037,large_vehicle,7,153
1576013822660,large_vehicle,8,303
1572152265952,large_vehicle,7,326
1567977222744,large_vehicle,10,139
1575769827172,small_vehicle,8,189
1582854084404,small_vehicle,8,312
1576890914488,small_vehicle,9,40
1580379164760,small_vehicle,3,302
1585772880470,large_vehicle,1,113
1581309241022,small_vehicle,6,279
1565028202282,large_vehicle,4,330
1584366933341,small_vehicle,3,306
1575964232866,small_vehicle,9,306
1581494200116,small_vehicle,5,127
1565354710112,large_vehicle,10,49
1568861453896,small_vehicle,9,325
1580280165824,large_vehicle,5,312
1565021530180,small_vehicle,10,1
1578806309750,small_vehicle,8,225
1585293705517,small_vehicle,0,333
1582997950729,large_vehicle,8,116
1576799303726,small_vehicle,4,349
1567950935758,small_vehicle,8,346
1572556154613,small_vehicle,10,252
1566273686125,large_vehicle,7,352
1586668793952,large_vehicle,5,164
1571547014981,small_vehicle,7,357
1570867103945,large_vehicle,10,329
1581474036963,large_vehicle,2,359
1585381624130,large_vehicle,9,348
1566649558358,large_vehicle,4,307
1575668602649,small_vehicle,0,137
1570232308774,small_vehicle,2,222
1565538810859,large_vehicle,4,4
1585161289413,large_vehicle,6,93
1573160119811,large_vehicle,5,358
1577315665892,large_vehicle,6,184
1575307819559,small_vehicle,9,26
1581470578916,large_vehicle,1,278
1579564388600,small_vehicle,10,64
1579755615978,small_vehicle,3,312
1564719666054,small_vehicle,5,108
1583378370882,large_vehicle,1,200
1573408469927,large_vehicle,1,65
1571898353871,large_vehicle,4,112
1574105004113,large_vehicle,3,250
1573943153252,large_vehicle,5,222
1570606485216,small_vehicle,0,167
1564771590790,large_vehicle,6,36
1569488674117,large_vehicle,9,181
1565364478751,small_vehicle,4,91
1564823610018,large_vehicle,7,17
1566559104735,large_vehicle,3,82
1567189928974,large_vehicle,0,13
1567753289818,large_vehicle,5,342
1565553088650,large_vehicle,8,108
1574512748339,large_vehicle,5,102
1567552917404,large_vehicle,1,264
1582282369208,small_vehicle,3,174
1576376369712,small_vehicle,6,102
1581947462441,large_vehicle,6,55
1580600204056,large_vehicle,2,220
1575148609782,large_vehicle,10,166
1575154744866,large_vehicle,1,301
1568238999574,small_vehicle,6,227
1586529632756,small_vehicle,8,115
1586277133935,small_vehicle,5,217
1581870447534,small_vehicle,0,296
1581231329507,small_vehicle,4,300
1573262939748,small_vehicle,3,339
1578761678185,large_vehicle,2,33
1577386108154,large_vehicle,7,132
1569583844803,large_vehicle,1,82
1568909502964,large_vehicle,6,11
1568749051574,small_vehicle,2,207
1574172665658,small_vehicle,7,149
1564699517650,small_vehicle,7,96
1579952867615,large_vehicle,0,247
1584642334544,large_vehicle,7,102
1574454331189,large_vehicle,7,188
1576922354755,small_vehicle,3,75
1569651553086,small_vehicle,7,124
1586603507471,small_vehicle,1,36
1567007873129,small_vehicle,10,168
1583323213804,large_vehicle,1,69
1578660790785,small_vehicle,9,284
1579656765619,large_vehicle,8,254
1582983562598,small_vehicle,7,228
1583245216566,small_vehicle,0,296
1570192016792,small_vehicle,8,56
1580959057513,small_vehicle,10,177
1586570663121,large_vehicle,1,186
1582548432519,large_vehicle,10,320
1568002479060,large_vehicle,3,130
1575427130499,large_vehicle,7,114
1575681169155,small_vehicle,10,57
1577250609557,large_vehicle,7,219
1586009869785,large_vehicle,9,300
1577103145420,small_vehicle,0,342
1577712197790,large_vehicle,5,306
1571098225036,large_vehicle,1,72
1579878723748,large_vehicle,10,150
1565343050909,small_vehicle,9,317
1582655865473,small_vehicle,0,248
1584012541286,large_vehicle,6,181
