1565611672172,small_vehicle,4,8
1578488203535,large_vehicle,6,90
1580621814225,large_vehicle,2,320
1571220015696,small_vehicle,6,347
1566210196898,small_vehicle,5,209
1577272205128,large_vehicle,7,274
1585418486898,small_vehicle,4,65
1583425360421,large_vehicle,6,260
1576393427861,small_vehicle,2,105
1579982396356,large_vehicle,8,26
1580061222961,small_vehicle,4,22
1575913419262,small_vehicle,4,106
1571139491697,large_vehicle,4,166
1581924476694,large_vehicle,1,152
1566863272756,small_vehicle,7,151
1586222629726,large_vehicle,4,230
1576655144731,large_vehicle,2,163
1572391751716,small_vehicle,6,224
1564834251980,large_vehicle,6,164
1585057893804,large_vehicle,5,332
1567787324363,small_vehicle,9,175
1568548537461,large_vehicle,5,21
1583973865788,large_vehicle,10,17
1572061445869,small_vehicle,4,218
1570194031403,large_vehicle,2,211
1571068809923,small_vehicle,7,26
1579274689055,large_vehicle,3,231
1580885950268,small_vehicle,5,347
1567379878111,large_vehicle,6,225
1581488274981,small_vehicle,9,204
1575277078431,large_vehicle,6,112
1570831832093,small_vehicle,10,123
1581244553892,large_vehicle,4,105
1581632942850,small_vehicle,2,199
1576149005168,small_vehicle,8,168
1580634174285,small_vehicle,6,354
1564990957119,large_vehicle,4,2
1578033050701,large_vehicle,3,3
1581864447546,large_vehicle,10,134
1582681030665,large_vehicle,10,277
1586661657589,small_vehicle,9,113
1585496876644,small_vehicle,1,278
1566979992649,large_vehicle,3,102
1568330592560,large_vehicle,1,241
1579958998955,small_vehicle,2,205
1577462995569,large_vehicle,9,114
1582672273537,large_vehicle,10,214
1572501987719,large_vehicle,5,170
1575346977003,small_vehicle,5,5
1585083649819,large_vehicle,8,2
1566145791783,small_vehicle,9,13
1577007765363,large_vehicle,5,300
1585426507536,large_vehicle,2,209
1585042579495,large_vehicle,5,281
1570121164500,small_vehicle,5,359
1580689890256,small_vehicle,7,194
1573615373864,small_vehicle,0,340
1586275785941,large_vehicle,9,94
1566404824129,large_vehicle,7,156
1568250168917,large_vehicle,0,201
1569039058826,small_vehicle,1,17
1581699972727,large_vehicle,9,331
1577031939604,small_vehicle,4,191
1584518983531,large_vehicle,7,339
1564878500413,small_vehicle,2,143
1573581475865,small_vehicle,7,71
1571217939711,small_vehicle,3,309
1572256769269,small_vehicle,4,43
1565705856330,small_vehicle,10,64
1583196927509,small_vehicle,2,191
1566652989904,small_vehicle,0,216
1569305708558,small_vehicle,1,139
1573277673854,large_vehicle,9,185
1576857807624,large_vehicle,3,258
1586335639734,large_vehicle,5,11
1581256063757,large_vehicle,10,180
1581326962370,small_vehicle,6,123
1578628306454,large_vehicle,2,141
1580748734009,small_vehicle,2,38
1582404676390,large_vehicle,10,204
1577327296331,large_vehicle,6,357
1571649158399,small_vehicle,6,158
1569980885574,large_vehicle,4,351
1566714383656,large_vehicle,2,275
1580308805106,small_vehicle,3,73
1566785651106,small_vehicle,1,79
1582912927106,small_vehicle,10,274
1568502061940,large_vehicle,5,97
1576655767652,large_vehicle,10,73
1578345137098,small_vehicle,3,160
1567731922041,small_vehicle,10,37
1580819923881,large_vehicle,5,150
1568854804948,large_vehicle,0,245
1570234027938,small_vehicle,9,349
1570519600534,large_vehicle,7,189
1583154114435,large_vehicle,7,200
1571796646374,large_vehicle,6,84
1566908102123,small_vehicle,5,216
1586150514135,large_vehicle,2,338
1582977713786,small_vehicle,1,94
1567964715143,large_vehicle,4,226
1578472295393,small_vehicle,10,274
1573024175608,large_vehicle,6,80
1579354040540,small_vehicle,7,160
1572650806412,small_vehicle,5,147
1578788005866,small_vehicle,9,65
1570481529572,large_vehicle,5,17
1585511347323,large_vehicle,9,47
1566564874685,small_vehicle,0,147
1577937639707,large_vehicle,1,273
1574804170688,small_vehicle,3,264
1579762823092,small_vehicle,2,109
1574352932000,small_vehicle,0,230
1574992102119,large_vehicle,10,247
1565242783839,small_vehicle,3,96
1581977430794,small_vehicle,7,155
1570873124345,small_vehicle,1,226
1567482339718,small_vehicle,7,141
1577784161858,large_vehicle,4,65
1571295635987,small_vehicle,9,136
1572025086041,large_vehicle,4,191
1571341453191,large_vehicle,5,64
1582408570942,small_vehicle,0,283
1577868664595,small_vehicle,8,234
1571359987719,small_vehicle,2,37
1582725439267,small_vehicle,5,191
1583589558672,small_vehicle,3,5
1568352559345,small_vehicle,10,165
1586648759681,small_vehicle,6,152
1571996634419,large_vehicle,9,189
1579211759688,large_vehicle,2,4
1567762064663,small_vehicle,10,339
1571397125786,large_vehicle,3,8
1575726165085,small_vehicle,4,280
1585891227219,small_vehicle,8,51
1585632604919,small_vehicle,10,192
1578341443384,small_vehicle,7,2
1565851618124,small_vehicle,10,355
1570724043223,small_vehicle,4,218
1585825886030,large_vehicle,3,311
1578093121325,small_vehicle,7,204
1584372522549,small_vehicle,7,222
1578086981831,large_vehicle,1,281
1564685112602,large_vehicle,4,154
1579238115492,large_vehicle,10,344
1565805380815,small_vehicle,3,28
1580550994751,large_vehicle,0,275
1581031334380,small_vehicle,6,222
1581978487865,small_vehicle,1,278
1566841021440,small_vehicle,3,169
1569531294975,small_vehicle,6,276
1571914508944,small_vehicle,9,258
1579151602133,small_vehicle,0,8
1567045338018,small_vehicle,7,199
1583771959266,large_vehicle,10,180
1584560674350,large_vehicle,7,138
1582855174691,small_vehicle,8,90
1576159758007,small_vehicle,7,299
1576525857645,large_vehicle,0,7
1586125468790,large_vehicle,7,93
1566139000193,small_vehicle,2,286
1577403290653,small_vehicle,5,27
1569363082199,large_vehicle,10,24
1573784428545,small_vehicle,2,224
1570970454607,small_vehicle,0,303
1576399489583,large_vehicle,2,205
1566093342064,large_vehicle,7,330
1573931043944,large_vehicle,5,305
1565928882840,large_vehicle,0,92
1585738159393,small_vehicle,4,50
1576458375252,small_vehicle,7,267
1573654671904,small_vehicle,9,56
1567025409021,large_vehicle,0,140
1582844120145,large_vehicle,3,159
1571883749102,small_vehicle,7,24
1586717558369,large_vehicle,1,257
1572469405877,small_vehicle,1,283
1586127869547,small_vehicle,3,27
1576654340740,large_vehicle,5,193
1571293635251,small_vehicle,3,163
1569050716897,large_vehicle,5,273
1577477792786,large_vehicle,6,39
1585921346187,small_vehicle,7,259
1572915651098,large_vehicle,5,34
1575031878928,small_vehicle,10,116
1575028275195,small_vehicle,2,142
1583597918309,small_vehicle,6,2
1585432525779,large_vehicle,10,343
1582478790339,large_vehicle,3,124
1567272457680,small_vehicle,3,100
1567347338279,small_vehicle,6,304
1578665552266,large_vehicle,7,156
1583483900252,large_vehicle,8,13
1567823813026,large_vehicle,3,331
1579434647975,large_vehicle,5,149
1566013263899,large_vehicle,3,232
1577964147669,small_vehicle,8,341
1576344925335,small_vehicle,1,308
1579694615369,large_vehicle,2,160
1573548933316,large_vehicle,3,341
1576075569447,small_vehicle,3,105
1570198574856,small_vehicle,7,29
1583493480300,large_vehicle,5,77
1578190752220,small_vehicle,10,83
1569635113861,large_vehicle,0,310
1576963983026,small_vehicle,9,229
1578490395144,small_vehicle,4,266
1569144377327,large_vehicle,3,229
1578100558947,small_vehicle,0,268
1582391901068,small_vehicle,8,229
1571443214819,large_vehicle,7,344
1585355845484,large_vehicle,7,214
1584510395807,large_vehicle,7,276
1574295666820,large_vehicle,9,70
1579147899099,small_vehicle,8,344
1575149332973,large_vehicle,7,251
1576780088647,large_vehicle,10,323
1586022165535,small_vehicle,10,233
1573790883222,large_vehicle,9,204
1570746872737,large_vehicle,4,119
1585813235463,large_vehicle,5,290
1578347520240,small_vehicle,1,215
1568791338221,large_vehicle,4,62
1570062232298,small_vehicle,3,200
1571411449477,small_vehicle,0,44
1571532974541,large_vehicle,1,31
1570307234280,large_vehicle,4,311
1580266966080,large_vehicle,5,305
1578626137433,large_vehicle,2,219
1565897428727,small_vehicle,5,337
1582669008587,large_vehicle,2,111
1576132788838,small_vehicle,9,98
1581951679035,large_vehicle,3,173
1578877439134,small_vehicle,0,5
1580900912040,small_vehicle,2,53
1581814555759,small_vehicle,9,62
1569319634104,small_vehicle,7,328
1583740264465,large_vehicle,6,126
1583918720333,small_vehicle,3,107
1583175875943,small_vehicle,6,154
1580386972761,small_vehicle,0,43
1585906764817,large_vehicle,6,16
1573237613116,large_vehicle,10,64
1574281100421,large_vehicle,2,99
1576798134938,large_vehicle,2,356
1577218109362,small_vehicle,8,199
1567363668291,small_vehicle,10,253
1565935354705,small_vehicle,7,108
1570360962211,small_vehicle,7,353
1579615424021,large_vehicle,7,40
1574392263691,large_vehicle,6,274
1583122597724,large_vehicle,0,284
1573158497437,small_vehicle,4,93
1576870718949,large_vehicle,7,302
1573337383049,large_vehicle,0,194
1583921534554,large_vehicle,0,14
1573112778258,large_vehicle,6,142
1578673172512,large_vehicle,7,42
1582936828289,small_vehicle,1,169
1573093687249,small_vehicle,7,186
1578546576336,large_vehicle,3,38
1575440931135,large_vehicle,10,233
1581451364114,large_vehicle,3,234
1580664576726,small_vehicle,1,136
1578733321788,large_vehicle,6,183
1569363628866,small_vehicle,3,155
1582220207301,small_vehicle,2,252
1572064005823,large_vehicle,6,251
1585468242096,large_vehicle,7,100
1571507350486,small_vehicle,4,15
1580777733011,small_vehicle,2,37
1575848279636,small_vehicle,6,118
1586462695411,small_vehicle,10,128
1586107011904,large_vehicle,2,139
1568893293860,large_vehicle,5,5
1571099880776,small_vehicle,0,257
1584731365612,large_vehicle,1,134
1585331608035,large_vehicle,10,233
1569051599543,small_vehicle,0,156
1569068025836,large_vehicle,2,27
1584703474471,large_vehicle,8,68
1567334804671,large_vehicle,4,346
1586358375145,large_vehicle,0,16
1584601920739,small_vehicle,7,331
1571603578786,large_vehicle,2,23
1573634476524,large_vehicle,4,3
1574278387435,small_vehicle,10,314
1575773944985,large_vehicle,0,2
1585051443854,large_vehicle,2,132
1571213554137,large_vehicle,1,65
1566826832915,small_vehicle,2,132
1574810627806,small_vehicle,3,182
1578776294476,small_vehicle,2,44
1574553082064,small_vehicle,10,233
1565116431128,small_vehicle,9,186
1584886345045,small_vehicle,7,178
1581715924199,large_vehicle,7,282
1584170397789,small_vehicle,5,160
1573168961728,small_vehicle,1,68
1578519148438,small_vehicle,1,337
1566353492072,small_vehicle,6,201
1580998143436,large_vehicle,5,280
1579679695055,large_vehicle,5,347
1566562459847,small_vehicle,2,22
1586403263161,small_vehicle,1,244
1569981667231,small_vehicle,5,22
1573924454908,small_vehicle,1,293
1585065621242,large_vehicle,3,354
1582349457583,small_vehicle,3,80
1583158358941,small_vehicle,6,55
1581365538063,large_vehicle,7,76
1585151639619,small_vehicle,3,342
1565079848754,large_vehicle,8,158
1565641415885,large_vehicle,3,20
1574112722462,large_vehicle,3,236
1567910566970,large_vehicle,7,139
1566439832222,large_vehicle,0,288
1580613827480,small_vehicle,8,173
1580208475216,large_vehicle,10,147
1565064291786,small_vehicle,9,351
1577257561009,small_vehicle,10,140
1584296722788,small_vehicle,2,270
1574915449630,large_vehicle,4,110
1576117797894,large_vehicle,10,145
1575738336830,small_vehicle,10,227
1576031746710,small_vehicle,2,26
1565474282326,small_vehicle,8,164
1566780262867,small_vehicle,6,70
1565516768344,large_vehicle,4,181
1567002204184,small_vehicle,3,236
1578550174940,large_vehicle,6,153
1566300829037,large_vehicle,5,127
1575354530295,small_vehicle,8,173
1585270342354,small_vehicle,0,104
1576134479632,small_vehicle,1,147
1572238451481,large_vehicle,9,287
1578527149670,small_vehicle,0,179
1576588173476,large_vehicle,2,133
1574604844674,small_vehicle,7,38
1573191710409,large_vehicle,7,43
1582078699430,small_vehicle,4,27
1572693465358,large_vehicle,8,239
1567131179411,large_vehicle,4,110
1569854415097,small_vehicle,0,323
1567184598686,small_vehicle,3,276
1577893582009,large_vehicle,6,106
1576944598695,large_vehicle,1,293
1571069217379,small_vehicle,9,33
1582919438399,small_vehicle,4,117
1564939177325,large_vehicle,3,16
1577493166211,small_vehicle,4,223
1585701278890,small_vehicle,3,251
1567066179995,large_vehicle,4,71
1575672923585,small_vehicle,7,157
1581829494553,small_vehicle,4,211
1570819554332,small_vehicle,3,114
1576510634702,small_vehicle,10,59
1578128488232,large_vehicle,8,203
1568527041057,large_vehicle,10,32
1567528905556,small_vehicle,5,32
1578760503494,small_vehicle,6,97
1574525618896,small_vehicle,9,353
1567059443440,large_vehicle,1,92
1568408523110,small_vehicle,2,159
1573939352291,small_vehicle,0,292
1573764449772,large_vehicle,10,295
1580683475940,small_vehicle,3,128
1570342858964,small_vehicle,9,305
1571094709018,large_vehicle,3,291
1573108302748,small_vehicle,1,63
1576389352596,small_vehicle,3,353
1582734775007,large_vehicle,6,39
1581148334013,small_vehicle,10,63
1586635060318,large_vehicle,2,78
1579680927102,large_vehicle,6,341
1581132857405,large_vehicle,7,167
1581992041040,small_vehicle,3,350
1579815641770,small_vehicle,7,158
1582341579327,small_vehicle,3,201
1568510246472,large_vehicle,1,26
1568467926850,large_vehicle,2,208
1568314042686,small_vehicle,2,69
1572075138796,small_vehicle,6,43
1577122139510,small_vehicle,5,172
1566352914774,large_vehicle,7,194
1578514981088,small_vehicle,0,100
1573052570293,large_vehicle,7,317
1579968287074,small_vehicle,4,50
1572267180208,large_vehicle,10,344
1566068600245,small_vehicle,6,245
1574152876700,large_vehicle,6,87
1566925251802,large_vehicle,8,305
1569110133477,small_vehicle,9,292
1586209688739,small_vehicle,4,242
1571588373363,small_vehicle,3,186
1573713428232,large_vehicle,8,195
1582903561166,small_vehicle,6,331
1574971205712,small_vehicle,1,9
1577491076554,large_vehicle,6,215
1575827091626,large_vehicle,2,291
1565643216451,small_vehicle,9,320
1565338288261,small_vehicle,3,75
1576250256554,small_vehicle,2,94
1566780951604,large_vehicle,9,167
1567116408299,small_vehicle,0,219
1579326343740,large_vehicle,8,59
1583668065486,small_vehicle,4,130
1568089801155,large_vehicle,2,39
1581333599750,small_vehicle,2,213
1567005429239,large_vehicle,9,53
1582268956505,small_vehicle,8,307
1575360405340,large_vehicle,6,254
1572948393817,large_vehicle,4,73
1572219534828,large_vehicle,10,164
1574469299088,large_vehicle,3,174
1586386272811,small_vehicle,5,66
1569485829615,large_vehicle,3,117
1573586511712,small_vehicle,4,149
1565615258540,small_vehicle,5,345
1569557311113,large_vehicle,6,238
1569982430228,small_vehicle,10,63
1568555042726,small_vehicle,10,211
1575623643601,small_vehicle,7,83
1573894012987,small_vehicle,3,113
1567182987884,small_vehicle,7,92
1574663650987,large_vehicle,4,207
1580233459634,large_vehicle,4,285
1582128663676,large_vehicle,3,282
1568489700010,large_vehicle,3,357
1571426772074,small_vehicle,2,312
1574510791037,small_vehicle,6,1
1569601591101,large_vehicle,0,182
1578423281918,small_vehicle,9,20
1575217996160,small_vehicle,7,219
1564768804709,large_vehicle,9,91
1583136684891,small_vehicle,0,254
1566540281868,small_vehicle,7,313
1581761199033,small_vehicle,3,162
1580609228069,large_vehicle,4,211
1582180181816,small_vehicle,6,242
1580330743641,small_vehicle,9,86
1580655579872,large_vehicle,4,131
1570754447747,small_vehicle,5,72
1579504736935,small_vehicle,4,87
1578144198742,large_vehicle,4,153
1566038030285,large_vehicle,5,163
1582489637458,large_vehicle,4,72
1569774211834,large_vehicle,3,306
1575661874915,large_vehicle,10,281
1574633798477,small_vehicle,10,78
1572421042946,large_vehicle,4,292
1567406031742,large_vehicle,7,232
1567101933882,large_vehicle,2,166
1576855613437,large_vehicle,5,12
1574335270921,large_vehicle,0,38
1584862271084,large_vehicle,6,211
1579476196595,small_vehicle,4,124
1576180945807,small_vehicle,8,114
1573895013794,large_vehicle,7,205
1574948135694,small_vehicle,7,302
1575754432037,small_vehicle,4,270
1568977840350,large_vehicle,5,268
1584596950249,large_vehicle,8,227
1577064169791,small_vehicle,5,253
1582701320454,large_vehicle,2,152
1574598819084,large_vehicle,10,74
1583026835022,large_vehicle,10,256
1576213113287,small_vehicle,10,71
1584792889547,small_vehicle,9,305
1579320518262,small_vehicle,10,147
1570805865564,small_vehicle,7,171
1567720681898,large_vehicle,8,61
1586600863874,small_vehicle,6,295
1567176022128,small_vehicle,9,312
1581380520339,small_vehicle,10,175
1581626439397,large_vehicle,1,78
1566216499917,small_vehicle,0,6
1580159946220,small_vehicle,7,191
1586712855195,large_vehicle,3,158
1575135628487,small_vehicle,0,216
1577953293230,large_vehicle,1,360
1581918465235,large_vehicle,10,58
1582162790930,large_vehicle,0,337
1582833113426,small_vehicle,0,333
1564993545597,large_vehicle,5,244
1584713727741,large_vehicle,5,55
1577645063355,large_vehicle,0,191
1577936279683,large_vehicle,7,293
1582929160191,large_vehicle,8,284
1581774355566,small_vehicle,9,152
1583429717559,small_vehicle,5,328
1575296576972,large_vehicle,7,142
1572825531566,small_vehicle,0,82
1581343496905,small_vehicle,6,216
1580973988189,large_vehicle,2,230
1575651883069,large_vehicle,0,97
1568132919009,small_vehicle,8,232
1574614071806,large_vehicle,0,348
1581336174937,small_vehicle,5,92
1568000454720,small_vehicle,4,31
1572718720412,large_vehicle,9,357
1582999567920,small_vehicle,4,101
1565802052960,small_vehicle,9,216
1578985972261,large_vehicle,1,75
1578870697095,small_vehicle,4,60
1575608529014,large_vehicle,5,332
1586194977025,small_vehicle,4,51
1568678461691,large_vehicle,5,17
1564654090190,large_vehicle,10,357
1571596884604,large_vehicle,10,189
1564932085077,large_vehicle,9,242
1570483668501,large_vehicle,8,341
1581842121636,small_vehicle,2,325
1569226962940,large_vehicle,10,71
1565185383775,large_vehicle,0,313
1569885463341,small_vehicle,4,5
1574619159579,small_vehicle,10,202
1574149682448,small_vehicle,8,67
1567492536617,small_vehicle,9,76
1579324968705,small_vehicle,7,112
1583560743944,small_vehicle,0,260
1580219380306,small_vehicle,5,6
1580563608158,large_vehicle,8,142
1572099940645,large_vehicle,8,253
1580069644254,small_vehicle,2,38
1584735937817,small_vehicle,7,89
1566941643098,small_vehicle,2,263
1575766096571,large_vehicle,2,219
1575481660373,small_vehicle,9,242
1567815221500,large_vehicle,10,263
1574207696123,small_vehicle,5,335
1565418503818,small_vehicle,4,300
1585127796605,small_vehicle,0,74
1574020851164,large_vehicle,8,310
1580472444196,small_vehicle,10,38
1569646529391,small_vehicle,9,277
1565228691316,large_vehicle,5,227
1578527459593,large_vehicle,4,265
1582946855432,small_vehicle,4,176
1576703733288,small_vehicle,2,58
1565444599340,small_vehicle,7,24
1577541472982,large_vehicle,6,267
1585034085955,small_vehicle,1,175
1577162498940,large_vehicle,0,233
1568243916830,large_vehicle,10,259
1578669462559,large_vehicle,5,170
1575166964501,small_vehicle,10,143
1579064682532,large_vehicle,2,194
1576889629609,small_vehicle,1,142
1574590710228,small_vehicle,4,160
1568102698146,large_vehicle,10,207
1579435990344,large_vehicle,10,17
1575234787151,large_vehicle,5,249
1580826609191,large_vehicle,6,191
1581832222765,small_vehicle,9,216
1584453695341,large_vehicle,8,33
1578540815380,large_vehicle,8,244
1568994811304,small_vehicle,7,247
1566381682664,small_vehicle,0,130
1568444372637,large_vehicle,1,235
1579317739966,large_vehicle,0,327
1576464618591,large_vehicle,0,275
1576183751056,large_vehicle,8,337
1569850011393,large_vehicle,2,93
1567229114485,large_vehicle,2,3
1581961018215,large_vehicle,5,218
1572349473832,small_vehicle,9,63
1579669268643,large_vehicle,6,194
1581641495432,large_vehicle,2,289
1567762570672,large_vehicle,6,135
1582647713815,large_vehicle,4,203
1575819679097,large_vehicle,2,315
1586416733987,small_vehicle,8,229
1581834410986,large_vehicle,8,81
1575542786659,small_vehicle,8,9
1575565697688,large_vehicle,9,267
1567515147730,large_vehicle,7,35
1581597670636,small_vehicle,1,153
1582951100533,large_vehicle,3,54
1572551392335,small_vehicle,6,84
1564998133457,small_vehicle,7,204
1572677632251,large_vehicle,1,188
1574785406533,large_vehicle,5,35
1584390820805,small_vehicle,0,262
1585040859330,large_vehicle,3,72
1570947016098,small_vehicle,2,8
1585410253591,large_vehicle,1,295
1585536418583,large_vehicle,6,321
1579663737578,small_vehicle,3,55
1570888686369,small_vehicle,5,190
1572201990526,small_vehicle,7,250
1568641602433,large_vehicle,10,113
1582706963170,small_vehicle,0,82
1566575126556,small_vehicle,4,101
1581466786912,small_vehicle,8,221
1571530176308,small_vehicle,8,112
1578926049008,large_vehicle,10,358
1565828917446,small_vehicle,6,199
1581416334390,small_vehicle,10,167
1567715622352,large_vehicle,2,304
1582181564809,large_vehicle,1,23
1584533819267,large_vehicle,1,20
1579430064012,large_vehicle,3,147
1580018867939,small_vehicle,10,116
1585775768955,large_vehicle,6,359
1586207679631,large_vehicle,8,70
1577670823879,large_vehicle,5,220
1573929290236,small_vehicle,4,27
1576663789213,small_vehicle,5,189
1581753001506,small_vehicle,2,30
1579287659235,large_vehicle,4,236
1581296822827,large_vehicle,4,178
1584936682826,small_vehicle,6,151
1574123063973,large_vehicle,0,151
1583826282473,small_vehicle,5,230
1573326040669,large_vehicle,0,195
1582868626828,small_vehicle,2,150
1574531320962,small_vehicle,6,243
1575857733333,small_vehicle,10,225
1577867500340,large_vehicle,3,50
1568991566652,large_vehicle,7,288
1586483417420,large_vehicle,3,138
1566738641326,small_vehicle,6,111
1571302926638,small_vehicle,3,358
1576826028513,large_vehicle,3,293
1565844732002,large_vehicle,0,284
1570293537840,small_vehicle,3,95
1582244544387,small_vehicle,1,278
1565095317198,large_vehicle,3,290
1581051326260,small_vehicle,2,23
1567787151142,large_vehicle,6,43
1571576433067,small_vehicle,3,159
1572930694237,large_vehicle,0,297
1564846135806,small_vehicle,9,58
1567730274209,small_vehicle,8,86
1584827146576,small_vehicle,2,35
1571716116575,small_vehicle,2,5
1565057071188,small_vehicle,0,89
1565288372795,large_vehicle,0,322
1575192237182,large_vehicle,3,99
1572847283312,small_vehicle,2,110
1573237751836,large_vehicle,9,52
1577819205015,small_vehicle,6,128
1581592942016,large_vehicle,0,232
1580069499232,large_vehicle,7,342
1582793204737,large_vehicle,4,40
1566468550372,large_vehicle,0,292
1577383552045,large_vehicle,4,86
1568256860590,small_vehicle,7,102
1585809571241,large_vehicle,1,84
1567616743073,large_vehicle,0,84
1568216568655,large_vehicle,3,290
1579783578522,small_vehicle,9,305
1585467296809,small_vehicle,6,122
1581118352517,large_vehicle,3,318
1583946424887,small_vehicle,9,191
1576115963043,small_vehicle,8,182
1576369526796,small_vehicle,10,26
1580131923868,large_vehicle,10,181
1576657166839,small_vehicle,6,333
1585104891427,large_vehicle,6,306
1576448420659,large_vehicle,8,243
1567238673966,large_vehicle,0,142
1573286554775,small_vehicle,5,25
1568816830163,large_vehicle,2,126
1576364164021,small_vehicle,5,44
1574581713097,small_vehicle,9,357
1570989480331,small_vehicle,9,250
1572337368329,small_vehicle,8,315
1575107069947,large_vehicle,7,285
1580768664122,large_vehicle,3,51
1567341016865,small_vehicle,4,44
1573535566200,small_vehicle,5,284
1573533740310,small_vehicle,0,274
1581581188467,large_vehicle,1,123
1576178868425,large_vehicle,4,264
1583384008457,large_vehicle,3,245
1570544635819,small_vehicle,9,252
1570213431971,small_vehicle,0,67
1585844697085,small_vehicle,6,135
1569808732289,large_vehicle,6,261
1565361862680,small_vehicle,1,66
1584876140078,small_vehicle,6,46
1570462312754,small_vehicle,10,225
1576803490452,small_vehicle,6,110
1581750082013,small_vehicle,7,353
1571712504293,large_vehicle,5,41
1581625795364,small_vehicle,10,102
1586433636338,large_vehicle,6,66
1576852754283,small_vehicle,4,325
1586070811157,small_vehicle,1,163
1572109137496,large_vehicle,6,156
1583089966006,small_vehicle,2,0
1571142102725,large_vehicle,1,352
1580786028807,large_vehicle,9,242
1570400210662,small_vehicle,8,101
1581733628128,small_vehicle,3,37
1578901958901,small_vehicle,6,25
1569145325070,small_vehicle,8,109
1569478909317,small_vehicle,10,328
1580574950319,small_vehicle,10,308
1580205833742,small_vehicle,4,100
1578287370780,small_vehicle,3,131
1584043399667,small_vehicle,10,47
1574154882989,large_vehicle,8,211
1582537983864,small_vehicle,4,164
1585909924835,small_vehicle,6,176
1573482703237,small_vehicle,4,121
1575301604458,large_vehicle,10,105
1571275855885,large_vehicle,8,282
1573935818491,small_vehicle,9,274
1586378287530,small_vehicle,10,300
1573901434296,small_vehicle,5,252
1586299336543,small_vehicle,3,27
1580392876497,small_vehicle,2,213
1574880201507,small_vehicle,2,86
1570311713222,small_vehicle,9,19
1578340302320,large_vehicle,0,148
1573161224640,small_vehicle,10,327
1577888404953,small_vehicle,2,181
1583042584279,small_vehicle,4,78
1580854510797,large_vehicle,2,244
1573108600118,large_vehicle,8,329
1579489516872,small_vehicle,10,34
1574884744400,large_vehicle,8,108
1579642195867,large_vehicle,10,339
1582840529579,small_vehicle,7,107
1582048879575,large_vehicle,6,150
1576249028231,small_vehicle,1,91
1567753027001,large_vehicle,1,346
1566767806889,large_vehicle,2,142
1566383590553,small_vehicle,4,53
1572725662804,large_vehicle,8,118
1568541233969,small_vehicle,3,271
1568006106770,large_vehicle,5,72
1570418255122,small_vehicle,5,249
1571575504997,large_vehicle,0,213
1577973285964,small_vehicle,8,21
1571599773885,small_vehicle,5,274
1564855930157,small_vehicle,7,89
1567920765896,small_vehicle,5,252
1581299437139,small_vehicle,3,305
1574942810704,small_vehicle,2,262
1582089136268,large_vehicle,10,16
1584887917750,large_vehicle,4,40
1586542434400,large_vehicle,0,307
1579998354859,small_vehicle,8,141
1578580646788,large_vehicle,10,345
1569946591781,small_vehicle,1,152
1568008159294,large_vehicle,8,153
1572418447568,small_vehicle,10,280
1571698488614,small_vehicle,7,296
1568159558883,large_vehicle,8,152
1585499967433,small_vehicle,6,166
1581868267139,small_vehicle,2,328
1579425728719,small_vehicle,1,282
1574813240613,large_vehicle,5,188
1578340942940,small_vehicle,9,146
1575518687638,small_vehicle,8,297
1583662931146,large_vehicle,3,352
1583268001497,large_vehicle,0,130
1566060415417,large_vehicle,1,123
1583023223991,small_vehicle,0,310
1566203215884,large_vehicle,6,338
1570316343157,large_vehicle,0,134
1583753250658,small_vehicle,0,105
1565052195519,small_vehicle,10,177
1569062363032,large_vehicle,1,206
1575695011953,large_vehicle,3,290
1572959123149,small_vehicle,6,279
1572775704752,small_vehicle,3,299
1583698093277,small_vehicle,5,298
1581940696432,small_vehicle,3,55
1573234009053,small_vehicle,2,127
1582474667363,large_vehicle,6,82
1581921770274,large_vehicle,3,148
1565724978684,small_vehicle,2,251
1571660331123,large_vehicle,2,273
1586170121032,small_vehicle,5,9
1585771143372,small_vehicle,3,58
1574560273813,large_vehicle,5,231
1569542147887,large_vehicle,0,294
1579074716911,large_vehicle,10,213
1574945333095,small_vehicle,7,302
1580054696015,large_vehicle,4,228
1582592020359,large_vehicle,7,351
1573977230909,large_vehicle,7,210
1585035962344,large_vehicle,4,234
1567829997292,large_vehicle,4,268
1579298328436,large_vehicle,8,256
1570240717185,small_vehicle,10,47
1584555463215,large_vehicle,10,200
1576226613599,small_vehicle,9,190
1571956038075,large_vehicle,10,9
1580138087412,small_vehicle,4,196
1567213227254,large_vehicle,6,96
1564855484611,small_vehicle,6,109
1586425244309,large_vehicle,1,239
1571705555799,large_vehicle,4,68
1567532404773,small_vehicle,0,107
1570925572462,large_vehicle,2,256
1581139145037,large_vehicle,9,91
1575549624227,small_vehicle,2,330
1572139728696,small_vehicle,6,47
1571776124038,large_vehicle,2,313
1573309859954,large_vehicle,0,324
1582419296918,small_vehicle,1,107
1584493652215,large_vehicle,10,71
1574231595266,small_vehicle,2,322
1577373320565,large_vehicle,1,173
1574053004912,small_vehicle,2,82
1567347152191,small_vehicle,2,69
1573896009607,small_vehicle,4,308
1568374523819,small_vehicle,0,87
1568104029395,large_vehicle,2,60
1571584894505,large_vehicle,10,16
1580534580386,small_vehicle,7,162
1566247659778,small_vehicle,0,4
1569907917851,small_vehicle,1,257
1585833970942,small_vehicle,1,260
1570806681806,small_vehicle,7,65
1577788508868,small_vehicle,5,189
1583987358122,small_vehicle,6,330
1569475603747,large_vehicle,0,357
1586151715946,small_vehicle,10,175
1579265612375,large_vehicle,0,270
1572914043651,large_vehicle,6,54
1565706006516,small_vehicle,9,324
1584438453104,small_vehicle,6,140
1577019776308,small_vehicle,4,26
1572204908829,large_vehicle,8,287
1576302319861,large_vehicle,1,28
1565316694161,large_vehicle,8,170
1578398360315,small_vehicle,2,158
1580848056653,small_vehicle,9,128
1577938768939,large_vehicle,9,244
1571154776443,small_vehicle,1,92
1578789708338,large_vehicle,8,133
1582010452793,large_vehicle,7,302
1574100773087,small_vehicle,6,18
1573470402967,small_vehicle,2,124
1585977152545,small_vehicle,10,292
1586448372434,large_vehicle,0,269
1571744312024,small_vehicle,8,83
1582437603161,small_vehicle,9,172
1571901188080,small_vehicle,1,23
1567711770567,large_vehicle,6,321
1575637588876,large_vehicle,9,59
1575697371778,small_vehicle,5,191
1583749878053,large_vehicle,0,348
1566892403115,small_vehicle,0,326
1572866322438,small_vehicle,8,53
1580109086914,small_vehicle,0,58
1583894136511,small_vehicle,6,295
1569063530827,large_vehicle,8,61
1577164682298,small_vehicle,9,291
1584197894718,small_vehicle,9,185
1569322784944,small_vehicle,7,229
1582162718750,large_vehicle,8,247
1581242542994,small_vehicle,3,37
1579908420934,large_vehicle,5,106
1573335006393,small_vehicle,6,231
1583932487894,small_vehicle,2,40
1571024779246,large_vehicle,8,45
1584582236074,large_vehicle,8,156
1584364690742,large_vehicle,4,342
1578437901420,large_vehicle,7,332
1566986614180,large_vehicle,10,161
1578123020978,small_vehicle,7,37
1581336281562,small_vehicle,1,1
1574162292932,large_vehicle,7,136
1564936367495,large_vehicle,4,293
1573732482350,small_vehicle,1,113
1569502271376,large_vehicle,1,330
1579541646207,small_vehicle,5,33
1568691172459,large_vehicle,10,124
1585021967193,large_vehicle,6,99
1584204242595,small_vehicle,0,26
1564704357931,small_vehicle,9,84
1565511715844,small_vehicle,8,231
1566056617600,small_vehicle,0,318
1584009547808,large_vehicle,8,17
1573092430540,large_vehicle,3,151
1575651529640,large_vehicle,0,219
1575793393593,small_vehicle,10,213
1586546986610,small_vehicle,6,33
1576495462020,small_vehicle,3,81
1581687362324,small_vehicle,8,150
1568957689273,small_vehicle,3,145
1564757566799,large_vehicle,1,171
1573621159048,large_vehicle,2,357
1579879214263,small_vehicle,7,84
1580584191741,small_vehicle,1,224
1571521277275,large_vehicle,2,166
1567872432625,small_vehicle,7,98
1579740874146,small_vehicle,5,33
1580886783910,large_vehicle,10,278
1565746059176,large_vehicle,0,310
1571265394709,small_vehicle,10,275
1579508557528,small_vehicle,4,243
1565390325611,large_vehicle,10,245
1583264592896,small_vehicle,6,156
1573188050274,large_vehicle,6,349
1572608272723,large_vehicle,8,71
1566758974053,large_vehicle,6,77
1574068675682,large_vehicle,10,3
1567321200871,large_vehicle,0,117
1585580802759,small_vehicle,2,80
1576658837300,large_vehicle,10,63
1578916753166,small_vehicle,9,219
1573811539405,small_vehicle,9,170
1577505245552,large_vehicle,1,85
1567462980270,large_vehicle,5,25
1566661610139,small_vehicle,3,112
1572466988497,small_vehicle,6,98
1580393375119,small_vehicle,5,331
1573439661522,large_vehicle,0,211
1584276500919,large_vehicle,6,328
1564760577296,large_vehicle,3,81
1578413009269,large_vehicle,8,253
1580466378136,small_vehicle,7,85
1586297872254,large_vehicle,3,58
1572181311519,small_vehicle,3,290
1565268552123,small_vehicle,5,52
1572610050317,small_vehicle,7,330
1583022596875,small_vehicle,6,103
1586224673284,small_vehicle,1,149
1581173583467,large_vehicle,9,249
1565802342057,small_vehicle,9,284
1573757884806,large_vehicle,10,207
1571827439954,large_vehicle,1,270
1575747436937,small_vehicle,1,256
1584395497148,small_vehicle,10,108
1585965221156,large_vehicle,2,239
1577260286376,large_vehicle,7,11
1584611248647,large_vehicle,7,207
1578945995377,small_vehicle,8,101
1566976531670,small_vehicle,6,90
1586059478894,small_vehicle,7,8
1580962378379,small_vehicle,3,194
1580653810681,large_vehicle,6,141
1572772890008,large_vehicle,1,201
1578716520672,large_vehicle,4,122
1572834151111,large_vehicle,6,219
1582850554866,small_vehicle,3,177
1569060185930,small_vehicle,4,217
1580389971103,large_vehicle,0,228
1586349370601,large_vehicle,9,7
1577016504939,large_vehicle,1,250
1581084262029,small_vehicle,0,290
1576442993592,large_vehicle,3,290
1586256929351,large_vehicle,7,284
1577610405424,large_vehicle,5,156
1567921967130,large_vehicle,9,179
1574182984638,large_vehicle,1,143
1571797077905,small_vehicle,3,48
1581057691521,small_vehicle,1,319
1570405085134,small_vehicle,5,116
1586109341362,small_vehicle,3,173
1571553191743,small_vehicle,4,279
1578242359791,small_vehicle,4,280
1585543498899,large_vehicle,9,64
1586698423092,small_vehicle,9,312
1575536127496,small_vehicle,0,148
1565244310210,small_vehicle,4,72
1576134711519,large_vehicle,3,95
1567219754227,large_vehicle,10,176
1577349336464,small_vehicle,9,323
1572057153735,large_vehicle,4,266
1580184803540,small_vehicle,0,137
1569822798857,large_vehicle,2,138
1566240334981,large_vehicle,8,167
1576502710007,small_vehicle,9,16
1564968932425,large_vehicle,8,155
1582848393441,small_vehicle,9,270
1578433158710,small_vehicle,5,355
1583734403913,small_vehicle,3,43
1564858436868,small_vehicle,9,235
1569949064402,small_vehicle,3,288
1577270747668,large_vehicle,10,287
1582918481186,large_vehicle,2,262
1570194058063,small_vehicle,3,263
1577219483757,large_vehicle,6,123
1586276568227,small_vehicle,4,190
1564922572718,large_vehicle,4,132
1571117656201,small_vehicle,5,328
1580955697053,small_vehicle,5,184
1566063210229,large_vehicle,1,190
1578974019593,large_vehicle,2,140
1571831689154,small_vehicle,8,263
1567652791381,small_vehicle,6,261
1572550648433,small_vehicle,1,263
1576768568153,small_vehicle,8,215
1571550539235,large_vehicle,3,36
1572081592023,large_vehicle,10,50
1574702799119,large_vehicle,7,10
1578620814485,large_vehicle,7,93
1581882910085,large_vehicle,4,103
1579816658659,large_vehicle,10,290
1582838986898,small_vehicle,7,120
