1566482678660,small_vehicle,4,298
1569574484518,small_vehicle,0,239
1576006375708,small_vehicle,2,314
1582096037015,small_vehicle,2,330
1585739583682,large_vehicle,7,270
1583251465927,large_vehicle,1,247
1573404094674,large_vehicle,10,234
1586678962251,small_vehicle,7,205
1565847911191,small_vehicle,2,263
1571776928150,large_vehicle,5,92
1579495319445,small_vehicle,7,154
1583229659766,large_vehicle,1,356
1579930578109,large_vehicle,4,103
1581904206130,small_vehicle,1,33
1576103406548,small_vehicle,9,54
1573781042742,large_vehicle,6,148
1577797204404,large_vehicle,0,166
1575837366275,large_vehicle,5,334
1569029940116,small_vehicle,10,79
1575335203546,large_vehicle,2,128
1586628134330,large_vehicle,3,200
1572018415321,small_vehicle,10,223
1585478507706,small_vehicle,5,268
1570403771842,small_vehicle,6,351
1574393099204,small_vehicle,0,245
1584246739793,small_vehicle,5,202
1569192826934,large_vehicle,7,93
1586502485737,large_vehicle,1,172
1583264657188,small_vehicle,10,343
1574801123918,small_vehicle,4,96
1566919777223,small_vehicle,2,103
1581267776019,small_vehicle,5,37
1576359550263,small_vehicle,4,17
1574083256138,large_vehicle,9,350
1579829312998,large_vehicle,4,2
1567999874006,small_vehicle,3,357
1576296738376,large_vehicle,2,266
1577570217682,small_vehicle,7,238
1579834316890,small_vehicle,10,212
1579753606397,large_vehicle,10,56
1567593300413,large_vehicle,1,95
1567846864891,large_vehicle,0,257
1579596316350,small_vehicle,1,296
1579261283862,small_vehicle,6,257
1580909108361,small_vehicle,8,329
1577857906486,small_vehicle,0,344
1569029550065,large_vehicle,3,264
1570304466937,small_vehicle,3,141
1571305024859,large_vehicle,8,253
1570121611427,large_vehicle,8,279
1566285444450,small_vehicle,5,301
1568872300950,large_vehicle,1,224
1576453593751,large_vehicle,5,89
1569478056429,large_vehicle,8,309
1578425940628,small_vehicle,8,122
1569587211143,small_vehicle,4,49
1569010833720,large_vehicle,7,122
1583521214605,small_vehicle,4,214
1574145695740,small_vehicle,9,119
1575711376096,small_vehicle,1,221
1583925659957,large_vehicle,8,250
1572018898789,small_vehicle,3,4
1577291439917,small_vehicle,5,82
1568165086305,large_vehicle,7,166
1577958505476,small_vehicle,2,115
1582227896477,large_vehicle,5,210
1578679624825,small_vehicle,0,90
1575788507622,small_vehicle,6,37
1578592590265,small_vehicle,6,305
1579469507486,large_vehicle,3,175
1576630307603,large_vehicle,2,73
1585969854860,small_vehicle,0,161
1580542781852,small_vehicle,5,84
1572705560817,large_vehicle,4,132
1565962391176,small_vehicle,2,96
1567947997812,small_vehicle,5,201
1582195019270,large_vehicle,9,234
1578052165514,large_vehicle,8,288
1571967020462,small_vehicle,8,292
1576971037263,small_vehicle,5,211
1585439836546,large_vehicle,4,268
1577014156296,small_vehicle,5,269
1569670971338,small_vehicle,4,46
1573400549530,small_vehicle,3,114
1573991795905,small_vehicle,2,42
1575368212402,large_vehicle,5,347
1579732766465,small_vehicle,5,342
1585882609084,large_vehicle,3,81
1579346306270,small_vehicle,1,250
1586338245172,large_vehicle,5,260
1571920731547,large_vehicle,1,339
1578840077127,small_vehicle,3,320
1579792492048,small_vehicle,8,44
1565194766576,small_vehicle,1,96
1582332090775,large_vehicle,3,29
1583476942807,small_vehicle,5,112
1569771135663,large_vehicle,4,330
1573878633996,small_vehicle,5,104
1582662304730,small_vehicle,9,282
1567112147182,large_vehicle,4,49
1586195024052,large_vehicle,0,78
1567609495047,large_vehicle,9,239
1586219096516,small_vehicle,1,129
1568399085654,large_vehicle,3,241
1565586592533,small_vehicle,1,152
1582059756918,small_vehicle,0,298
1565146049247,large_vehicle,2,314
1574594488227,large_vehicle,3,230
1567367865387,large_vehicle,9,323
1586628720824,large_vehicle,8,49
1578451416611,large_vehicle,0,275
1580217480918,small_vehicle,6,70
1585569145645,small_vehicle,2,111
1582208019258,large_vehicle,1,120
1575519698634,large_vehicle,7,333
1580791759497,small_vehicle,8,213
1573752729772,large_vehicle,9,150
1582649084346,small_vehicle,6,154
1565959888718,large_vehicle,9,203
1578341888314,small_vehicle,1,320
1584145220559,large_vehicle,7,99
1567733127149,small_vehicle,4,330
1584821257624,large_vehicle,4,338
1583188840431,small_vehicle,9,121
1571427194638,large_vehicle,9,170
1565432668657,large_vehicle,10,316
1568104457168,small_vehicle,3,52
1578853594249,large_vehicle,5,42
1581797268598,small_vehicle,3,40
1581585074719,small_vehicle,4,209
1565280999829,small_vehicle,10,246
1568796520405,large_vehicle,9,355
1566340390785,large_vehicle,7,16
1585035123426,small_vehicle,1,93
1567305973021,small_vehicle,10,88
1581199429441,large_vehicle,7,182
1567918575811,large_vehicle,2,279
1567042342819,large_vehicle,8,282
1584585287427,small_vehicle,4,353
1572820436718,large_vehicle,4,23
1571765822983,small_vehicle,0,145
1582536263521,large_vehicle,3,250
1566020603790,large_vehicle,3,39
1572372761573,small_vehicle,3,28
1581692652731,small_vehicle,9,56
1578585439683,large_vehicle,8,196
1585205957976,large_vehicle,1,127
1576524060087,large_vehicle,7,64
1579398987684,large_vehicle,6,358
1580334686623,large_vehicle,0,329
1582147177780,large_vehicle,10,122
1583583571911,large_vehicle,4,287
1567107928681,large_vehicle,0,276
1568325854227,large_vehicle,2,18
1585804583728,large_vehicle,1,209
1577684334520,small_vehicle,9,55
1580709474249,small_vehicle,7,161
1575713423514,large_vehicle,9,339
1572281905577,small_vehicle,6,59
1576024265536,small_vehicle,1,101
1564795926890,small_vehicle,5,174
1579988742379,small_vehicle,2,252
1568385681827,small_vehicle,10,33
1586646126928,large_vehicle,4,174
1585047394070,small_vehicle,4,148
1567361496970,large_vehicle,7,70
1586306197690,large_vehicle,0,69
1569467244025,small_vehicle,8,253
1577168401789,large_vehicle,2,174
1580472222913,small_vehicle,6,281
1576636233202,large_vehicle,5,126
1564911485867,small_vehicle,2,22
1581929847829,small_vehicle,9,208
1571248260745,small_vehicle,3,192
1575259251534,large_vehicle,10,220
1566558996447,large_vehicle,1,126
1579463512668,small_vehicle,5,108
1571138196981,small_vehicle,9,151
1564999317817,large_vehicle,2,127
1585874624115,small_vehicle,10,38
1582557519033,small_vehicle,2,187
1571629515573,small_vehicle,10,220
1583693854494,small_vehicle,7,60
1574740766002,large_vehicle,1,116
1569100247934,small_vehicle,0,1
1568120799467,small_vehicle,9,113
1572921191751,large_vehicle,4,81
1570041272480,small_vehicle,0,13
1577349740144,small_vehicle,3,249
1585871935580,large_vehicle,6,304
1579781728937,large_vehicle,6,269
1572239020577,small_vehicle,9,92
1568543006814,large_vehicle,9,92
1566952086351,small_vehicle,3,261
1569877786451,small_vehicle,7,34
1582972217277,large_vehicle,10,350
1574171740305,small_vehicle,0,154
1568883951940,small_vehicle,4,82
1579319265428,large_vehicle,5,242
1577887170553,large_vehicle,4,72
1583591170157,large_vehicle,6,64
1564745469398,small_vehicle,7,219
1583611249803,large_vehicle,10,55
1566128508455,small_vehicle,9,253
1572906328177,small_vehicle,4,346
1567053579105,large_vehicle,1,180
1578826369647,small_vehicle,2,191
1580850520537,small_vehicle,5,294
1578337084529,small_vehicle,3,53
1572738201969,large_vehicle,4,243
1570403692329,small_vehicle,5,343
1565557671726,small_vehicle,5,9
1570950822464,small_vehicle,3,198
1583048598650,small_vehicle,7,6
1579623229314,small_vehicle,5,218
1585215070233,small_vehicle,10,310
1584751350966,large_vehicle,1,59
1582053176158,large_vehicle,8,349
1572227957228,large_vehicle,3,244
1566762587171,large_vehicle,1,236
1579932677784,large_vehicle,6,196
1575561898219,large_vehicle,4,13
1581160646012,small_vehicle,2,68
1570374413475,large_vehicle,2,249
1567821007475,small_vehicle,6,158
1573214239591,large_vehicle,6,79
1568068013267,small_vehicle,5,69
1579970231125,large_vehicle,5,32
1577543039086,large_vehicle,6,22
1583508493532,small_vehicle,0,135
1583855825282,small_vehicle,10,2
1577084533764,small_vehicle,9,171
1567833011664,small_vehicle,4,219
1566452686680,large_vehicle,3,279
1579176843841,small_vehicle,8,267
1568979574508,small_vehicle,1,238
1570326994539,small_vehicle,1,135
1568348761268,large_vehicle,8,69
1566906817177,small_vehicle,8,71
1573641882784,large_vehicle,5,305
1572603430680,large_vehicle,2,147
1585606437263,large_vehicle,2,318
1579005457072,small_vehicle,0,353
1574491395081,small_vehicle,7,34
1583572507972,small_vehicle,8,166
1572588599939,large_vehicle,6,220
1580098842968,large_vehicle,1,9
1566350800069,small_vehicle,5,75
1571866522836,large_vehicle,10,338
1569147881928,large_vehicle,10,306
1573885123641,small_vehicle,6,56
1582291007275,small_vehicle,3,162
1585042080456,large_vehicle,9,202
1574980371996,small_vehicle,3,28
1570625008737,small_vehicle,9,346
1577611375279,large_vehicle,9,137
1581075953144,large_vehicle,9,224
1581523489440,small_vehicle,5,319
1568713021465,small_vehicle,0,253
1566863363441,small_vehicle,2,129
1579712658772,small_vehicle,6,308
1573126782713,large_vehicle,10,42
1565862182254,small_vehicle,2,159
1569341567598,small_vehicle,9,238
1567626242191,large_vehicle,9,263
1585745125879,large_vehicle,2,178
1567436401290,small_vehicle,10,29
1581844935846,large_vehicle,10,10
1574145119465,large_vehicle,5,33
1571272383724,small_vehicle,9,102
1573213580094,large_vehicle,8,170
1586356167789,small_vehicle,0,14
1567102981644,small_vehicle,6,313
1578430293791,small_vehicle,4,334
1576569907527,small_vehicle,10,123
1582015832742,small_vehicle,6,288
1567844478336,large_vehicle,8,223
1565988167358,small_vehicle,1,61
1580660377189,small_vehicle,1,322
1578775560742,small_vehicle,1,136
1566279729003,large_vehicle,7,88
1577187379321,small_vehicle,3,218
1579839088413,large_vehicle,9,7
1572945582475,large_vehicle,6,320
1575278150577,large_vehicle,6,229
1567226551931,large_vehicle,3,199
1578259034839,large_vehicle,3,288
1567610763640,small_vehicle,5,39
1586301174251,small_vehicle,4,215
1586387569495,small_vehicle,6,334
1586606874828,small_vehicle,9,242
1581233499491,small_vehicle,1,48
1578918639820,small_vehicle,0,259
1585335731209,small_vehicle,6,191
1574352105218,large_vehicle,7,54
1579721332071,small_vehicle,5,333
1577745302163,large_vehicle,0,164
1578170103180,small_vehicle,1,172
1568066110749,large_vehicle,2,332
1582404162600,large_vehicle,2,89
1569547806639,small_vehicle,8,163
1579394372791,large_vehicle,9,33
1584264223398,small_vehicle,1,169
1575936056295,small_vehicle,5,109
1586187830545,small_vehicle,10,31
1584286953210,large_vehicle,4,161
1569058718723,small_vehicle,6,6
1575707725558,small_vehicle,3,22
1567492740885,large_vehicle,1,26
1580563208523,large_vehicle,6,133
1565849732413,small_vehicle,3,112
1578053358307,large_vehicle,10,344
1568653718346,large_vehicle,3,152
1581879226862,small_vehicle,5,278
1573773607202,small_vehicle,5,16
1577506906075,small_vehicle,1,6
1569026526352,small_vehicle,0,283
1571183248601,small_vehicle,5,115
1585459596179,large_vehicle,2,316
1569782500696,large_vehicle,5,209
1566910090101,large_vehicle,4,266
1578224927493,small_vehicle,3,211
1565150632716,large_vehicle,7,335
1580409770478,large_vehicle,8,111
1580372015251,large_vehicle,3,113
1580681634092,small_vehicle,5,304
1568844441293,large_vehicle,10,247
1569099535538,large_vehicle,1,37
1583952301061,small_vehicle,5,296
1566300746211,small_vehicle,7,162
1565024175164,small_vehicle,2,285
1570502694049,large_vehicle,8,159
1566171404918,large_vehicle,10,316
1575912017705,large_vehicle,4,62
1582304162691,small_vehicle,6,108
1567156423640,large_vehicle,4,206
1581266969323,large_vehicle,1,80
1585814459833,large_vehicle,10,164
1570596009068,large_vehicle,2,40
1574703119082,small_vehicle,4,190
1577832402289,large_vehicle,2,343
1576938318594,large_vehicle,0,15
1578321424638,large_vehicle,7,198
1567822568569,small_vehicle,5,56
1574111433725,large_vehicle,5,87
1574785449349,small_vehicle,4,146
1572859914067,small_vehicle,0,255
1574141223278,large_vehicle,7,101
1581515503770,small_vehicle,4,349
1571353494802,large_vehicle,2,241
1585262884726,small_vehicle,8,61
1570618021521,small_vehicle,4,247
1565791147317,large_vehicle,3,218
1580774301487,large_vehicle,5,111
1575345085916,small_vehicle,0,264
1567083243922,large_vehicle,3,11
1577688252855,small_vehicle,6,58
1574552259749,small_vehicle,1,135
1573521025598,large_vehicle,4,102
1572655362462,large_vehicle,2,98
1584730161554,large_vehicle,2,357
1565358386888,small_vehicle,8,223
1567463988133,small_vehicle,10,220
1568456981774,small_vehicle,3,77
1583079002523,large_vehicle,6,245
1580990578296,large_vehicle,3,34
1570737982581,large_vehicle,3,123
1567088949312,large_vehicle,9,306
1573406949255,small_vehicle,0,321
1564794450997,small_vehicle,8,204
1570168680727,large_vehicle,2,304
1580821662355,small_vehicle,8,68
1582363978044,small_vehicle,5,355
1573255729175,small_vehicle,9,16
1582533749724,large_vehicle,8,214
1577294344119,large_vehicle,7,21
1586020319127,small_vehicle,10,72
1571394851687,large_vehicle,3,163
1577657593382,large_vehicle,5,8
1582298785010,large_vehicle,3,252
1584246793985,small_vehicle,7,86
1581242491045,large_vehicle,9,333
1581339006298,large_vehicle,7,92
1569469697841,small_vehicle,10,133
1579894361225,large_vehicle,10,63
1585770288634,small_vehicle,3,173
1580320461034,large_vehicle,5,53
1564793797097,small_vehicle,1,229
1565757899791,small_vehicle,5,79
1567297358633,small_vehicle,10,2
1577375725403,small_vehicle,10,22
1578578400037,small_vehicle,10,278
1575661387117,large_vehicle,8,130
1576406340676,large_vehicle,5,27
1573895182982,large_vehicle,4,96
1566134941811,large_vehicle,2,97
1569069687905,large_vehicle,3,71
1572477676199,large_vehicle,7,279
1583247852100,small_vehicle,7,342
1564801881914,small_vehicle,10,5
1584482449442,small_vehicle,5,151
1585334723195,large_vehicle,0,287
1577965093472,large_vehicle,3,325
1574089758211,small_vehicle,3,206
1570904245774,small_vehicle,5,286
1567608756462,small_vehicle,4,191
1565250974965,small_vehicle,7,3
1568871075016,large_vehicle,4,80
1576843066106,small_vehicle,4,223
1582695590395,small_vehicle,10,157
1583286577244,small_vehicle,6,204
1576190346609,small_vehicle,0,301
1572365237107,small_vehicle,3,76
1575068232102,large_vehicle,10,255
1584331519854,small_vehicle,10,165
1565704347250,small_vehicle,9,326
1565066109223,large_vehicle,4,146
1568405563324,large_vehicle,6,277
1567933770896,large_vehicle,9,320
1581516486425,large_vehicle,5,261
1582906668101,small_vehicle,8,232
1570185422143,large_vehicle,1,58
1575363527392,small_vehicle,9,222
1583865719794,small_vehicle,8,188
1581303460827,large_vehicle,3,165
1576909355728,small_vehicle,7,309
1574158825858,small_vehicle,2,345
1569139484395,small_vehicle,3,246
1569547520595,small_vehicle,0,286
1572101419549,large_vehicle,4,170
1578344823012,large_vehicle,0,133
1577429911904,large_vehicle,4,144
1567568836585,small_vehicle,5,259
1566298698468,large_vehicle,7,211
1566450578823,small_vehicle,5,304
1575151142159,large_vehicle,7,213
1566463764592,large_vehicle,7,142
1575390145067,large_vehicle,1,214
1569437231821,large_vehicle,10,136
1576028790077,large_vehicle,6,175
1573351151455,small_vehicle,5,64
1569026168135,small_vehicle,7,36
1586658527659,large_vehicle,5,198
1575329052676,large_vehicle,2,177
1575739348140,small_vehicle,1,351
1580266583543,small_vehicle,10,239
1567759659250,small_vehicle,2,53
1576498464143,small_vehicle,7,242
1581827911794,large_vehicle,8,221
1570219516114,small_vehicle,9,49
1586262652046,large_vehicle,7,285
1572683570257,large_vehicle,1,359
1581309888491,large_vehicle,8,303
1584882098226,large_vehicle,9,36
1570523456348,large_vehicle,8,134
1582786554040,small_vehicle,1,162
1585702257299,large_vehicle,9,74
1584547016472,small_vehicle,7,120
1571253643663,large_vehicle,0,133
1569515165369,small_vehicle,7,103
1564867936760,large_vehicle,6,244
1573665944352,large_vehicle,5,40
1586111413653,small_vehicle,3,284
1581069681702,large_vehicle,1,191
1566396966837,small_vehicle,3,210
1566708269100,small_vehicle,0,340
1586157276856,large_vehicle,9,256
1582900203471,small_vehicle,1,294
1566425594856,large_vehicle,8,68
1583177460391,large_vehicle,5,1
1566184047961,large_vehicle,3,88
1584045748930,small_vehicle,6,137
1571484776872,large_vehicle,2,71
1571089279603,large_vehicle,2,50
1574185931233,large_vehicle,3,360
1584157419456,large_vehicle,7,331
1574644235870,small_vehicle,7,18
1575448547821,small_vehicle,10,32
1579125522563,large_vehicle,3,173
1569929541545,small_vehicle,7,267
1582080521123,large_vehicle,10,328
1583728337843,small_vehicle,9,25
1582427446338,small_vehicle,2,40
1571018390941,small_vehicle,3,69
1573558229051,large_vehicle,5,254
1582735481210,large_vehicle,2,346
1565902436469,small_vehicle,10,233
1579802766810,large_vehicle,8,72
1582465071120,large_vehicle,3,80
1575734486960,small_vehicle,9,328
1577760665888,large_vehicle,4,330
1565574544084,large_vehicle,8,73
1578619978073,small_vehicle,9,347
1566063521848,small_vehicle,5,288
1583624123848,large_vehicle,3,68
1580317770410,large_vehicle,1,277
1572199970357,small_vehicle,6,351
1572493876189,small_vehicle,1,56
1572902167703,large_vehicle,1,123
1570117883646,large_vehicle,8,95
1564886216906,small_vehicle,1,225
1572784171950,small_vehicle,6,291
1573091224960,large_vehicle,8,174
1573521419280,small_vehicle,0,344
1566962095709,large_vehicle,9,82
1583291053547,large_vehicle,4,112
1585216840173,large_vehicle,0,138
1569000966684,small_vehicle,9,308
1570522281376,large_vehicle,2,279
1572149210330,large_vehicle,9,73
1572799487943,small_vehicle,1,221
1570480015903,small_vehicle,1,113
1571272258253,small_vehicle,4,341
1578675375716,large_vehicle,10,310
1575949072418,large_vehicle,2,156
1568188895548,small_vehicle,7,305
1580497125550,small_vehicle,3,165
1578660807091,large_vehicle,6,138
1581634239706,small_vehicle,3,355
1572571835334,small_vehicle,8,284
1574383297239,small_vehicle,4,83
1571501183296,large_vehicle,8,324
1572627588637,large_vehicle,10,271
1566978858622,small_vehicle,3,100
1569745454959,large_vehicle,6,127
1576316619856,large_vehicle,2,134
1584520137195,small_vehicle,4,346
1579794146141,large_vehicle,8,55
1581041016916,small_vehicle,8,118
1568635477929,small_vehicle,5,184
1566700340835,large_vehicle,8,319
1581771955244,large_vehicle,7,306
1579143075696,large_vehicle,0,188
1567419413283,large_vehicle,6,78
1568651405218,large_vehicle,2,146
1575360469669,large_vehicle,4,67
1580277712455,large_vehicle,4,349
1580505555944,large_vehicle,6,68
1566436895087,large_vehicle,9,337
1571588029117,large_vehicle,6,84
1575630112218,small_vehicle,3,343
1586120425335,large_vehicle,0,85
1581777038192,large_vehicle,0,294
1568292436777,large_vehicle,8,246
1565658618695,small_vehicle,6,310
1568553285922,large_vehicle,3,82
1580604846598,large_vehicle,8,326
1582909221467,small_vehicle,10,74
1586127098384,large_vehicle,6,352
1575384948640,small_vehicle,7,42
1585779391658,large_vehicle,8,351
1570571129036,small_vehicle,4,70
1572056822278,large_vehicle,8,260
1565610236196,large_vehicle,8,106
1573247769776,large_vehicle,6,68
1566097433642,small_vehicle,1,345
1566830143967,large_vehicle,3,255
1572167647040,small_vehicle,7,112
1577255559031,small_vehicle,6,93
1573100876320,small_vehicle,6,106
1571277642359,small_vehicle,4,185
1574160414219,small_vehicle,8,190
1581519586558,large_vehicle,10,243
1570947184338,large_vehicle,7,138
1584570033638,small_vehicle,5,276
1582987718738,small_vehicle,1,23
1570491281405,large_vehicle,8,162
1576450702139,large_vehicle,2,338
1580594413683,small_vehicle,9,261
1573234573603,large_vehicle,3,178
1566580767096,large_vehicle,8,294
1586214774373,small_vehicle,0,72
1582612306000,large_vehicle,1,265
1579969247719,large_vehicle,9,278
1566212561312,large_vehicle,9,211
1570936210112,small_vehicle,10,68
1567036492201,large_vehicle,4,321
1585077011044,small_vehicle,2,280
1571225185540,small_vehicle,5,143
1569372935111,small_vehicle,8,291
1579666300806,small_vehicle,1,168
1580958016155,large_vehicle,2,51
1573260982934,small_vehicle,2,209
1568338415744,large_vehicle,3,136
1571482082775,small_vehicle,5,141
1586683520662,large_vehicle,5,141
1585611333465,small_vehicle,1,18
1574763443672,small_vehicle,0,330
1565494632874,small_vehicle,5,230
1582036609975,large_vehicle,2,238
1573367891414,large_vehicle,6,203
1567796474016,large_vehicle,3,319
1573195661970,small_vehicle,4,53
1580165800428,large_vehicle,6,138
1573446907061,small_vehicle,10,13
1574398206123,small_vehicle,2,254
1586273189814,large_vehicle,4,101
1575359971156,small_vehicle,9,222
1571557303865,large_vehicle,4,189
1583290255909,large_vehicle,2,54
1575324470289,large_vehicle,1,191
1583415772633,large_vehicle,7,54
1580476156628,small_vehicle,5,68
1575014049308,small_vehicle,0,254
1565707242440,small_vehicle,2,22
1585693300259,large_vehicle,2,73
1568541362052,small_vehicle,6,326
1585261842657,small_vehicle,3,263
1582112804526,small_vehicle,1,56
1580318070953,small_vehicle,4,31
1571297549400,large_vehicle,6,182
1572019779418,large_vehicle,9,336
1567755052492,large_vehicle,2,333
1582918949163,small_vehicle,2,172
1585642321557,large_vehicle,8,177
1572779220710,small_vehicle,6,255
1584208240702,small_vehicle,6,211
1568380686959,small_vehicle,0,27
1571266843375,large_vehicle,9,290
1586305414470,small_vehicle,5,356
1583793182896,large_vehicle,9,17
1571574550223,small_vehicle,0,325
1578443061212,large_vehicle,8,144
1583962157544,small_vehicle,8,128
1580574669711,large_vehicle,5,14
1585073751459,small_vehicle,5,9
1583157042676,large_vehicle,2,242
1568764954348,small_vehicle,1,255
1564786000904,large_vehicle,10,31
1572359218522,large_vehicle,7,299
1569089745558,small_vehicle,8,353
1570887250416,small_vehicle,9,135
1572878745912,large_vehicle,7,122
1577042766757,small_vehicle,4,290
1570589003977,large_vehicle,3,0
1581584082144,large_vehicle,6,240
1580471960659,large_vehicle,3,99
1585221656930,small_vehicle,3,1
1575949223680,large_vehicle,2,149
1574269879083,large_vehicle,4,312
1578723607982,small_vehicle,0,269
1566770683934,large_vehicle,10,25
1574483184628,small_vehicle,9,23
1576226191994,small_vehicle,0,165
1581691603048,small_vehicle,6,16
1573864230840,small_vehicle,4,151
1573872039569,small_vehicle,5,227
1567332599086,large_vehicle,1,68
1586113150242,large_vehicle,10,100
1575755424407,small_vehicle,4,79
1580542741813,large_vehicle,4,174
1586187136761,small_vehicle,7,5
1572383210287,large_vehicle,4,146
1564942441747,large_vehicle,3,332
1580552590159,large_vehicle,6,106
1570035530195,small_vehicle,4,169
1570791271884,large_vehicle,2,115
1583056864030,large_vehicle,3,97
1569906132735,large_vehicle,4,43
1572060131910,small_vehicle,3,32
1568026498295,large_vehicle,4,354
1566238527927,small_vehicle,3,92
1575334444808,small_vehicle,10,200
1580715910458,large_vehicle,3,52
1573090959462,large_vehicle,6,205
1580396094869,small_vehicle,10,148
1571958133115,small_vehicle,2,171
1565062927616,small_vehicle,1,27
1573523483232,large_vehicle,6,77
1569126782332,large_vehicle,8,177
1564993609015,small_vehicle,10,236
1577454928086,large_vehicle,10,115
1579605679962,small_vehicle,7,50
1567970021556,large_vehicle,1,230
1571187028449,large_vehicle,2,96
1586225776679,small_vehicle,5,285
1584664494092,small_vehicle,1,261
1580533990744,small_vehicle,5,195
1581488082447,small_vehicle,3,285
1573013249060,small_vehicle,4,272
1571517538967,large_vehicle,4,64
1573899985094,large_vehicle,10,181
1574080678969,small_vehicle,9,307
1571649700557,large_vehicle,4,161
1572276856807,small_vehicle,0,143
1572333301974,small_vehicle,1,8
1573219865218,large_vehicle,4,3
1567917154204,small_vehicle,9,251
1577068129950,small_vehicle,10,163
1578630482131,large_vehicle,8,69
1572079500244,small_vehicle,2,323
1580463597703,large_vehicle,5,299
1568918025773,large_vehicle,3,213
1564747325611,large_vehicle,10,225
1567749186414,small_vehicle,4,36
1565982521252,large_vehicle,7,329
1582299292364,large_vehicle,2,240
1570010039911,small_vehicle,7,235
1571154164254,small_vehicle,0,62
1576641941052,large_vehicle,7,70
1577150693464,small_vehicle,7,152
1586483991265,small_vehicle,1,359
1582654471152,small_vehicle,4,357
1570196441697,small_vehicle,4,143
1575694977289,small_vehicle,3,49
1564944266514,small_vehicle,1,237
1577329608171,large_vehicle,8,322
1580747737976,large_vehicle,2,109
1575864474946,small_vehicle,6,219
1584396161811,large_vehicle,6,307
1583881297145,large_vehicle,9,296
1567120010948,large_vehicle,10,61
1585897528341,large_vehicle,4,320
1579784215489,large_vehicle,8,180
1566202937760,large_vehicle,10,198
1574841355528,large_vehicle,5,257
1572752578817,small_vehicle,1,51
1575952603649,large_vehicle,8,90
1576764819236,large_vehicle,1,144
1577621599887,small_vehicle,5,281
1576505909115,large_vehicle,7,216
1565962777970,small_vehicle,10,304
1578862300366,small_vehicle,0,107
1583651510953,small_vehicle,5,160
1585612514726,small_vehicle,6,235
1577416973088,large_vehicle,7,276
1582330679460,large_vehicle,4,18
1568424688000,large_vehicle,4,240
1566046221000,small_vehicle,10,275
1581360533513,small_vehicle,5,164
1579341138199,large_vehicle,10,190
1564654013252,small_vehicle,9,191
1582838336599,large_vehicle,1,47
1575896108851,small_vehicle,8,307
1572293960388,small_vehicle,2,101
1576498161083,large_vehicle,1,329
1577869408498,large_vehicle,3,135
1582606642889,large_vehicle,8,87
1581042013393,large_vehicle,7,315
1565888230941,small_vehicle,5,134
1565377426784,large_vehicle,6,34
1583303948312,small_vehicle,0,273
1583470992196,small_vehicle,5,177
1565149786319,large_vehicle,6,256
1566576408274,small_vehicle,4,252
1574154060703,large_vehicle,10,96
1564693068439,small_vehicle,1,247
1574243986872,large_vehicle,5,286
1580454840948,small_vehicle,10,204
1586343584197,small_vehicle,9,202
1573110216060,large_vehicle,0,82
1570181134139,large_vehicle,6,242
1566898099302,large_vehicle,7,114
1582406138295,small_vehicle,10,126
1568650812725,small_vehicle,10,54
1580564126103,large_vehicle,8,129
1569154700419,large_vehicle,6,80
1586196553853,small_vehicle,3,33
1574609537911,small_vehicle,9,143
1572359795557,small_vehicle,2,328
1581149391068,large_vehicle,0,126
1568075960135,small_vehicle,10,148
1584428695104,large_vehicle,8,129
1573881253531,large_vehicle,1,107
1568261515711,small_vehicle,10,257
1581717628124,small_vehicle,2,258
1586647702982,small_vehicle,9,248
1569914886899,large_vehicle,8,15
1568781573522,small_vehicle,0,177
1574984219955,small_vehicle,5,94
1579063348779,small_vehicle,2,164
1586223201542,large_vehicle,7,245
1576633371023,small_vehicle,8,228
1586252063352,small_vehicle,8,181
1573131399604,large_vehicle,8,95
1573795785664,small_vehicle,9,18
1585582368501,large_vehicle,6,294
1577630760499,small_vehicle,2,36
1570707318333,small_vehicle,2,99
1576218257394,small_vehicle,2,15
1575855355129,large_vehicle,8,250
1582444099220,small_vehicle,9,280
1586320566377,large_vehicle,8,305
1573953126325,small_vehicle,10,114
1579558281030,large_vehicle,9,325
1576914440379,large_vehicle,5,22
1571036350107,large_vehicle,9,249
1569938740669,small_vehicle,10,129
1578387115147,large_vehicle,10,260
1584098440328,large_vehicle,10,232
1569401646047,small_vehicle,0,356
1577464487252,small_vehicle,5,9
1581676520206,small_vehicle,4,224
1574992764145,large_vehicle,0,262
1574087206600,large_vehicle,3,273
1565933918569,small_vehicle,6,164
1568166235725,large_vehicle,1,143
1584111972610,small_vehicle,2,327
1585351170173,small_vehicle,4,86
1573258841078,large_vehicle,2,263
1576537976974,small_vehicle,7,53
1564858203366,small_vehicle,6,288
1569212164085,small_vehicle,0,295
1574225788506,small_vehicle,7,350
1570891550026,large_vehicle,4,228
1568872082231,large_vehicle,6,94
1572699288301,large_vehicle,4,156
1570580087038,large_vehicle,1,356
1567235434280,large_vehicle,2,197
1580430982111,large_vehicle,0,190
1573028475350,small_vehicle,1,286
1573492435285,large_vehicle,2,358
1569742177500,large_vehicle,2,17
1572811028624,large_vehicle,6,28
1577804881512,small_vehicle,5,68
1578645475447,small_vehicle,10,116
1572506278648,small_vehicle,5,298
1573398412854,small_vehicle,1,7
1569318429113,small_vehicle,5,162
1576279521706,small_vehicle,6,219
1565233968057,large_vehicle,7,271
1568728590283,large_vehicle,9,248
1584425607676,large_vehicle,7,224
1581497603066,small_vehicle,2,193
1571531141937,small_vehicle,4,293
1570349651480,large_vehicle,4,167
1579466511540,large_vehicle,1,101
1580722680149,large_vehicle,8,256
1578566398116,small_vehicle,6,250
1579816881528,large_vehicle,7,233
1579817150757,small_vehicle,6,30
1572000965852,small_vehicle,3,280
1571861133032,small_vehicle,4,279
1579298316327,large_vehicle,3,122
1568683144552,small_vehicle,0,338
1585404652395,large_vehicle,2,214
1574739136867,large_vehicle,0,211
1582783584770,large_vehicle,4,293
1571212608495,large_vehicle,3,296
1565434884391,large_vehicle,5,359
1570320154324,small_vehicle,6,327
1584061483168,small_vehicle,6,64
1569832746193,small_vehicle,9,351
1569245377306,small_vehicle,5,351
1566542048030,large_vehicle,4,101
1585978975741,small_vehicle,5,159
1566451992445,large_vehicle,2,223
1579995208051,large_vehicle,0,198
1578111605190,large_vehicle,8,186
1585919595420,large_vehicle,4,253
1577013215391,small_vehicle,2,260
1576685267223,small_vehicle,1,254
1568879656679,small_vehicle,10,53
1585787485100,large_vehicle,4,217
1579733290929,small_vehicle,1,336
1568318109023,large_vehicle,3,114
1571611574075,large_vehicle,3,85
1569771074363,small_vehicle,3,180
1584211753093,large_vehicle,6,312
1586019585409,large_vehicle,7,331
1565287204315,small_vehicle,5,36
1567504575407,small_vehicle,7,333
1582646099099,large_vehicle,7,284
1586534834816,large_vehicle,8,259
1575525033017,small_vehicle,6,25
1575637412923,large_vehicle,3,221
1576313985908,large_vehicle,0,95
1572933926055,large_vehicle,10,329
1569352464882,large_vehicle,6,145
1584354681029,large_vehicle,3,84
1586680071866,small_vehicle,8,239
1575532538030,small_vehicle,1,269
1571885222084,small_vehicle,0,315
1567737454655,large_vehicle,8,352
1580520045546,small_vehicle,1,324
1582774328703,large_vehicle,6,151
1581486050700,small_vehicle,1,178
1584323739962,small_vehicle,9,270
1574732252717,small_vehicle,6,145
1581904220146,large_vehicle,8,237
1577833896856,large_vehicle,5,279
1583532793429,small_vehicle,5,32
1577345274500,small_vehicle,5,136
1576974666895,small_vehicle,1,214
1580880645774,small_vehicle,6,103
1574400521193,small_vehicle,9,96
1573914036963,large_vehicle,8,319
1568189553271,small_vehicle,6,353
1585998480978,large_vehicle,0,194
1579746424889,large_vehicle,8,171
1579074256525,small_vehicle,1,123
1565936381876,large_vehicle,5,28
1584255861607,large_vehicle,3,176
1576665499399,small_vehicle,8,300
1583395409596,small_vehicle,10,152
1568125904049,large_vehicle,3,39
1571521293094,small_vehicle,4,31
1585324776093,large_vehicle,7,264
1571608392349,small_vehicle,5,150
1576707570283,small_vehicle,8,94
1586542129309,small_vehicle,6,83
1574491646456,large_vehicle,8,83
1583042189790,small_vehicle,5,34
1565262273155,large_vehicle,4,20
1565258127419,large_vehicle,3,360
1576788686459,large_vehicle,2,348
1583010004417,small_vehicle,1,137
1576892276394,large_vehicle,9,152
1583274285521,large_vehicle,5,73
1572756011894,small_vehicle,3,140
1582474986267,small_vehicle,6,170
1583233457028,large_vehicle,0,68
1571746310172,small_vehicle,4,41
1585063753077,large_vehicle,0,294
1567277626981,small_vehicle,10,103
1586062703126,small_vehicle,9,110
1570288543147,small_vehicle,3,15
1566973952179,large_vehicle,9,74
1582928012111,large_vehicle,9,122
1581185969859,small_vehicle,1,218
1583029353758,large_vehicle,8,332
1567085840826,large_vehicle,8,222
1569913654325,large_vehicle,10,212
1576893931595,large_vehicle,10,13
1572232009344,small_vehicle,6,231
1564846691286,small_vehicle,0,210
1572112134627,small_vehicle,5,125
1585813119817,large_vehicle,10,70
1578589410204,small_vehicle,5,269
1578788287897,large_vehicle,8,11
1583193185829,small_vehicle,6,231
1568346175815,large_vehicle,6,273
1579594929191,large_vehicle,4,276
1579393829198,small_vehicle,9,246
1578939530249,small_vehicle,9,201
1580695757439,large_vehicle,5,34
1564738101512,large_vehicle,0,300
1584482307773,large_vehicle,1,32
1574090578498,large_vehicle,9,231
1575083423642,large_vehicle,10,126
1574226992404,small_vehicle,8,269
1570782106017,small_vehicle,2,20
1570461100396,small_vehicle,7,115
1564990836072,large_vehicle,7,329
1565357178892,large_vehicle,1,182
1574782519908,small_vehicle,5,49
1585050542225,small_vehicle,3,164
1573023029810,large_vehicle,3,148
1575100448301,small_vehicle,1,222
1577019719892,small_vehicle,9,176
1576372331794,large_vehicle,1,189
1570953798797,small_vehicle,6,345
1586119256836,large_vehicle,10,18
1579172412635,small_vehicle,8,128
1580586770294,small_vehicle,2,94
1570937862953,large_vehicle,5,186
1586434724500,large_vehicle,9,352
1570857715680,small_vehicle,3,22
1580126255555,large_vehicle,2,61
1579643643035,small_vehicle,9,271
1573317228985,small_vehicle,6,311
1586159613194,large_vehicle,4,163
1575999997753,large_vehicle,10,275
1583216423017,large_vehicle,3,188
1578991949225,small_vehicle,3,152
1564687186970,small_vehicle,4,263
1567545872824,small_vehicle,2,162
1583333653499,large_vehicle,10,31
1576648759096,small_vehicle,5,43
1584355125685,small_vehicle,6,131
1580121781368,large_vehicle,8,281
1585533178112,large_vehicle,6,192
1566803255558,small_vehicle,0,176
1585528518065,large_vehicle,9,215
1575831693321,large_vehicle,7,228
1565344379908,large_vehicle,5,101
1585702401750,small_vehicle,1,27
1585280830421,small_vehicle,7,338
1580265606991,large_vehicle,0,155
1570849582437,large_vehicle,5,42
1569630103499,small_vehicle,4,173
1568478006459,small_vehicle,7,50
1564739058348,large_vehicle,0,75
1577903356791,small_vehicle,10,341
1578068190307,small_vehicle,5,4
1584599445498,small_vehicle,8,248
1576663364170,large_vehicle,0,238
1575428137288,small_vehicle,9,271
1581884651029,small_vehicle,0,295
1578920623960,large_vehicle,3,94
1578251108395,small_vehicle,6,167
1579136375438,large_vehicle,7,188
1578967345781,large_vehicle,3,33
1574361428784,small_vehicle,2,227
1574379727138,large_vehicle,4,227
1585110238158,large_vehicle,6,343
1575581328480,large_vehicle,3,127
1580165465937,large_vehicle,4,151
1579100932543,large_vehicle,9,53
1568723211688,small_vehicle,5,10
