1575129399588,small_vehicle,3,65
1578856523031,small_vehicle,6,267
1568124046311,small_vehicle,0,25
1584238098149,small_vehicle,2,252
1573614692514,small_vehicle,10,31
1585087582722,large_vehicle,6,97
1567059727571,large_vehicle,1,52
1571952142255,large_vehicle,4,295
1580461478524,large_vehicle,6,66
1585611142885,small_vehicle,5,194
1566796360251,small_vehicle,9,203
1568979279773,small_vehicle,0,309
1572140964776,large_vehicle,3,356
1581926699676,large_vehicle,6,242
1566369748687,small_vehicle,2,143
1568489290495,small_vehicle,8,215
1574292284977,small_vehicle,0,165
1585641832498,small_vehicle,4,306
1568543523338,large_vehicle,3,59
1571057049380,small_vehicle,4,203
1580969059897,small_vehicle,10,10
1574581303486,large_vehicle,4,39
1586717786054,small_vehicle,2,196
1573637668831,small_vehicle,0,96
1570039183391,small_vehicle,9,292
1565928921178,large_vehicle,9,198
1572569030387,large_vehicle,5,209
1577633277362,small_vehicle,1,246
1584135694649,large_vehicle,6,287
1564920946513,small_vehicle,0,9
1575666319773,small_vehicle,3,143
1574458186482,large_vehicle,8,211
1583980205062,large_vehicle,7,57
1564718629777,large_vehicle,4,230
1580328815946,small_vehicle,9,317
1579332106456,small_vehicle,4,225
1574399387758,large_vehicle,3,15
1578977714695,large_vehicle,9,57
1572367065254,large_vehicle,8,57
1571650830942,small_vehicle,7,97
1580035558290,small_vehicle,8,101
1572635527320,small_vehicle,10,24
1584670451108,small_vehicle,8,175
1580513179720,large_vehicle,6,53
1567722585280,small_vehicle,7,273
1569443272500,large_vehicle,4,283
1582787315618,large_vehicle,6,184
1567456073594,large_vehicle,2,198
1572701667726,small_vehicle,6,301
1574416244785,small_vehicle,1,187
1564790711762,small_vehicle,6,260
1584688448734,small_vehicle,8,187
1566798603849,small_vehicle,3,49
1573982111867,large_vehicle,9,197
1578679614204,large_vehicle,7,212
1571317270606,small_vehicle,7,101
1583402895713,large_vehicle,1,124
1568775268111,large_vehicle,10,41
1575972230065,large_vehicle,1,253
1576053253078,large_vehicle,7,104
1580658393449,small_vehicle,6,149
1583810225776,small_vehicle,9,346
1572446111654,large_vehicle,10,136
1577742151527,small_vehicle,5,234
1565683241908,small_vehicle,8,40
1575640850670,small_vehicle,4,342
1582258398650,small_vehicle,4,128
1565100609333,small_vehicle,9,314
1578513688996,large_vehicle,5,322
1568918553101,small_vehicle,9,228
1579674301984,large_vehicle,2,339
1580472970488,large_vehicle,5,250
1578149491624,large_vehicle,5,311
1570583398140,small_vehicle,1,203
1583092192339,large_vehicle,5,54
1567807744301,small_vehicle,6,101
1580254677062,large_vehicle,1,164
1573865767266,large_vehicle,3,28
1574272279982,small_vehicle,0,333
1571446346056,small_vehicle,4,274
1575719180580,large_vehicle,4,38
1583094001355,large_vehicle,5,12
1567641887251,small_vehicle,4,266
1572345774080,large_vehicle,5,97
1570794317605,small_vehicle,9,8
1583699721572,small_vehicle,9,226
1572029890557,large_vehicle,2,257
1576836687149,large_vehicle,2,333
1586579331030,large_vehicle,1,26
1584914642521,small_vehicle,1,187
1580659504644,small_vehicle,3,349
1567375334526,small_vehicle,3,228
1578482653885,small_vehicle,6,283
1568326728997,small_vehicle,0,141
1571218875834,small_vehicle,4,358
1576359767251,small_vehicle,8,24
1568083290298,large_vehicle,6,122
1569624266150,large_vehicle,2,71
1565965721853,large_vehicle,6,83
1564748811993,large_vehicle,2,5
1577311394291,small_vehicle,2,294
1584871553779,small_vehicle,8,273
1567146515364,large_vehicle,8,90
1568714633121,small_vehicle,3,109
1574297362728,large_vehicle,0,31
1578981262284,large_vehicle,2,10
1586574945417,small_vehicle,0,266
1573291858786,small_vehicle,1,217
1580874894522,small_vehicle,8,304
1565336878482,large_vehicle,3,314
1575910535823,small_vehicle,4,7
1565808937204,small_vehicle,0,284
1579546825275,small_vehicle,0,128
1575772167622,small_vehicle,6,40
1578528376967,small_vehicle,0,312
1583824251001,large_vehicle,2,126
1568191230674,large_vehicle,6,80
1586195833758,large_vehicle,2,105
1570244514438,small_vehicle,6,181
1567289490071,small_vehicle,6,148
1565570916293,large_vehicle,2,163
1567586773418,small_vehicle,3,227
1578103895146,large_vehicle,2,236
1569200139931,large_vehicle,7,173
1583029077159,large_vehicle,7,303
1570098653669,small_vehicle,10,27
1574080181624,small_vehicle,2,248
1566582264146,small_vehicle,8,157
1571903784458,small_vehicle,0,29
1575036575418,small_vehicle,6,351
1584099115046,large_vehicle,3,308
1576641429019,small_vehicle,0,232
1586584293647,small_vehicle,1,341
1565819997647,small_vehicle,3,135
1571022890633,small_vehicle,6,285
1565908336957,large_vehicle,3,290
1573355037102,large_vehicle,4,169
1576749746117,small_vehicle,6,352
1582526082805,small_vehicle,10,211
1579559137092,large_vehicle,0,319
1569800182482,large_vehicle,3,100
1567931271551,small_vehicle,1,256
1579582960013,small_vehicle,2,252
1574127075076,large_vehicle,9,78
1581497115828,large_vehicle,2,43
1586192727396,large_vehicle,7,185
1567479930982,small_vehicle,1,350
1575412505514,small_vehicle,7,271
1577470606596,small_vehicle,5,60
1567477750558,small_vehicle,5,105
1577609396804,small_vehicle,4,50
1577820233666,small_vehicle,5,284
1572402685288,large_vehicle,0,306
1572185025131,small_vehicle,6,62
1585683701602,large_vehicle,5,139
1573758821935,small_vehicle,5,81
1579364339867,large_vehicle,0,330
1581790297530,large_vehicle,10,37
1573694207641,small_vehicle,3,326
1582393062302,small_vehicle,10,127
1567903441704,small_vehicle,0,189
1579590119307,large_vehicle,4,119
1580949989587,large_vehicle,9,61
1586286804221,small_vehicle,3,238
1569856162560,small_vehicle,9,298
1585194791643,small_vehicle,8,271
1564812319493,large_vehicle,9,284
1579461412466,small_vehicle,3,272
1567005423734,small_vehicle,2,332
1581214311210,small_vehicle,0,91
1584176487008,large_vehicle,10,290
1576381048568,small_vehicle,2,243
1582927605620,small_vehicle,9,36
1584714649691,small_vehicle,3,118
1581846356701,large_vehicle,9,341
1577739286688,large_vehicle,2,143
1575935195953,small_vehicle,5,8
1566752665526,small_vehicle,10,197
1579705296738,large_vehicle,9,20
1570408235071,small_vehicle,4,149
1570589402776,large_vehicle,3,227
1568047656906,small_vehicle,7,122
1573768282116,large_vehicle,1,183
1565945174718,large_vehicle,3,190
1576214130805,small_vehicle,10,255
1568452754227,large_vehicle,5,327
1580741604785,small_vehicle,7,68
1574922652390,large_vehicle,9,108
1567642652576,large_vehicle,9,179
1566029314040,small_vehicle,4,142
1582937500079,small_vehicle,8,6
1571644548936,large_vehicle,2,206
1583270374376,small_vehicle,2,315
1569960990507,small_vehicle,8,58
1566400159726,large_vehicle,6,20
1569643707125,small_vehicle,5,298
1576887601214,large_vehicle,4,80
1582922484444,large_vehicle,8,4
1577252345042,large_vehicle,5,266
1569623851617,small_vehicle,10,302
1581228733763,small_vehicle,9,317
1566695261385,small_vehicle,9,86
1573083425326,large_vehicle,10,78
1580321273718,small_vehicle,5,336
1584638631868,large_vehicle,7,260
1586495966258,large_vehicle,0,273
1575496621026,large_vehicle,7,75
1581034799084,large_vehicle,0,319
1568643909509,small_vehicle,5,170
1575863591411,large_vehicle,3,346
1584186108646,large_vehicle,0,78
1573369510121,small_vehicle,6,308
1585556416339,large_vehicle,1,113
1581528487350,small_vehicle,6,166
1568854424092,small_vehicle,5,69
1579543210242,large_vehicle,6,307
1575892571359,large_vehicle,10,347
1567426394261,large_vehicle,5,355
1577226830542,large_vehicle,3,355
1580704814465,small_vehicle,3,129
1567241615831,small_vehicle,7,120
1576319336416,small_vehicle,4,316
1577368405253,small_vehicle,0,348
1580227331277,small_vehicle,2,237
1566771067009,large_vehicle,7,326
1565322321498,small_vehicle,6,42
1568754038321,small_vehicle,7,127
1584852866055,large_vehicle,5,153
1582733330655,large_vehicle,1,33
1585833160351,large_vehicle,3,86
1577129627041,small_vehicle,7,312
1568410932133,large_vehicle,3,188
1564937644161,large_vehicle,4,80
1568576099627,large_vehicle,7,250
1570574185577,small_vehicle,9,301
1582990124799,small_vehicle,1,17
1579627614415,large_vehicle,1,143
1566883505950,small_vehicle,10,79
1583172894836,small_vehicle,6,335
1585860038047,small_vehicle,10,144
1577504822694,large_vehicle,8,114
1579879330066,large_vehicle,1,158
1584550208728,small_vehicle,7,45
1581079636641,small_vehicle,7,304
1583694730931,large_vehicle,1,185
1584399449949,large_vehicle,2,17
1577424516026,small_vehicle,10,263
1579480275697,large_vehicle,7,155
1566311283241,large_vehicle,4,33
1580324206366,large_vehicle,4,71
1570418021747,small_vehicle,4,16
1565565046293,large_vehicle,8,303
1578943251214,large_vehicle,4,56
1575894087823,large_vehicle,5,174
1569617580664,large_vehicle,9,240
1569389707114,small_vehicle,8,232
1572125662911,small_vehicle,8,319
1582463662678,large_vehicle,1,8
1572676047611,small_vehicle,0,83
1579350296235,large_vehicle,1,234
1566963517710,small_vehicle,0,300
1579225832677,large_vehicle,5,291
1581058963700,large_vehicle,4,331
1567227968360,small_vehicle,3,294
1583497098413,large_vehicle,5,69
1582683732087,large_vehicle,1,65
1572154056032,large_vehicle,2,117
1578756144801,large_vehicle,6,3
1567644540785,small_vehicle,5,67
1578923704095,small_vehicle,0,84
1572562463194,small_vehicle,9,211
1576464506302,small_vehicle,4,245
1566324489796,large_vehicle,7,253
1580767840431,small_vehicle,6,220
1570521314403,small_vehicle,2,302
1568486205291,large_vehicle,5,310
1586356066289,small_vehicle,3,35
1572377995789,large_vehicle,4,285
1582702578940,large_vehicle,1,177
1568948511360,small_vehicle,4,114
1565088796106,small_vehicle,7,147
1570058611738,small_vehicle,6,239
1582365112186,large_vehicle,3,108
1582649470804,small_vehicle,9,257
1579057646671,small_vehicle,6,354
1583927795557,small_vehicle,10,234
1577055772860,large_vehicle,2,8
1581162618535,large_vehicle,7,353
1568477605152,large_vehicle,5,358
1580552250906,small_vehicle,7,70
1579839166004,large_vehicle,6,322
1582449042022,small_vehicle,8,42
1577843542948,small_vehicle,9,355
1579320587403,small_vehicle,9,136
1585945098150,small_vehicle,8,49
1575476191017,large_vehicle,2,15
1582719008183,large_vehicle,2,335
1580010813642,small_vehicle,4,224
1575740318007,small_vehicle,9,348
1579820279047,small_vehicle,1,306
1574605759970,large_vehicle,9,299
1582181935172,small_vehicle,7,59
1581166951545,small_vehicle,3,279
1576172599503,small_vehicle,7,295
1571827921705,large_vehicle,5,84
1586038202910,small_vehicle,2,306
1578940507109,small_vehicle,7,344
1582459562723,large_vehicle,9,309
1581996405781,small_vehicle,7,229
1570696965736,large_vehicle,2,308
1574132298473,small_vehicle,8,344
1572183216064,small_vehicle,4,339
1567414477917,small_vehicle,5,224
1586056270370,large_vehicle,9,43
1577986813795,small_vehicle,5,5
1576437503884,small_vehicle,3,205
1566317056488,large_vehicle,6,73
1578369700283,large_vehicle,9,304
1578827614979,large_vehicle,10,117
1574603184135,small_vehicle,7,340
1580879252512,large_vehicle,6,106
1573144352235,small_vehicle,0,332
1573485075646,large_vehicle,8,354
1570097578793,small_vehicle,8,254
1565944506924,large_vehicle,9,30
1585174426360,small_vehicle,6,334
1583713799873,small_vehicle,10,200
1570428356448,large_vehicle,6,189
1571506286769,large_vehicle,4,334
1573190075278,small_vehicle,7,40
1575179022829,small_vehicle,5,252
1576030598696,small_vehicle,8,46
1567025623568,large_vehicle,10,274
1585057251616,large_vehicle,3,188
1584632790644,large_vehicle,4,258
1568388849186,small_vehicle,10,71
1571354218213,small_vehicle,7,260
1569252732135,large_vehicle,5,176
1584458299773,large_vehicle,4,245
1567872593048,small_vehicle,8,339
1579779572043,small_vehicle,3,228
1565927560023,large_vehicle,5,48
1585148266585,large_vehicle,6,326
1578064883782,large_vehicle,7,168
1576816299823,small_vehicle,6,348
1586676084716,large_vehicle,8,170
1567313021485,small_vehicle,0,250
1566253031711,small_vehicle,2,351
1585512266305,small_vehicle,8,261
1573443378620,small_vehicle,0,325
1569807375192,large_vehicle,0,309
1570265755647,small_vehicle,10,183
1565493545563,large_vehicle,0,152
1578256566701,large_vehicle,3,119
1565353613634,small_vehicle,5,79
1571704792481,large_vehicle,7,280
1580693285808,large_vehicle,8,61
1570644350230,small_vehicle,8,340
1574988028469,small_vehicle,6,257
1571624648540,large_vehicle,4,125
1568355295364,small_vehicle,5,229
1581267763692,small_vehicle,9,82
1564782452972,small_vehicle,6,181
1564963020256,large_vehicle,10,350
1580242580638,small_vehicle,10,211
1579244306271,large_vehicle,2,223
1583853819274,small_vehicle,3,179
1583864468192,large_vehicle,10,270
1574437093919,large_vehicle,7,12
1582312031764,small_vehicle,6,188
1574574938849,large_vehicle,9,176
1576822120998,small_vehicle,2,109
1584225350106,large_vehicle,6,84
1572107352045,large_vehicle,6,167
1574369293322,large_vehicle,3,164
1572469595522,large_vehicle,0,103
1572355875264,large_vehicle,3,325
1584264730581,large_vehicle,1,64
1579038848897,small_vehicle,1,218
1567596619752,small_vehicle,6,86
1581445916201,large_vehicle,0,241
1576534285787,large_vehicle,1,37
1571620061999,small_vehicle,6,117
1572542162833,small_vehicle,10,105
1577111931943,small_vehicle,4,226
1568558954258,large_vehicle,9,223
1573518117331,large_vehicle,3,211
1569138705918,large_vehicle,2,254
1579694235464,large_vehicle,5,96
1570788348162,large_vehicle,1,4
1569614232046,small_vehicle,4,46
1569043066052,small_vehicle,10,256
1568623434636,large_vehicle,10,333
1581744677997,large_vehicle,5,98
1584286219615,small_vehicle,6,148
1566682623425,large_vehicle,4,91
1575717133725,small_vehicle,6,40
1584632608668,large_vehicle,4,268
1566279242866,large_vehicle,5,296
1582397287944,large_vehicle,5,276
1568298404619,small_vehicle,9,121
1565298683074,large_vehicle,6,334
1570287022230,small_vehicle,3,225
1579308665488,small_vehicle,0,220
1582721247541,large_vehicle,9,9
1570810674305,large_vehicle,0,230
1570746456833,large_vehicle,9,26
1579355404108,large_vehicle,6,314
1567571643162,large_vehicle,8,327
1583903816292,small_vehicle,10,268
1585124257527,small_vehicle,1,342
1564767336238,large_vehicle,4,122
1578131388735,large_vehicle,5,314
1586496997145,large_vehicle,0,175
1586218881849,large_vehicle,5,289
1579223510611,large_vehicle,8,259
1568040409566,small_vehicle,0,147
1568231206133,large_vehicle,7,359
1564886313771,large_vehicle,6,89
1580591381761,small_vehicle,6,344
1581271711516,large_vehicle,8,331
1567558772210,large_vehicle,3,155
1583141612889,small_vehicle,10,338
1573993275702,small_vehicle,6,323
1586215371415,small_vehicle,10,257
1584984803135,small_vehicle,6,30
1583204415121,large_vehicle,3,30
1579675508872,small_vehicle,5,197
1579549663435,small_vehicle,4,105
1569162410171,small_vehicle,10,268
1572787612265,small_vehicle,10,37
1571132109185,small_vehicle,9,265
1568393097687,large_vehicle,0,36
1567675214914,small_vehicle,3,287
1579896523715,small_vehicle,9,129
1572907074745,small_vehicle,3,223
1579763977843,large_vehicle,7,16
1573853063332,small_vehicle,10,221
1568653331709,small_vehicle,10,282
1566782958759,large_vehicle,8,284
1586389276254,small_vehicle,10,185
1584089533377,small_vehicle,9,167
1586546480908,small_vehicle,8,157
1571098782291,large_vehicle,10,275
1574085272448,small_vehicle,1,79
1583809513641,small_vehicle,0,96
1579128155383,small_vehicle,0,278
1569200716571,small_vehicle,2,185
1585500650842,large_vehicle,4,232
1571577336122,large_vehicle,4,350
1567299684643,large_vehicle,5,119
1579550589027,small_vehicle,0,177
1577582932938,small_vehicle,2,96
1568868908805,small_vehicle,0,92
1583372684627,large_vehicle,8,218
1573897822620,large_vehicle,1,311
1579911639612,large_vehicle,6,268
1575551088206,small_vehicle,10,289
1579668319364,large_vehicle,3,29
1570686350432,large_vehicle,3,358
1571225612230,large_vehicle,4,346
1564777555416,small_vehicle,9,227
1568504823266,small_vehicle,0,137
1565344394926,small_vehicle,4,345
1577302745501,small_vehicle,3,317
1574492892452,small_vehicle,7,66
1578535156862,large_vehicle,10,271
1568313312238,small_vehicle,1,302
1586428832561,large_vehicle,9,207
1570225766543,small_vehicle,1,305
1574852434497,large_vehicle,8,92
1575733090883,large_vehicle,0,253
1575039228088,small_vehicle,5,287
1585698877346,large_vehicle,7,147
1577980788043,small_vehicle,1,255
1570588034678,large_vehicle,5,165
1567905275455,large_vehicle,3,23
1575726499034,small_vehicle,5,94
1570832184510,small_vehicle,9,64
1568540787735,large_vehicle,1,254
1576073665322,large_vehicle,1,295
1573712219643,small_vehicle,3,291
1571306311784,large_vehicle,2,14
1583107038184,large_vehicle,6,124
1583688368916,small_vehicle,5,157
1569780550607,small_vehicle,2,315
1584462361650,large_vehicle,5,338
1572026405359,large_vehicle,3,182
1570074587169,large_vehicle,4,124
1578289542140,small_vehicle,4,66
1584381623894,small_vehicle,4,56
1566217974931,small_vehicle,7,239
1569776308030,large_vehicle,5,329
1584675685298,large_vehicle,2,36
1581120752600,small_vehicle,9,358
1585160954396,small_vehicle,2,98
1572627086499,small_vehicle,1,346
1565666866265,small_vehicle,4,265
1573232238640,large_vehicle,10,321
1577684966323,large_vehicle,4,176
1570701865477,small_vehicle,0,112
1575865762172,large_vehicle,6,354
1565112153843,large_vehicle,10,244
1583906965022,small_vehicle,2,67
1571902119121,large_vehicle,8,273
1564991683296,large_vehicle,3,215
1581239434709,large_vehicle,3,191
1576314237469,small_vehicle,3,257
1584106857723,small_vehicle,2,72
1585371582766,large_vehicle,9,289
1572835064436,large_vehicle,7,126
1584986598312,large_vehicle,8,324
1573144945203,large_vehicle,4,136
1583671697999,small_vehicle,10,351
1572299211584,small_vehicle,6,54
1573859109488,small_vehicle,3,335
1586521615183,small_vehicle,10,320
1580361931303,large_vehicle,1,179
1572532443547,small_vehicle,7,125
1584979463336,large_vehicle,3,205
1577219494838,large_vehicle,9,48
1575143714537,large_vehicle,10,147
1581060401701,small_vehicle,6,204
1583708559189,large_vehicle,9,136
1568997382620,small_vehicle,1,343
1580783351483,small_vehicle,3,133
1581991463668,small_vehicle,6,41
1566435541139,large_vehicle,8,254
1580659121675,small_vehicle,8,172
1575665830165,large_vehicle,9,78
1568517320643,small_vehicle,3,193
1580341647697,small_vehicle,10,5
1576781455894,small_vehicle,9,336
1578937190009,large_vehicle,10,175
1568454169713,large_vehicle,2,311
1570988603825,large_vehicle,8,328
1572317622801,large_vehicle,7,121
1565084807728,large_vehicle,2,24
1571572032720,small_vehicle,5,207
1577855949597,large_vehicle,7,158
1564964896779,large_vehicle,7,88
1565621507926,large_vehicle,5,156
1568746680627,small_vehicle,0,257
1583739199256,small_vehicle,5,224
1583617176235,large_vehicle,1,128
1582354009894,large_vehicle,1,209
1564883498511,small_vehicle,0,5
1571073966665,small_vehicle,8,261
1571474493568,small_vehicle,0,277
1582287845362,large_vehicle,8,126
1575098784437,small_vehicle,1,14
1586319862467,large_vehicle,4,302
1580585640555,small_vehicle,4,343
1582005388010,large_vehicle,2,312
1573283130542,small_vehicle,6,292
1565212325812,large_vehicle,0,182
1575331102524,large_vehicle,8,177
1571927292790,small_vehicle,8,109
1566666516860,large_vehicle,0,28
1573122575440,large_vehicle,5,200
1585804030340,large_vehicle,2,8
1582843671332,large_vehicle,9,170
1564793737546,small_vehicle,3,245
1586450535290,small_vehicle,1,203
1583476970950,small_vehicle,8,14
1575008902563,large_vehicle,3,299
1580432316990,large_vehicle,9,94
1573299690359,large_vehicle,10,235
1573304475442,large_vehicle,5,346
1581935969863,large_vehicle,8,299
1564910483794,small_vehicle,5,91
1575925899252,small_vehicle,8,307
1585827973559,large_vehicle,4,121
1565501230292,small_vehicle,0,186
1582845109915,large_vehicle,10,247
1573185515994,small_vehicle,7,62
1574704151969,large_vehicle,2,262
1569982654819,large_vehicle,9,115
1580374791178,large_vehicle,3,5
1577035179991,large_vehicle,2,313
1569150890133,large_vehicle,4,58
1564725461518,large_vehicle,1,127
1566183350157,small_vehicle,4,171
1570875425729,small_vehicle,4,151
1573734641099,small_vehicle,2,265
1578250563570,large_vehicle,7,220
1579916623637,small_vehicle,0,61
1585384064547,small_vehicle,6,32
1579628715142,large_vehicle,10,36
1573251083456,large_vehicle,3,196
1585108003301,large_vehicle,9,97
1565806191158,large_vehicle,3,350
1570144551749,large_vehicle,7,116
1569485603405,small_vehicle,10,72
1585261259016,small_vehicle,0,242
1585351773876,large_vehicle,10,32
1572698548819,large_vehicle,9,24
1573444046856,large_vehicle,1,272
1578322759552,small_vehicle,3,165
1586241591817,small_vehicle,5,229
1567090703178,small_vehicle,6,270
1583077680223,large_vehicle,7,272
1583154622028,small_vehicle,2,198
1572686911347,small_vehicle,6,338
1574171671601,large_vehicle,0,269
1572196913965,small_vehicle,1,76
1585508590948,large_vehicle,9,294
1580338522310,large_vehicle,9,326
1579121781607,small_vehicle,8,279
1566238947979,large_vehicle,9,118
1584278476877,large_vehicle,4,164
1572578232253,small_vehicle,8,50
1576380384605,small_vehicle,7,63
1578514870837,small_vehicle,2,107
1572819464365,large_vehicle,9,333
1566497335407,large_vehicle,8,121
1586158527555,large_vehicle,8,17
1585137296289,large_vehicle,4,119
1583195551803,large_vehicle,8,124
1576836098532,small_vehicle,1,67
1566963741655,small_vehicle,6,51
1584206504057,large_vehicle,1,172
1576857978538,large_vehicle,3,338
1564745971358,small_vehicle,3,24
1574481948150,small_vehicle,4,357
1582755216073,large_vehicle,9,210
1569007514298,small_vehicle,9,82
1580268797868,large_vehicle,5,112
1586000235148,small_vehicle,2,235
1579201691110,small_vehicle,5,52
1578700988924,large_vehicle,8,317
1573633300449,large_vehicle,6,164
1578794475510,large_vehicle,6,71
1571773898378,small_vehicle,8,21
1570457127400,small_vehicle,1,251
1577397598986,large_vehicle,5,273
1578426770814,large_vehicle,5,123
1578728032770,large_vehicle,6,284
1586163477032,large_vehicle,7,157
1573615727299,large_vehicle,3,179
1574899961979,small_vehicle,7,113
1578524805704,small_vehicle,2,326
1575838678570,large_vehicle,7,31
1571690991798,large_vehicle,2,208
1579570723707,large_vehicle,0,108
1577102636359,small_vehicle,0,322
1578359026410,large_vehicle,7,125
1566232668962,small_vehicle,4,241
1583417566218,small_vehicle,6,116
1577436472376,small_vehicle,8,59
1581252678428,small_vehicle,7,358
1586411582138,small_vehicle,2,218
1570153150195,small_vehicle,4,292
1568181054543,large_vehicle,7,182
1583201936769,large_vehicle,5,274
1565151471126,large_vehicle,7,348
1580258293952,large_vehicle,4,251
1582740624759,small_vehicle,1,143
1577037648461,large_vehicle,10,298
1570207694925,small_vehicle,5,173
1571003205507,large_vehicle,3,340
1573734962482,large_vehicle,10,306
1577158642209,large_vehicle,7,291
1577082623900,small_vehicle,10,228
1583333643236,large_vehicle,3,3
1583626914189,small_vehicle,5,94
1574516398627,small_vehicle,2,237
1571342337246,large_vehicle,9,317
1579999893386,small_vehicle,8,297
1584377723555,small_vehicle,7,125
1586189892830,small_vehicle,7,102
1581035806202,large_vehicle,10,304
1580376293575,large_vehicle,9,164
1578848471659,small_vehicle,3,4
1570110086042,large_vehicle,8,81
1570400077116,large_vehicle,2,29
1568759152177,small_vehicle,5,45
1579651451244,small_vehicle,9,90
1584434846827,large_vehicle,5,278
1577759393231,large_vehicle,3,252
1566415556503,small_vehicle,4,239
1567106295216,large_vehicle,0,355
1569630875418,small_vehicle,10,99
1571370739511,large_vehicle,7,47
1572574720942,large_vehicle,9,242
1566356969470,large_vehicle,9,256
1570563586807,small_vehicle,10,132
1583011781107,large_vehicle,2,339
1575072762084,small_vehicle,10,55
1579974112196,small_vehicle,8,20
1569430141524,small_vehicle,1,101
1567971112730,small_vehicle,10,170
1571418707722,large_vehicle,2,226
1571389467523,large_vehicle,0,113
1565588078586,small_vehicle,5,318
1577855479300,small_vehicle,0,134
1573042068599,small_vehicle,3,152
1569378305440,small_vehicle,6,152
1583024185441,large_vehicle,9,68
1564915823905,small_vehicle,1,155
1570038119369,small_vehicle,1,209
1567387901750,large_vehicle,6,191
1585617084568,small_vehicle,3,253
1585193170794,large_vehicle,2,287
1567817809360,small_vehicle,1,15
1577000401854,large_vehicle,0,29
1568512236372,small_vehicle,2,228
1584963426195,small_vehicle,6,7
1566434840450,large_vehicle,6,157
1578442373221,large_vehicle,5,289
1581202803336,small_vehicle,2,355
1573937474539,small_vehicle,8,68
1568397942098,large_vehicle,2,250
1580685153172,large_vehicle,0,49
1574605335949,large_vehicle,4,360
1575073372412,large_vehicle,8,333
1585746090540,large_vehicle,7,133
1571508718742,large_vehicle,10,35
1567042049514,small_vehicle,9,249
1579772808318,small_vehicle,6,156
1581446877254,large_vehicle,0,324
1576605046025,small_vehicle,5,33
1569988877296,large_vehicle,9,70
1586562416282,small_vehicle,2,241
1576942886338,large_vehicle,0,129
1574695833551,large_vehicle,7,335
1585615861538,large_vehicle,9,285
1577677989690,small_vehicle,1,283
1580119168387,small_vehicle,0,35
1574605713718,small_vehicle,6,22
1569707713932,large_vehicle,2,210
1580730939620,large_vehicle,9,337
1574935869877,small_vehicle,0,272
1565652784215,small_vehicle,9,301
1583569216287,large_vehicle,9,264
1575303977019,large_vehicle,6,1
1584913839110,small_vehicle,10,72
1580429140865,small_vehicle,8,211
1579427043010,large_vehicle,10,342
1580925605488,small_vehicle,6,47
1580932279656,small_vehicle,7,221
1582749737425,small_vehicle,1,182
1567224785237,small_vehicle,2,268
1572587541197,small_vehicle,0,2
1577459232487,large_vehicle,1,320
1568166044808,small_vehicle,1,74
1570122493749,small_vehicle,7,128
1568117545350,small_vehicle,0,122
1573940063011,small_vehicle,4,328
1567800820136,large_vehicle,10,64
1570090698281,small_vehicle,0,164
1578048711261,large_vehicle,5,126
1575013504956,small_vehicle,10,307
1584216682621,large_vehicle,7,292
1569517524733,small_vehicle,0,37
1586657526872,small_vehicle,10,100
1565114203747,large_vehicle,8,258
1575180275302,large_vehicle,2,18
1571486729856,large_vehicle,10,286
1579227107706,small_vehicle,10,21
1571962670585,small_vehicle,5,105
1575175523039,large_vehicle,5,7
1578568813402,large_vehicle,4,18
1570765502555,small_vehicle,9,326
1567458916183,large_vehicle,1,172
1584463067871,small_vehicle,8,298
1564829448421,large_vehicle,0,199
1583770278090,large_vehicle,6,19
1570436521336,small_vehicle,6,214
1572604744577,small_vehicle,8,101
1566455477841,small_vehicle,3,285
1571469359929,small_vehicle,5,327
1585594350311,small_vehicle,9,17
1577370035425,small_vehicle,4,210
1564811801826,large_vehicle,2,282
1569619266329,small_vehicle,9,287
1570936743719,small_vehicle,10,138
1569197153707,small_vehicle,0,62
1582746622404,small_vehicle,1,344
1581744276486,large_vehicle,2,266
1573911642605,small_vehicle,6,44
1579059472929,small_vehicle,5,174
1578557685315,small_vehicle,3,300
1577938075141,small_vehicle,8,130
1579158015388,large_vehicle,4,293
1576753673229,small_vehicle,7,172
1570051228617,large_vehicle,8,159
1584526172281,large_vehicle,7,36
1575051700891,large_vehicle,0,174
1569107180089,small_vehicle,1,35
1578747425174,large_vehicle,7,316
1573022618655,large_vehicle,8,63
1574525705655,large_vehicle,3,173
1565781163700,large_vehicle,1,234
1564864405649,large_vehicle,9,196
1576075332116,large_vehicle,2,249
1565994596461,large_vehicle,3,103
1586580472024,small_vehicle,2,52
1573741421916,large_vehicle,10,286
1573299692427,large_vehicle,6,10
1579625013792,small_vehicle,6,5
1577522260852,large_vehicle,9,289
1576727511017,large_vehicle,6,262
1574797818218,small_vehicle,2,241
1582424434749,large_vehicle,9,239
1581366214066,small_vehicle,10,79
1566141784511,small_vehicle,4,299
1572268674511,small_vehicle,10,208
1566359710810,small_vehicle,6,6
1583106310053,large_vehicle,0,314
1580412896705,small_vehicle,7,267
1577855892178,large_vehicle,8,33
1585483152481,large_vehicle,1,225
1582637893740,small_vehicle,2,142
1586359440837,large_vehicle,6,125
1568507547891,small_vehicle,4,233
1581776583467,large_vehicle,3,176
1571414570405,large_vehicle,7,116
1581497083634,large_vehicle,9,337
1567524751724,small_vehicle,2,191
1571544223093,large_vehicle,9,122
1574940234928,small_vehicle,6,124
1580348513735,large_vehicle,7,242
1575995962246,large_vehicle,5,278
1574647089604,large_vehicle,8,53
1566932054049,large_vehicle,2,75
1578129871078,large_vehicle,9,182
1575853305932,large_vehicle,8,291
1578711204482,small_vehicle,4,72
1569454595904,large_vehicle,3,74
1585971016455,large_vehicle,0,261
1564775616263,large_vehicle,2,216
1569576438152,large_vehicle,3,182
1570029293293,large_vehicle,0,195
1573932138109,large_vehicle,6,355
1574424919120,small_vehicle,8,94
1573896629846,small_vehicle,6,273
1571342991247,large_vehicle,10,67
1571111451902,small_vehicle,8,135
1566780523920,small_vehicle,7,28
1572861417113,large_vehicle,6,44
1578511390567,small_vehicle,9,287
1572900518294,large_vehicle,10,252
1575097590064,small_vehicle,0,158
1584373214518,small_vehicle,0,177
1577962856184,small_vehicle,0,153
1578194214875,small_vehicle,4,33
1583339365314,small_vehicle,6,11
1571088830491,large_vehicle,0,255
1574698953238,small_vehicle,10,154
1574318012843,large_vehicle,3,83
1570425677404,small_vehicle,5,301
1568641206197,small_vehicle,10,94
1573893094918,small_vehicle,0,107
1573850937600,large_vehicle,9,315
1569888959763,small_vehicle,7,249
1578800010742,large_vehicle,2,109
1579095138015,small_vehicle,2,147
1586415404550,small_vehicle,6,202
1580461865802,large_vehicle,1,213
1575461861421,large_vehicle,7,344
1576843195770,large_vehicle,6,56
1574036029347,large_vehicle,8,163
1568639972915,large_vehicle,6,22
1578423815399,small_vehicle,10,200
1570110467681,small_vehicle,9,38
1586378812945,large_vehicle,5,78
1569764245946,small_vehicle,3,57
1567086891359,large_vehicle,3,79
1579307669632,large_vehicle,0,16
1581972158726,small_vehicle,9,150
1566580197253,large_vehicle,1,123
1578521497748,large_vehicle,9,349
1566746601243,large_vehicle,0,325
1565417528682,large_vehicle,7,110
1575172658436,large_vehicle,1,201
1565026178164,small_vehicle,0,271
1579102257556,large_vehicle,1,194
1564974504979,large_vehicle,3,168
1572831079512,small_vehicle,7,64
1566630308796,large_vehicle,1,48
1564761778996,large_vehicle,10,189
1580086753948,large_vehicle,7,165
1584501776865,large_vehicle,10,152
1583333780116,large_vehicle,5,172
1580600138223,small_vehicle,0,196
1569039628658,large_vehicle,10,124
1583908816356,small_vehicle,0,160
1573061793865,small_vehicle,3,176
1568296583293,large_vehicle,5,116
1583346553776,large_vehicle,10,319
1573845757879,small_vehicle,9,189
1570664155783,large_vehicle,10,56
1577455952490,small_vehicle,2,163
1574884146300,small_vehicle,4,337
1570352478071,small_vehicle,3,295
1585147815183,small_vehicle,9,101
1567836553123,large_vehicle,8,156
1567275391619,small_vehicle,7,72
1576299693830,large_vehicle,1,5
1576233324283,large_vehicle,4,92
1581135038585,large_vehicle,6,322
1575555969166,small_vehicle,9,14
1575214974809,small_vehicle,8,238
1573772537683,small_vehicle,6,176
1578948139461,small_vehicle,5,329
1579444240564,small_vehicle,9,257
1568481182330,large_vehicle,6,64
1583878161540,small_vehicle,4,300
1578548674334,large_vehicle,8,38
1583956554740,large_vehicle,7,35
1565465444877,small_vehicle,0,92
1578725682380,small_vehicle,5,286
1565662000738,small_vehicle,5,106
1583139303222,small_vehicle,2,68
1579999233811,small_vehicle,4,228
1574286618500,small_vehicle,8,341
1584877545950,large_vehicle,3,167
1566439124872,large_vehicle,9,330
1569836013412,large_vehicle,4,142
1569401576982,large_vehicle,1,114
1582951147070,large_vehicle,9,341
1565944144631,small_vehicle,7,112
1584439013053,small_vehicle,10,243
1579843302831,large_vehicle,10,263
1575095587774,large_vehicle,9,135
1575770675549,small_vehicle,5,321
1574221580741,large_vehicle,9,114
1584488098301,large_vehicle,10,353
1585473318465,large_vehicle,3,6
1576996800331,small_vehicle,5,356
1583044264853,small_vehicle,3,281
1576672635854,small_vehicle,3,296
1567373937816,small_vehicle,9,249
1576207411396,large_vehicle,4,49
1582087683284,large_vehicle,6,34
1584533547824,large_vehicle,8,214
1583365651117,large_vehicle,10,237
1565583238637,large_vehicle,8,335
1573104075550,large_vehicle,10,331
1569844704014,large_vehicle,5,96
1583110662507,large_vehicle,10,149
1573273332001,large_vehicle,1,132
1581150557068,small_vehicle,7,204
1567982405376,large_vehicle,5,98
1576256185506,large_vehicle,5,80
1566138057030,large_vehicle,5,242
1580414982895,large_vehicle,6,294
1581400588790,small_vehicle,2,144
1578154020892,large_vehicle,4,331
1568552325733,large_vehicle,10,285
1568780997307,small_vehicle,7,129
1567953003653,small_vehicle,1,119
1568728423034,small_vehicle,7,127
1580897652391,large_vehicle,5,6
1581261727240,small_vehicle,7,133
1572311933811,small_vehicle,7,238
1569692267128,small_vehicle,4,185
1578792848931,small_vehicle,6,206
1585910197997,large_vehicle,4,255
1569357389468,large_vehicle,4,341
1574202687775,small_vehicle,0,282
1572978800124,small_vehicle,5,176
1581921712775,large_vehicle,2,316
1576827303629,small_vehicle,0,48
1564928566365,small_vehicle,1,10
1575681202103,large_vehicle,5,54
1572987378941,small_vehicle,8,118
1570240928868,small_vehicle,5,186
1579500088569,large_vehicle,1,302
1580380378629,large_vehicle,9,352
1569505416149,large_vehicle,2,254
1581736821232,small_vehicle,6,192
1582968803495,small_vehicle,1,102
1567306963099,small_vehicle,2,124
1581961153256,large_vehicle,3,47
1578812552339,small_vehicle,8,116
1584039429591,large_vehicle,5,15
1579219891937,small_vehicle,1,74
1568885930816,large_vehicle,10,201
1574755870415,small_vehicle,1,341
1569107954537,small_vehicle,1,350
1582805627178,large_vehicle,5,206
1583688656285,large_vehicle,6,251
1573974341956,small_vehicle,10,257
1573120563759,small_vehicle,6,203
1582353315864,small_vehicle,2,256
1568405458001,small_vehicle,9,282
1580160481376,large_vehicle,8,44
1566968659410,small_vehicle,1,103
1578047572492,small_vehicle,6,342
1572042613307,large_vehicle,6,174
1566065972992,large_vehicle,0,100
1570586477582,large_vehicle,4,187
1584163578075,large_vehicle,4,52
1584249770674,small_vehicle,8,119
1572033258063,small_vehicle,8,262
1573783199006,small_vehicle,9,153
1584515876352,small_vehicle,1,59
1582595076491,large_vehicle,9,84
