1569562652154,small_vehicle,4,194
1586179986824,large_vehicle,3,24
1580459945239,large_vehicle,5,249
1579510549916,small_vehicle,1,59
1574528627299,large_vehicle,1,329
1568802183235,large_vehicle,1,249
1573957266816,small_vehicle,6,104
1580989856997,small_vehicle,9,84
1567290756793,large_vehicle,4,99
1582259570545,small_vehicle,3,77
1572966333155,large_vehicle,0,168
1582534733755,large_vehicle,4,207
1579458370975,small_vehicle,1,114
1568911468479,large_vehicle,8,213
1566109556910,small_vehicle,3,151
1574179263785,large_vehicle,4,18
1573706948648,small_vehicle,3,14
1585895390749,small_vehicle,3,10
1571137708451,small_vehicle,2,359
1568126860170,small_vehicle,8,306
1569811497550,large_vehicle,7,230
1577535712305,large_vehicle,7,132
1580180916128,small_vehicle,3,12
1574341727768,large_vehicle,9,103
1568564478657,small_vehicle,0,3
1568283800076,large_vehicle,0,334
1585408392572,large_vehicle,10,218
1565852682838,small_vehicle,2,343
1570614398487,small_vehicle,7,191
1576853586067,small_vehicle,5,352
1574030761427,large_vehicle,10,148
1583750990340,small_vehicle,4,356
1567524365430,large_vehicle,7,20
1575670950276,small_vehicle,9,54
1569651109052,small_vehicle,0,99
1582740153245,small_vehicle,8,229
1585777610030,large_vehicle,2,65
1576021708912,small_vehicle,6,156
1578958620752,small_vehicle,2,243
1572425085607,small_vehicle,10,182
1579412247332,large_vehicle,0,174
1574450441752,large_vehicle,7,242
1582410295010,large_vehicle,5,328
1582119639444,small_vehicle,1,343
1576776859365,large_vehicle,8,145
1581310553794,small_vehicle,8,37
1576212218091,small_vehicle,2,103
1584780186386,small_vehicle,8,1
1581539756648,small_vehicle,10,309
1585525973488,small_vehicle,2,303
1581066253229,small_vehicle,8,221
1576896077865,small_vehicle,7,18
1566777186939,small_vehicle,8,107
1586608661237,large_vehicle,7,269
1568165427435,large_vehicle,2,28
1586427965298,large_vehicle,6,308
1575090880136,small_vehicle,5,14
1581026713381,small_vehicle,6,144
1578933449736,small_vehicle,3,266
1584727933188,large_vehicle,9,190
1579214053234,large_vehicle,4,302
1581477515997,small_vehicle,1,358
1578242330421,small_vehicle,9,178
1572030058982,small_vehicle,6,224
1565450922401,large_vehicle,6,190
1582441992802,large_vehicle,6,4
1581734006019,large_vehicle,3,297
1571457410335,small_vehicle,3,207
1568233775637,small_vehicle,0,46
1564667065463,large_vehicle,3,294
1566713365447,large_vehicle,1,290
1579494876367,large_vehicle,1,43
1571486349555,small_vehicle,9,31
1575899963595,large_vehicle,3,52
1565312645576,small_vehicle,3,252
1564824118038,small_vehicle,0,285
1566471022206,small_vehicle,5,49
1569398955577,small_vehicle,4,248
1581422779537,large_vehicle,4,97
1570345288551,small_vehicle,0,332
1568462134427,small_vehicle,10,265
1568128752964,large_vehicle,9,61
1580102531082,small_vehicle,0,31
1573175845381,large_vehicle,10,66
1585207117426,small_vehicle,10,263
1567031138444,large_vehicle,2,236
1583426064025,small_vehicle,6,325
1580040735157,large_vehicle,5,16
1586505538853,small_vehicle,9,207
1582546674372,large_vehicle,10,76
1565526228868,small_vehicle,10,258
1579171517356,small_vehicle,6,346
1573121792601,large_vehicle,5,339
1565384335462,large_vehicle,4,296
1576131617865,small_vehicle,10,191
1579928079412,large_vehicle,1,310
1567880560296,small_vehicle,2,284
1577252364185,small_vehicle,8,51
1578448915188,large_vehicle,3,208
1570331372041,small_vehicle,9,134
1569761356622,small_vehicle,1,5
1580377276105,small_vehicle,3,127
1584506382372,small_vehicle,0,277
1571080976142,small_vehicle,8,357
1565493568282,large_vehicle,5,154
1572545900279,large_vehicle,0,200
1577032217787,small_vehicle,4,63
1579990449210,small_vehicle,8,241
1571309819870,large_vehicle,7,218
1578282543326,large_vehicle,0,324
1572607857811,large_vehicle,6,85
1580203249595,large_vehicle,2,33
1572255087995,small_vehicle,2,1
1575958839908,large_vehicle,2,141
1573264655663,large_vehicle,2,227
1575236180154,large_vehicle,7,320
1583550563142,small_vehicle,7,269
1580124534873,large_vehicle,6,328
1567844461978,small_vehicle,8,309
1568515077256,small_vehicle,5,48
1574140597409,small_vehicle,5,155
1571790515122,small_vehicle,3,40
1567352634591,large_vehicle,1,281
1585430729229,small_vehicle,2,245
1586682276749,small_vehicle,9,300
1575639076135,small_vehicle,10,237
1583324436151,small_vehicle,0,161
1578588974263,small_vehicle,0,46
1567856548640,small_vehicle,10,296
1586021721171,large_vehicle,4,206
1584749397009,small_vehicle,6,21
1586133419491,small_vehicle,1,221
1568577201878,small_vehicle,0,56
1565484120262,small_vehicle,3,326
1581345065341,small_vehicle,3,318
1566463639924,large_vehicle,6,147
1577822175774,small_vehicle,1,52
1583446730805,small_vehicle,0,48
1584983373484,small_vehicle,7,135
1571389272535,large_vehicle,8,262
1576452657932,small_vehicle,8,165
1572994503070,small_vehicle,9,307
1582624717573,large_vehicle,5,82
1580643096404,small_vehicle,0,93
1573468926261,small_vehicle,7,207
1580240620049,large_vehicle,5,60
1570754248652,large_vehicle,7,123
1569454301641,small_vehicle,9,68
1573418564035,large_vehicle,7,322
1582271491459,small_vehicle,1,238
1581457937778,small_vehicle,4,231
1573735958658,large_vehicle,8,101
1580284831516,small_vehicle,5,281
1586712856053,large_vehicle,2,330
1584178584143,large_vehicle,1,257
1573466151640,large_vehicle,7,130
1568898510687,large_vehicle,5,6
1566521325352,large_vehicle,3,301
1584008346296,small_vehicle,5,250
1583183440007,large_vehicle,6,112
1566923194234,large_vehicle,1,268
1585756992538,small_vehicle,5,113
1584744909981,small_vehicle,6,348
1582820264822,small_vehicle,2,269
1564768128988,large_vehicle,9,252
1577302766420,large_vehicle,5,138
1565377317667,small_vehicle,4,47
1579716598061,small_vehicle,4,30
1577324573834,small_vehicle,7,226
1582519327658,small_vehicle,1,3
1583135223747,small_vehicle,9,147
1564698412586,large_vehicle,0,344
1576027399245,large_vehicle,1,250
1573705656520,small_vehicle,1,12
1579807273726,large_vehicle,7,131
1583183562400,small_vehicle,1,150
1579607802957,large_vehicle,4,300
1573087191589,small_vehicle,6,207
1583964992970,small_vehicle,5,143
1565197165993,large_vehicle,6,62
1564828258907,large_vehicle,4,127
1581319229810,small_vehicle,9,322
1580793207367,small_vehicle,5,327
1571119838236,small_vehicle,4,111
1584298831325,large_vehicle,10,272
1584608557145,small_vehicle,10,56
1575437309999,large_vehicle,2,164
1566222674305,large_vehicle,6,64
1580160382373,small_vehicle,2,41
1570207864384,small_vehicle,10,73
1573923683724,large_vehicle,6,241
1569864181010,large_vehicle,0,203
1582978844911,large_vehicle,8,74
1581211489220,small_vehicle,7,113
1571808643665,large_vehicle,8,152
1566130123331,large_vehicle,6,35
1582598251102,small_vehicle,6,340
1567140629590,small_vehicle,8,98
1580138157212,large_vehicle,7,229
1565230871725,small_vehicle,9,130
1584088538320,small_vehicle,0,181
1572960271373,small_vehicle,10,204
1569837094486,large_vehicle,10,140
1573553263433,large_vehicle,1,230
1579758241872,small_vehicle,4,160
1565546541016,small_vehicle,10,109
1579205535855,large_vehicle,9,187
1582588475964,small_vehicle,6,208
1573149704529,small_vehicle,3,18
1575770420847,large_vehicle,4,143
1565114747313,large_vehicle,8,69
1576925159077,small_vehicle,8,180
1577992712964,large_vehicle,8,98
1586040321599,small_vehicle,10,237
1579014381996,small_vehicle,0,255
1568429774852,small_vehicle,5,340
1578612621256,small_vehicle,2,345
1577516942155,small_vehicle,2,183
1577818355856,large_vehicle,2,322
1579378829857,large_vehicle,3,179
1570328846929,small_vehicle,6,218
1582780209965,small_vehicle,7,156
1579619519419,large_vehicle,3,275
1574043258972,small_vehicle,0,184
1575285196647,small_vehicle,0,59
1585876975194,large_vehicle,0,219
1586529840727,small_vehicle,3,121
1566228016209,large_vehicle,4,355
1570312503101,large_vehicle,8,201
1579517497639,small_vehicle,0,21
1567990363103,large_vehicle,7,233
1579244776758,large_vehicle,2,136
1570427396916,large_vehicle,1,38
1584261762461,small_vehicle,8,324
1575662073716,small_vehicle,9,92
1575062940376,large_vehicle,2,103
1567474052874,large_vehicle,6,157
1580193144275,small_vehicle,6,227
1571341562314,large_vehicle,8,231
1581157182840,large_vehicle,1,359
1575557774706,small_vehicle,2,301
1572345404283,large_vehicle,5,1
1577264823568,small_vehicle,6,145
1585065994385,small_vehicle,5,302
1583517006669,large_vehicle,3,320
1568387718009,small_vehicle,4,322
1576139096740,large_vehicle,9,120
1583106421973,small_vehicle,3,321
1577069820906,large_vehicle,9,41
1580524616789,small_vehicle,5,255
1577612748055,small_vehicle,3,189
1575676463211,large_vehicle,8,224
1586608785644,large_vehicle,10,329
1568542411276,large_vehicle,5,176
1577696143852,large_vehicle,5,62
1582526334585,small_vehicle,10,164
1569581585615,small_vehicle,6,254
1574827112915,large_vehicle,1,315
1586013826270,large_vehicle,5,320
1585200078369,small_vehicle,9,265
1574257305064,small_vehicle,2,350
1586241275876,small_vehicle,10,101
1565005815667,small_vehicle,4,318
1578778993312,small_vehicle,2,323
1584071826464,small_vehicle,0,37
1572508695444,small_vehicle,6,42
1567112143463,large_vehicle,2,49
1580042170132,small_vehicle,4,248
1567954712763,small_vehicle,6,255
1582438038421,small_vehicle,8,156
1569440485867,large_vehicle,10,36
1582679232986,small_vehicle,4,45
1575578558266,small_vehicle,0,313
1584845006119,large_vehicle,2,28
1571160739197,large_vehicle,2,125
1579414995066,small_vehicle,7,213
1568293668588,large_vehicle,3,184
1582251008840,large_vehicle,5,257
1578055198996,small_vehicle,9,137
1583304574083,small_vehicle,8,336
1574800632932,large_vehicle,6,146
1571799393444,large_vehicle,10,108
1580660514836,small_vehicle,0,65
1579141870559,small_vehicle,1,17
1583940225942,large_vehicle,1,102
1570691980211,small_vehicle,9,212
1582764272366,small_vehicle,6,102
1565332321305,small_vehicle,0,322
1578073942232,large_vehicle,8,282
1580427034163,small_vehicle,3,78
1574393880254,large_vehicle,1,140
1583102987647,large_vehicle,5,11
1567675726127,large_vehicle,1,105
1573926183666,large_vehicle,9,83
1583824658712,small_vehicle,3,288
1567966233405,small_vehicle,8,138
1571985230498,small_vehicle,8,276
1575392770395,small_vehicle,2,322
1580306018402,large_vehicle,0,326
1581748606831,large_vehicle,3,201
1574216140502,large_vehicle,0,356
1578651228974,large_vehicle,5,64
1576720085865,small_vehicle,8,213
1578488720844,large_vehicle,3,275
1580414336108,small_vehicle,6,25
1570296982420,small_vehicle,7,265
1571213956579,large_vehicle,10,134
1570922401629,large_vehicle,5,207
1565014374847,small_vehicle,8,5
1581815165371,large_vehicle,5,111
1567720338967,large_vehicle,7,69
1581584447901,large_vehicle,6,251
1575481952828,small_vehicle,1,151
1575168265735,small_vehicle,6,84
1569205667979,large_vehicle,4,196
1579416929530,small_vehicle,10,225
1572317738505,small_vehicle,3,226
1576430256057,small_vehicle,8,69
1576213043465,large_vehicle,10,162
1584386228573,large_vehicle,0,300
1582880860647,small_vehicle,10,80
1567044862030,small_vehicle,3,8
1581711137145,small_vehicle,1,332
1580384420989,large_vehicle,0,333
1580786868566,small_vehicle,7,126
1585525506847,large_vehicle,1,148
1574722014419,small_vehicle,1,270
1576694420746,small_vehicle,2,283
1580095341174,large_vehicle,0,287
1585865410514,small_vehicle,1,68
1572290166485,small_vehicle,9,92
1575537333594,large_vehicle,9,110
1577493462372,small_vehicle,4,313
1578854935776,large_vehicle,7,238
1572248518403,large_vehicle,5,309
1583985416153,small_vehicle,3,83
1584478208107,large_vehicle,0,54
1579156376891,small_vehicle,7,106
1582405944516,small_vehicle,3,304
1583909739553,large_vehicle,1,242
1580296929749,small_vehicle,6,346
1586681761379,large_vehicle,5,246
1579444235992,large_vehicle,7,187
1571337514400,large_vehicle,6,333
1583657428316,large_vehicle,3,148
1571460314851,small_vehicle,4,239
1577293537872,large_vehicle,5,21
1575628134239,small_vehicle,2,300
1569867258386,small_vehicle,6,33
1576964703386,large_vehicle,5,60
1579028597128,small_vehicle,9,37
1569250440615,small_vehicle,9,141
1582684028781,small_vehicle,6,15
1571332175731,small_vehicle,5,154
1576136869765,small_vehicle,8,28
1584960847532,large_vehicle,9,223
1577788095502,large_vehicle,3,303
1568086592624,small_vehicle,10,110
1575575163784,large_vehicle,1,192
1570441025082,large_vehicle,8,35
1568835539820,large_vehicle,5,228
1581183262245,small_vehicle,10,18
1585826080785,large_vehicle,5,281
1575610993794,large_vehicle,10,288
1582469774413,large_vehicle,3,306
1570652841447,small_vehicle,1,198
1565309645926,large_vehicle,0,276
1576172950706,large_vehicle,2,315
1584264091557,small_vehicle,6,316
1576656650097,small_vehicle,7,291
1585326059892,large_vehicle,5,328
1580045804351,small_vehicle,8,258
1565688620548,large_vehicle,6,347
1573138841417,small_vehicle,9,326
1585844428448,large_vehicle,9,37
1575304947123,large_vehicle,6,305
1573819855646,small_vehicle,2,54
1576032330285,large_vehicle,0,293
1579546966346,small_vehicle,10,69
1579213641732,large_vehicle,6,15
1583461220761,small_vehicle,10,60
1569164513262,large_vehicle,6,5
1579514928856,small_vehicle,3,333
1585180512265,small_vehicle,4,115
1570040347390,large_vehicle,9,251
1582628879914,large_vehicle,9,310
1567868666084,large_vehicle,6,258
1567109148181,small_vehicle,8,281
1567231081081,small_vehicle,0,7
1568641021498,small_vehicle,3,360
1565464356108,large_vehicle,4,44
1574901177159,small_vehicle,0,66
1585616765781,small_vehicle,4,298
1585288273250,small_vehicle,10,213
1578786259253,small_vehicle,5,210
1585081130475,large_vehicle,2,319
1584347137217,large_vehicle,1,125
1583289625326,small_vehicle,9,279
1580079778862,large_vehicle,3,11
1571500063723,large_vehicle,2,36
1569757890609,large_vehicle,4,26
1570925264620,large_vehicle,5,251
1566572292769,large_vehicle,4,347
1579337073777,small_vehicle,6,302
1583982731461,small_vehicle,6,297
1584649236581,large_vehicle,2,340
1583597890546,small_vehicle,1,100
1584350073099,large_vehicle,1,153
1571382333264,small_vehicle,7,2
1573928577035,small_vehicle,7,77
1585903481134,small_vehicle,2,28
1576382826675,small_vehicle,9,277
1586536656869,large_vehicle,8,126
1570531206753,small_vehicle,4,71
1569410514243,small_vehicle,1,24
1570664546313,small_vehicle,9,125
1573728836671,small_vehicle,3,64
1574630890681,small_vehicle,10,322
1578579794746,small_vehicle,3,50
1576278254230,small_vehicle,7,216
1571102992956,small_vehicle,8,116
1566145542075,large_vehicle,8,53
1576429932439,small_vehicle,5,249
1584173047795,small_vehicle,8,97
1571222005896,small_vehicle,7,334
1566864069264,small_vehicle,10,94
1573505444252,small_vehicle,9,262
1578633920870,small_vehicle,4,155
1576210937203,large_vehicle,0,210
1586384172528,large_vehicle,0,56
1574083830617,small_vehicle,0,217
1572587319600,small_vehicle,10,277
1572346403819,large_vehicle,1,109
1570499484488,large_vehicle,3,327
1582696664921,large_vehicle,10,249
1585448301469,large_vehicle,4,125
1582705423642,small_vehicle,4,200
1569635267786,large_vehicle,8,198
1584092146843,small_vehicle,2,347
1574075748301,large_vehicle,3,121
1585638501674,small_vehicle,10,168
1573750674221,large_vehicle,5,6
1566597131254,small_vehicle,6,90
1566778329111,small_vehicle,10,93
1578750285093,large_vehicle,0,339
1586587809273,large_vehicle,6,154
1578999373445,large_vehicle,9,207
1574117638197,small_vehicle,7,255
1576188627235,small_vehicle,3,184
1572300581329,small_vehicle,6,249
1569645547010,large_vehicle,5,26
1586089593505,large_vehicle,4,127
1582544364471,large_vehicle,3,319
1579567798470,small_vehicle,9,281
1582169867944,small_vehicle,8,181
1573453725317,large_vehicle,3,58
1585751112013,large_vehicle,0,341
1580450480964,small_vehicle,4,52
1586579832987,large_vehicle,6,244
1581583405711,small_vehicle,2,354
1578779639871,small_vehicle,2,191
1569745447850,large_vehicle,4,82
1564762321989,small_vehicle,3,102
1585713925508,large_vehicle,3,332
1565710699353,small_vehicle,4,70
1570957849167,small_vehicle,10,178
1570454120393,large_vehicle,10,228
1565883578135,large_vehicle,3,116
1578093035351,large_vehicle,6,307
1585192402983,large_vehicle,1,155
1567531236674,large_vehicle,5,52
1571311757635,small_vehicle,2,154
1585072858414,small_vehicle,6,221
1574985902799,large_vehicle,2,353
1585760128878,small_vehicle,6,1
1579808417386,large_vehicle,8,100
1580581977607,large_vehicle,6,160
1572623174646,large_vehicle,3,21
1566011847102,large_vehicle,1,126
1582156084232,large_vehicle,5,65
1580723906202,large_vehicle,6,346
1579439062507,large_vehicle,8,32
1572530240562,large_vehicle,10,290
1566915364554,small_vehicle,8,291
1570137665125,small_vehicle,4,156
1574407534039,large_vehicle,3,123
1565523955594,large_vehicle,6,228
1578719575295,large_vehicle,10,128
1569202185150,small_vehicle,6,152
1586629635531,large_vehicle,6,157
1581349596325,small_vehicle,4,246
1578972766805,large_vehicle,1,174
1566710187732,small_vehicle,8,83
1571321901838,small_vehicle,5,306
1576925905102,small_vehicle,10,113
1580345834084,small_vehicle,4,190
1578625119533,large_vehicle,1,103
1573002904009,large_vehicle,1,162
1575531127847,small_vehicle,1,41
1575475360319,large_vehicle,2,22
1572399157791,large_vehicle,4,187
1565056374433,small_vehicle,3,302
1576254794563,small_vehicle,6,89
1568132549758,small_vehicle,4,306
1586542413701,large_vehicle,3,305
1578341539522,large_vehicle,5,292
1574721186617,small_vehicle,2,339
1566341060007,large_vehicle,10,240
1571421422500,large_vehicle,2,178
1574091252726,large_vehicle,1,292
1575706175453,large_vehicle,7,319
1580685951650,small_vehicle,1,224
1564960153130,large_vehicle,2,327
1570447591803,large_vehicle,0,203
1577625957602,small_vehicle,9,90
1575443955117,large_vehicle,5,157
1567373356343,large_vehicle,0,291
1584283386493,small_vehicle,1,228
1568366525633,large_vehicle,2,234
1575114581062,large_vehicle,6,240
1571326454382,small_vehicle,8,319
1585463946134,large_vehicle,0,229
1579756543404,small_vehicle,6,65
1586470419974,large_vehicle,5,80
1572999967431,small_vehicle,6,330
1569402869782,large_vehicle,1,309
1569723995815,large_vehicle,7,329
1585731636055,small_vehicle,7,345
1567695709260,small_vehicle,9,216
1565244172388,large_vehicle,6,139
1577125829476,large_vehicle,9,275
1582254155857,small_vehicle,4,248
1572513268636,large_vehicle,0,195
1584325518079,large_vehicle,9,64
1584449701880,small_vehicle,5,96
1585735987396,large_vehicle,9,149
1566492338693,large_vehicle,0,121
1572984838606,large_vehicle,8,2
1585216058478,large_vehicle,1,252
1575519119883,small_vehicle,8,101
1573851436343,large_vehicle,4,116
1582230057004,small_vehicle,2,291
1580821816359,large_vehicle,7,35
1570989764459,large_vehicle,8,100
1577733924520,small_vehicle,2,235
1585081530678,small_vehicle,0,81
1569379294790,small_vehicle,7,73
1574809153091,small_vehicle,9,296
1569530820220,small_vehicle,7,218
1566411709678,small_vehicle,4,160
1573329442622,small_vehicle,7,117
1576720479182,large_vehicle,4,162
1572475641471,large_vehicle,3,140
1581176333227,small_vehicle,4,207
1572143161255,large_vehicle,4,222
1581598765793,small_vehicle,5,126
1582511550895,large_vehicle,5,110
1565362213199,large_vehicle,10,300
1583264244676,large_vehicle,8,70
1581633262937,small_vehicle,9,271
1569267303140,large_vehicle,7,117
1585229759975,large_vehicle,4,275
1571683836975,small_vehicle,4,188
1583977230814,small_vehicle,9,348
1583844440460,small_vehicle,1,158
1581970050256,small_vehicle,10,213
1571977324268,small_vehicle,8,234
1573825909724,large_vehicle,1,148
1569754525290,small_vehicle,7,269
1565217707321,small_vehicle,7,309
1580752163634,small_vehicle,1,7
1572621214400,large_vehicle,5,221
1572092575103,large_vehicle,3,16
1566220669546,large_vehicle,10,330
1566481631855,large_vehicle,10,188
1582110992041,small_vehicle,9,245
1581493840977,large_vehicle,6,61
1582080625070,large_vehicle,3,190
1580120693863,large_vehicle,0,220
1584574588330,small_vehicle,10,343
1565594143447,large_vehicle,5,260
1570754389234,large_vehicle,4,21
1573357285865,small_vehicle,7,239
1581402924265,large_vehicle,1,67
1573115693259,small_vehicle,1,195
1582239766302,small_vehicle,5,87
1579468487418,small_vehicle,6,326
1574908296547,large_vehicle,8,168
1583241665134,large_vehicle,8,174
1574543806345,small_vehicle,4,69
1571531642973,small_vehicle,2,262
1572833829405,small_vehicle,1,78
1583718942903,large_vehicle,7,101
1580437636484,large_vehicle,1,98
1566040648779,large_vehicle,5,4
1566070508433,small_vehicle,1,55
1585989997465,small_vehicle,8,22
1567924463358,small_vehicle,5,106
1568810266172,small_vehicle,9,192
1566521195517,large_vehicle,7,20
1567565891169,small_vehicle,6,99
1568959142609,large_vehicle,2,163
1572405985672,small_vehicle,9,20
1579416079483,large_vehicle,10,214
1581471379406,large_vehicle,8,321
1581829464126,small_vehicle,1,87
1565119248778,large_vehicle,2,214
1573084044965,small_vehicle,7,233
1581297915483,small_vehicle,4,48
1566966432065,large_vehicle,2,38
1565756293084,small_vehicle,3,352
1583110432444,large_vehicle,6,26
1578133470249,small_vehicle,3,343
1576165518733,small_vehicle,10,224
1582706397406,large_vehicle,6,19
1571106719200,small_vehicle,9,150
1575522265111,small_vehicle,7,227
1577250073683,small_vehicle,1,253
1581754926680,small_vehicle,0,204
1574904462195,small_vehicle,6,97
1573563896765,large_vehicle,9,342
1578832248308,small_vehicle,2,175
1570266075983,large_vehicle,1,265
1566830171013,large_vehicle,9,64
1570837981873,large_vehicle,4,183
1581084427833,large_vehicle,2,251
1572813906779,small_vehicle,9,80
1584823147555,large_vehicle,1,223
1579637490510,small_vehicle,10,283
1576068625644,small_vehicle,10,178
1576199393090,small_vehicle,4,263
1585352751112,large_vehicle,2,308
1566527616477,large_vehicle,10,298
1578564805521,small_vehicle,0,16
1580109265843,small_vehicle,8,353
1577566868837,large_vehicle,10,221
1568143032793,large_vehicle,9,195
1572357471667,large_vehicle,1,245
1565702355000,small_vehicle,10,183
1583171630740,large_vehicle,3,235
1580792242484,small_vehicle,8,331
1585102707635,large_vehicle,5,288
1567840293559,small_vehicle,5,99
1573396371585,small_vehicle,3,312
1583836798390,small_vehicle,3,62
1569683279821,small_vehicle,8,6
1564728659368,large_vehicle,6,207
1567940074426,large_vehicle,7,349
1564701822102,small_vehicle,4,360
1582774896414,large_vehicle,2,27
1579783461586,large_vehicle,3,202
1571682535678,small_vehicle,6,35
1585901156986,small_vehicle,6,352
1577309899580,large_vehicle,8,252
1585659030521,small_vehicle,3,88
1578665511974,large_vehicle,10,226
1572818245830,large_vehicle,9,214
1583530079731,small_vehicle,10,286
1581297248339,small_vehicle,9,64
1583886777751,small_vehicle,2,27
1573511605097,small_vehicle,7,7
1569596731165,large_vehicle,1,126
1572129743364,large_vehicle,8,283
1583334289672,small_vehicle,4,101
1572991922322,small_vehicle,8,270
1574523584246,large_vehicle,3,43
1583102432576,large_vehicle,3,278
1575888463729,large_vehicle,4,246
1585648606043,large_vehicle,4,0
1581727553780,small_vehicle,9,154
1578578743105,small_vehicle,10,269
1570811227124,small_vehicle,5,120
1565643489574,small_vehicle,2,205
1586042346593,small_vehicle,6,144
1576470809868,small_vehicle,8,95
1565854459315,small_vehicle,7,113
1583463505190,large_vehicle,0,199
1575453553808,large_vehicle,5,255
1571396687207,small_vehicle,0,214
1581703184935,large_vehicle,9,326
1580834557805,small_vehicle,1,40
1572824754009,large_vehicle,8,277
1581925003175,small_vehicle,1,343
1580987045261,large_vehicle,4,173
1570284388478,small_vehicle,1,242
1574316215287,large_vehicle,10,51
1566428129859,large_vehicle,1,315
1570724790815,small_vehicle,4,271
1575027196084,small_vehicle,9,234
1566995431972,small_vehicle,7,263
1584382244393,small_vehicle,2,322
1565071349155,large_vehicle,7,136
1585562744189,small_vehicle,6,191
1568960186514,large_vehicle,5,21
1585483078224,small_vehicle,5,224
1583125759607,large_vehicle,9,190
1575422911519,small_vehicle,4,236
1575930893676,small_vehicle,9,193
1577205747748,small_vehicle,8,350
1574995108936,large_vehicle,4,129
1585487277798,large_vehicle,1,62
1577349842073,small_vehicle,3,18
1574789635699,small_vehicle,3,359
1573812010087,small_vehicle,8,26
1583078352232,large_vehicle,6,339
1581025898994,large_vehicle,4,80
1573984045321,large_vehicle,8,96
1576876885556,large_vehicle,4,214
1574078758072,small_vehicle,2,20
1583801716112,large_vehicle,0,317
1571103443794,small_vehicle,4,320
1579179267664,small_vehicle,3,282
1570874674643,large_vehicle,10,263
1575865751526,small_vehicle,5,149
1582563672459,large_vehicle,0,85
1578860093538,large_vehicle,9,352
1582251293659,large_vehicle,4,8
1586368762225,large_vehicle,3,282
1566658555960,large_vehicle,4,152
1585515701643,small_vehicle,8,59
1581063501690,small_vehicle,2,51
1577418953280,large_vehicle,1,34
1573250748283,small_vehicle,3,69
1567021456744,large_vehicle,9,62
1573423586242,small_vehicle,10,97
1574142318555,small_vehicle,3,45
1576889560789,small_vehicle,0,144
1583602594731,small_vehicle,9,218
1577481123378,large_vehicle,7,240
1585448930720,small_vehicle,6,324
1583362817497,large_vehicle,3,223
1580801131223,small_vehicle,2,80
1576757413302,large_vehicle,0,99
1577317611983,small_vehicle,0,339
1573948960087,small_vehicle,1,240
1576101474649,small_vehicle,10,27
1581506605711,small_vehicle,1,51
1565889460666,large_vehicle,8,127
1574977539668,large_vehicle,5,221
1571357607805,small_vehicle,1,299
1583019640941,large_vehicle,6,29
1574378199255,large_vehicle,4,79
1576077740799,large_vehicle,7,227
1577823575181,large_vehicle,4,16
1582289219060,small_vehicle,0,244
1577820661245,large_vehicle,0,282
1566931438313,large_vehicle,3,47
1568294236492,small_vehicle,7,252
1566905741433,small_vehicle,8,135
1569224987759,large_vehicle,8,29
1565269635413,large_vehicle,8,105
1578670055756,small_vehicle,8,334
1573720522280,small_vehicle,9,24
1569463212371,large_vehicle,8,248
1572629861793,small_vehicle,4,125
1566062753517,large_vehicle,5,101
1571015386275,large_vehicle,9,38
1578133181006,small_vehicle,3,186
1576512415641,large_vehicle,9,163
1574075423358,small_vehicle,9,267
1577733663808,small_vehicle,2,69
1573214283362,large_vehicle,7,147
1575038149454,small_vehicle,1,344
1575036966641,large_vehicle,9,71
1566064583686,large_vehicle,4,159
1575702253361,large_vehicle,10,307
1566901040535,small_vehicle,8,316
1566088217064,large_vehicle,4,162
1569480060070,small_vehicle,7,296
1574939072411,small_vehicle,1,276
1577870314028,large_vehicle,2,319
1577923329409,small_vehicle,8,191
1569365701031,small_vehicle,1,86
1575429412816,small_vehicle,9,290
1570696098777,small_vehicle,9,260
1580960035018,small_vehicle,9,196
1583632707238,small_vehicle,10,111
1581468424020,large_vehicle,4,6
1565043969018,small_vehicle,9,70
1579749223483,small_vehicle,4,20
1581223432347,large_vehicle,3,53
1569299791195,large_vehicle,2,277
1568043173449,large_vehicle,0,326
1565534540842,small_vehicle,1,234
1574017945659,large_vehicle,1,33
1570916139996,small_vehicle,3,312
1573525870959,small_vehicle,6,40
1573719647080,small_vehicle,10,312
1582449616290,small_vehicle,3,359
1574179885212,large_vehicle,3,307
1578843374120,small_vehicle,6,305
1564838494714,small_vehicle,8,23
1574443670423,small_vehicle,9,236
1572649761191,large_vehicle,10,29
1572457761362,large_vehicle,3,262
1586711548019,large_vehicle,0,76
1573867530296,small_vehicle,9,126
1566897586407,small_vehicle,4,294
1571859262206,small_vehicle,1,342
1565683038890,small_vehicle,6,160
1565703128388,large_vehicle,3,357
1571232592804,large_vehicle,4,61
1567916097433,small_vehicle,8,2
1574818269657,large_vehicle,2,111
1579590502904,small_vehicle,5,322
1581518176780,small_vehicle,5,315
1578709243777,small_vehicle,7,210
1566512167094,large_vehicle,10,253
1574994951076,small_vehicle,8,38
1577843139331,small_vehicle,2,196
1583268189747,small_vehicle,4,1
1569013461734,large_vehicle,5,294
1568812190559,small_vehicle,4,184
1569720400483,large_vehicle,7,46
1572956121908,small_vehicle,2,164
1571550865264,large_vehicle,9,62
1576818094483,small_vehicle,9,114
1571774822219,large_vehicle,5,200
1576215913549,small_vehicle,1,275
1577668823733,large_vehicle,6,267
1566171340067,large_vehicle,10,317
1564818650330,large_vehicle,7,136
1565116939198,large_vehicle,8,310
1566858072754,large_vehicle,4,202
1569573294978,small_vehicle,6,67
1565386206829,large_vehicle,10,245
1572243075912,small_vehicle,5,297
1571141321337,small_vehicle,2,251
1569882995890,small_vehicle,5,205
1579605810302,large_vehicle,1,19
1575661287379,large_vehicle,1,299
1572948523044,large_vehicle,3,200
1571545815377,small_vehicle,5,59
1568628525714,small_vehicle,9,137
1573050978489,large_vehicle,4,145
1569060010177,small_vehicle,7,227
1585273927700,small_vehicle,2,98
1585333323516,small_vehicle,2,266
1578200355912,small_vehicle,4,39
1582203185377,small_vehicle,10,96
1583627967964,large_vehicle,3,265
1579224388687,small_vehicle,6,285
1583079373180,small_vehicle,4,167
1583096629395,large_vehicle,0,347
1567553123585,small_vehicle,1,96
1572044102927,small_vehicle,3,184
1572559207618,large_vehicle,2,280
1580785492366,small_vehicle,10,121
1583873940715,large_vehicle,9,130
1572680714491,large_vehicle,8,255
1570255920884,large_vehicle,7,180
1566557922166,small_vehicle,3,337
1565607022078,large_vehicle,9,196
1580847739365,large_vehicle,0,140
1569738628831,large_vehicle,6,305
1585433628802,small_vehicle,8,307
1576564865657,large_vehicle,7,227
1570470804125,large_vehicle,9,112
1568571414777,large_vehicle,2,207
1565617549792,large_vehicle,5,290
1571098508898,large_vehicle,10,249
1574595682793,small_vehicle,0,142
1570666198736,large_vehicle,5,54
1583782041706,large_vehicle,4,82
1567799478115,small_vehicle,8,230
1573267624200,small_vehicle,1,66
1585327499577,small_vehicle,1,310
1568898706030,small_vehicle,7,5
1571884556717,large_vehicle,8,310
1578754712146,large_vehicle,8,223
1569838322604,small_vehicle,7,2
1574023729796,small_vehicle,8,194
1569668919909,small_vehicle,9,107
1575761270906,small_vehicle,2,121
1577393536476,small_vehicle,0,347
1566166787875,large_vehicle,9,289
1582928138928,large_vehicle,10,109
1574926808941,small_vehicle,10,314
1565519125127,small_vehicle,5,327
1573479667328,small_vehicle,4,186
1579701744173,small_vehicle,4,19
1581987957380,large_vehicle,0,50
1584509416257,small_vehicle,5,156
1579925651355,large_vehicle,5,159
1576846770330,large_vehicle,5,101
1586406107330,small_vehicle,7,298
1566825761987,small_vehicle,8,304
1580549079519,small_vehicle,9,287
1576740059313,large_vehicle,8,57
1576668282773,large_vehicle,8,196
1567276065787,large_vehicle,2,219
1576576417878,small_vehicle,2,233
1573366983355,small_vehicle,4,232
1584027002893,small_vehicle,9,180
1574546708081,large_vehicle,6,28
1567660673234,small_vehicle,6,212
1574966898492,small_vehicle,7,328
1579157294145,small_vehicle,4,336
1567181945854,small_vehicle,6,4
1583767705208,large_vehicle,8,49
1585987672938,small_vehicle,8,237
1586713291549,small_vehicle,0,117
1568809017384,small_vehicle,0,26
1577268060006,small_vehicle,9,191
1577674298357,large_vehicle,8,309
1576036656482,large_vehicle,7,218
1565416220198,large_vehicle,1,266
1579582153504,large_vehicle,5,135
1580428904707,large_vehicle,3,111
1585305484505,large_vehicle,4,190
1578547084656,small_vehicle,8,80
1570101895521,small_vehicle,8,145
1573747957006,small_vehicle,6,204
1566026532871,large_vehicle,3,17
1570450422241,large_vehicle,4,59
1568591287047,small_vehicle,10,195
1585977353258,large_vehicle,0,68
1565941767105,small_vehicle,1,11
1581967899987,small_vehicle,4,245
1571336689551,large_vehicle,2,270
1586090639391,large_vehicle,4,10
1572248357454,small_vehicle,10,327
1581746222610,small_vehicle,5,171
1576951754681,large_vehicle,2,76
1571261993860,small_vehicle,3,231
1568846981830,small_vehicle,4,88
1585610002098,large_vehicle,1,297
1572698872249,large_vehicle,9,175
1585291558895,large_vehicle,2,116
1579449195186,small_vehicle,10,323
1564682828501,large_vehicle,10,174
1582948565638,large_vehicle,1,132
1571902550173,large_vehicle,5,64
1585916059612,small_vehicle,0,152
1585750079453,small_vehicle,6,29
1580160017556,large_vehicle,1,112
1565844254209,small_vehicle,1,225
1567562383513,large_vehicle,9,326
1581943524792,small_vehicle,2,206
1584795745828,large_vehicle,7,185
1582043448151,small_vehicle,0,145
1573973710523,large_vehicle,4,287
1577839051022,small_vehicle,7,10
1574794462543,large_vehicle,6,338
1567652872714,large_vehicle,5,165
1573874902587,small_vehicle,10,50
1578322637330,small_vehicle,1,248
1584984921003,small_vehicle,8,263
1586414226229,large_vehicle,1,46
1586155254026,large_vehicle,10,256
1586210099293,small_vehicle,8,188
1571415184699,large_vehicle,1,167
1575223225493,small_vehicle,1,108
1583956500503,large_vehicle,9,164
1584682508463,large_vehicle,10,183
1572538999812,large_vehicle,8,346
1582828207122,small_vehicle,6,335
1583831814716,small_vehicle,5,272
1575604484156,small_vehicle,1,109
1585251811435,small_vehicle,8,289
1575579202249,large_vehicle,0,50
1571222300696,large_vehicle,6,209
1582520938419,large_vehicle,9,31
1574211598885,small_vehicle,7,153
1571578965620,small_vehicle,1,190
1575672017945,small_vehicle,3,230
1576600667165,small_vehicle,5,252
1577218674851,small_vehicle,6,161
1578625161427,large_vehicle,2,116
1568908142672,large_vehicle,6,198
1577708964176,large_vehicle,8,58
1574448473041,large_vehicle,4,65
1585931597933,large_vehicle,8,14
1570816417151,small_vehicle,3,182
1568081059577,large_vehicle,6,201
1571602960206,small_vehicle,0,152
1585898647351,large_vehicle,7,55
1576027432831,large_vehicle,9,303
1581140406880,small_vehicle,0,128
1585326553510,small_vehicle,9,188
1566578377734,small_vehicle,2,61
1568915913591,small_vehicle,10,42
1581458503584,small_vehicle,7,337
1581302196631,large_vehicle,10,202
1581059100732,small_vehicle,2,204
1574338710576,small_vehicle,4,312
1564868687474,small_vehicle,4,285
1579566614877,large_vehicle,9,296
1585764703223,small_vehicle,4,30
1580114774460,small_vehicle,10,223
1568847983216,large_vehicle,8,165
1585879508486,small_vehicle,8,175
1580620165642,large_vehicle,7,137
1568045565255,large_vehicle,2,51
1584170321588,large_vehicle,6,132
1573496955821,small_vehicle,3,34
1565628970759,small_vehicle,9,198
1581523935811,large_vehicle,7,125
1574472770506,small_vehicle,3,226
1586169650191,large_vehicle,10,249
