1565424747208,large_vehicle,1,42
1564727065370,large_vehicle,9,358
1567206711290,small_vehicle,1,41
1568980999633,large_vehicle,1,137
1586616975899,small_vehicle,4,332
1575637845905,large_vehicle,4,181
1566846810017,small_vehicle,10,331
1583041417668,small_vehicle,6,74
1582038911317,small_vehicle,0,184
1571953808791,large_vehicle,8,22
1572263020847,large_vehicle,8,201
1585767412271,large_vehicle,10,124
1573499462647,large_vehicle,4,81
1579622357797,small_vehicle,8,121
1572339552353,large_vehicle,2,288
1574409680861,small_vehicle,0,100
1585190317382,small_vehicle,8,49
1577743672115,large_vehicle,8,69
1565148227981,small_vehicle,3,266
1576178424953,small_vehicle,5,166
1568325423839,small_vehicle,1,260
1576098563344,large_vehicle,10,347
1581601603726,large_vehicle,1,284
1577343914799,small_vehicle,8,114
1586289586899,small_vehicle,8,5
1580422118865,small_vehicle,1,108
1573833819362,large_vehicle,0,7
1576508124915,large_vehicle,6,3
1573197086694,small_vehicle,4,33
1570982422963,large_vehicle,6,40
1569517682211,small_vehicle,1,294
1570815680866,small_vehicle,4,155
1584126797035,small_vehicle,3,31
1570327873076,large_vehicle,2,181
1573366035584,large_vehicle,6,186
1581026160457,large_vehicle,8,258
1586089568185,large_vehicle,7,19
1572680393974,large_vehicle,9,287
1572423975611,large_vehicle,5,311
1578111417994,large_vehicle,8,351
1579609560529,small_vehicle,5,131
1575557832503,small_vehicle,6,230
1576619973099,small_vehicle,6,183
1568271568976,small_vehicle,0,255
1569638530934,small_vehicle,10,205
1568642347618,small_vehicle,4,280
1586313819682,small_vehicle,7,323
1583386747085,large_vehicle,5,326
1584548424738,small_vehicle,9,144
1583618932582,small_vehicle,9,218
1573122129471,large_vehicle,1,119
1586418624410,large_vehicle,7,311
1565610894275,large_vehicle,9,176
1585836065414,small_vehicle,1,29
1575058579139,large_vehicle,5,91
1579640011870,large_vehicle,2,116
1570641985510,large_vehicle,3,80
1580050492534,large_vehicle,8,108
1577136809298,large_vehicle,2,307
1579004949938,large_vehicle,1,329
1576203948216,small_vehicle,7,80
1570958150205,large_vehicle,1,113
1571056459705,large_vehicle,5,59
1584393805788,small_vehicle,1,240
1585440754964,small_vehicle,2,230
1585004604255,small_vehicle,9,172
1584168269894,large_vehicle,8,122
1577145441217,large_vehicle,8,77
1574577669086,small_vehicle,8,275
1567792490623,small_vehicle,8,272
1575194301353,small_vehicle,8,144
1567217722945,large_vehicle,4,198
1575476411281,large_vehicle,0,224
1573431385627,small_vehicle,2,183
1585051091868,large_vehicle,4,272
1583330165080,large_vehicle,8,274
1580763524825,small_vehicle,1,171
1575206008807,small_vehicle,5,76
1581539866768,small_vehicle,9,50
1572717662568,large_vehicle,2,324
1571219370517,small_vehicle,2,325
1576610814933,large_vehicle,7,299
1565409880746,small_vehicle,7,33
1578443359904,small_vehicle,3,256
1583289242803,small_vehicle,9,258
1575367086853,large_vehicle,0,231
1586311187607,large_vehicle,9,149
1566449661450,large_vehicle,6,272
1576901100117,small_vehicle,5,201
1571993849342,small_vehicle,9,354
1577378466410,large_vehicle,2,24
1580001140623,large_vehicle,5,357
1575451833761,small_vehicle,10,68
1584056219510,large_vehicle,9,333
1574802957535,small_vehicle,7,255
1575683636597,large_vehicle,7,274
1578714695006,small_vehicle,2,131
1574074446615,large_vehicle,5,352
1573664042787,large_vehicle,9,261
1584648785248,large_vehicle,2,1
1586317202935,large_vehicle,5,5
1570742946642,small_vehicle,6,320
1580810003526,large_vehicle,3,290
1579591683414,large_vehicle,7,15
1566881918807,small_vehicle,1,314
1579105468622,large_vehicle,3,17
1580406461127,small_vehicle,3,149
1566216709509,large_vehicle,1,11
1573388005005,small_vehicle,1,357
1577364908241,small_vehicle,8,277
1582678582024,small_vehicle,3,130
1581943792610,small_vehicle,8,234
1585877794495,large_vehicle,1,341
1565669028020,small_vehicle,2,283
1573965699294,large_vehicle,0,42
1586628662047,small_vehicle,9,236
1578062488217,small_vehicle,8,253
1576009987117,small_vehicle,3,298
1581067586282,small_vehicle,3,236
1575206762509,small_vehicle,6,39
1586027672303,small_vehicle,3,269
1572325494045,small_vehicle,5,251
1584318515399,large_vehicle,3,360
1585273912061,small_vehicle,5,213
1566788469918,large_vehicle,0,329
1573608955991,large_vehicle,6,253
1564907076896,large_vehicle,4,214
1570530400146,large_vehicle,5,337
1578174983999,large_vehicle,3,104
1586676375106,small_vehicle,5,83
1574719672759,small_vehicle,0,314
1569846973916,small_vehicle,1,161
1582233778465,small_vehicle,3,270
1583409009674,large_vehicle,8,120
1583834603222,large_vehicle,4,292
1585760698102,large_vehicle,4,257
1578470096118,large_vehicle,10,146
1567177801582,small_vehicle,4,313
1581621723435,large_vehicle,4,216
1576275144305,large_vehicle,4,22
1565767237567,large_vehicle,1,215
1585579992377,small_vehicle,10,148
1571160255539,large_vehicle,4,163
1568758253567,small_vehicle,4,309
1579805835172,small_vehicle,7,77
1583409254357,small_vehicle,1,349
1582891160482,large_vehicle,7,304
1580749579477,large_vehicle,4,85
1586105620082,large_vehicle,10,186
1567797851828,small_vehicle,1,244
1570148090858,small_vehicle,2,86
1582003149488,small_vehicle,4,39
1568134711391,large_vehicle,9,308
1569329783151,small_vehicle,0,301
1564937846900,small_vehicle,1,277
1564918948529,large_vehicle,6,185
1586399383277,small_vehicle,6,183
1580362914247,large_vehicle,10,145
1581214912980,small_vehicle,10,278
1583325643635,large_vehicle,4,262
1565107309256,large_vehicle,1,2
1573390901450,large_vehicle,2,63
1575580013530,large_vehicle,4,208
1573621576672,large_vehicle,10,341
1569883322065,small_vehicle,9,350
1585896901600,small_vehicle,6,156
1584860693546,large_vehicle,1,19
1586042838564,large_vehicle,10,3
1585609957580,large_vehicle,2,241
1584665428903,large_vehicle,7,167
1567123542295,large_vehicle,8,210
1578621926284,large_vehicle,0,147
1584955301305,small_vehicle,2,153
1585725888847,large_vehicle,6,265
1577772921240,small_vehicle,9,187
1582092979020,small_vehicle,7,273
1577993864765,small_vehicle,10,63
1583457553928,small_vehicle,1,331
1581739592938,small_vehicle,1,322
1580033610552,small_vehicle,9,315
1576451564868,small_vehicle,4,124
1567258154516,small_vehicle,3,9
1581351477227,small_vehicle,10,347
1574988783439,large_vehicle,0,96
1571488514777,large_vehicle,0,16
1564982816699,large_vehicle,1,214
1571226019918,large_vehicle,1,125
1584567008820,large_vehicle,10,323
1571819980121,small_vehicle,8,71
1568824449229,small_vehicle,2,263
1579716538656,large_vehicle,4,350
1573745179657,large_vehicle,5,187
1573922771101,small_vehicle,3,11
1583786810605,small_vehicle,1,328
1579909576507,small_vehicle,10,285
1584524710329,small_vehicle,0,213
1582719777013,large_vehicle,1,236
1586501240943,small_vehicle,7,218
1580049795119,large_vehicle,3,278
1575791326751,small_vehicle,3,325
1582179238037,large_vehicle,4,36
1581959887946,small_vehicle,0,354
1571358401396,large_vehicle,7,116
1577532704723,small_vehicle,8,193
1575452112200,small_vehicle,0,354
1572558691622,large_vehicle,7,305
1567894132704,small_vehicle,7,268
1583107813964,small_vehicle,2,345
1574075542008,large_vehicle,9,144
1572552789675,small_vehicle,5,204
1583949017525,large_vehicle,7,338
1565998476513,small_vehicle,3,279
1569119487932,small_vehicle,5,308
1569141084998,large_vehicle,8,139
1581254054714,small_vehicle,0,309
1567544726607,small_vehicle,4,322
1574092866462,large_vehicle,4,33
1577095130861,small_vehicle,7,169
1573665651071,small_vehicle,0,94
1570665531768,small_vehicle,0,271
1584662651358,small_vehicle,8,65
1571646507895,small_vehicle,9,179
1565553574939,large_vehicle,1,355
1575607343109,large_vehicle,6,298
1564694386973,small_vehicle,4,360
1568361756257,large_vehicle,7,15
1581940961428,large_vehicle,5,45
1583408117911,small_vehicle,0,195
1584941101751,large_vehicle,2,0
1581350708281,large_vehicle,5,229
1578591651509,small_vehicle,10,310
1575792543356,small_vehicle,6,165
1584919702813,large_vehicle,7,73
1567946392631,large_vehicle,1,10
1565546962609,large_vehicle,5,108
1578032345787,large_vehicle,2,158
1573257424609,small_vehicle,4,133
1579891495030,small_vehicle,4,49
1586486759330,large_vehicle,10,101
1584757752148,small_vehicle,5,198
1566519184101,small_vehicle,7,246
1572646785669,small_vehicle,7,57
1585766271618,small_vehicle,6,345
1568873820245,small_vehicle,2,268
1565532535667,large_vehicle,8,267
1565453740074,small_vehicle,3,184
1581680325618,large_vehicle,8,317
1568472114366,small_vehicle,8,321
1585012973287,small_vehicle,4,43
1585070948318,small_vehicle,5,55
1577176871241,large_vehicle,7,322
1571620552141,large_vehicle,0,121
1574330979079,large_vehicle,8,81
1567186150649,large_vehicle,2,299
1571399979551,small_vehicle,5,257
1577234145609,large_vehicle,1,71
1569328096861,large_vehicle,4,15
1573063755772,small_vehicle,9,337
1575523325776,small_vehicle,7,270
1564917883719,large_vehicle,1,334
1580653366341,small_vehicle,7,88
1568548780486,small_vehicle,2,197
1580403702164,large_vehicle,6,163
1567733609250,small_vehicle,6,202
1582129852187,large_vehicle,8,116
1572089794494,large_vehicle,6,12
1574381704918,large_vehicle,9,354
1579951838167,small_vehicle,3,318
1577041037786,small_vehicle,2,273
1565961688455,large_vehicle,10,193
1571241772044,large_vehicle,3,307
1580298567863,small_vehicle,9,27
1585020013272,large_vehicle,0,12
1574546653259,large_vehicle,7,2
1579280418072,small_vehicle,1,7
1580686089663,large_vehicle,6,290
1585276234693,large_vehicle,8,71
1571381119565,large_vehicle,6,291
1585441552523,large_vehicle,3,146
1577495774727,small_vehicle,1,218
1584896479318,small_vehicle,2,119
1565366715916,large_vehicle,8,110
1567342353869,large_vehicle,3,328
1573220977025,large_vehicle,1,159
1581308964635,small_vehicle,9,71
1583195060379,large_vehicle,9,116
1570201000397,large_vehicle,9,120
1582273318734,large_vehicle,1,36
1566507375506,small_vehicle,5,177
1572602880165,large_vehicle,8,70
1572391264722,small_vehicle,6,147
1567694052054,large_vehicle,0,113
1586505972541,large_vehicle,3,6
1574554276704,small_vehicle,10,194
1572310303471,large_vehicle,9,283
1584236816510,small_vehicle,8,79
1576851487769,small_vehicle,4,251
1585885168657,small_vehicle,9,53
1574642727422,large_vehicle,5,143
1577395816617,large_vehicle,7,315
1581537842536,large_vehicle,3,216
1580023863511,large_vehicle,8,61
1568366761506,large_vehicle,2,160
1567351093838,small_vehicle,10,38
1568551555599,large_vehicle,8,80
1583117272343,large_vehicle,5,114
1575664813647,small_vehicle,7,0
1575871895641,small_vehicle,2,334
1576319105697,large_vehicle,3,52
1575551035267,large_vehicle,6,195
1586510797007,small_vehicle,4,263
1578856081044,large_vehicle,3,310
1566381318610,large_vehicle,2,12
1566192294025,small_vehicle,0,117
1565223395752,small_vehicle,5,344
1583372058248,large_vehicle,10,300
1578086179738,large_vehicle,9,21
1565734065023,small_vehicle,0,83
1576233129210,small_vehicle,6,90
1564770853982,small_vehicle,5,157
1578148876445,large_vehicle,6,106
1574729245504,large_vehicle,10,218
1578922794897,large_vehicle,8,302
1567722357037,small_vehicle,9,36
1580174738311,large_vehicle,2,208
1573939127408,small_vehicle,9,278
1577664414452,small_vehicle,4,283
1569556815839,large_vehicle,4,178
1572864003598,small_vehicle,2,206
1582195520447,large_vehicle,3,92
1568369653926,large_vehicle,10,198
1572803537254,large_vehicle,3,107
1569612731764,small_vehicle,0,126
1574182898151,large_vehicle,9,311
1585134221935,small_vehicle,10,127
1577400287727,small_vehicle,6,194
1566546690895,large_vehicle,5,37
1565487936213,small_vehicle,0,270
1567044041689,small_vehicle,7,61
1583088231505,small_vehicle,5,11
1577058939251,small_vehicle,6,114
1566658007789,large_vehicle,6,115
1566002460094,small_vehicle,6,71
1586669747298,small_vehicle,8,311
1583180346593,large_vehicle,1,266
1566477410637,large_vehicle,6,282
1584121894973,large_vehicle,0,166
1584239859481,small_vehicle,5,26
1571333880769,large_vehicle,0,301
1572580241230,large_vehicle,8,302
1582745282775,large_vehicle,7,118
1574168377585,small_vehicle,7,219
1566190496072,large_vehicle,0,274
1578819792171,large_vehicle,3,297
1573402810272,small_vehicle,3,197
1580274842991,large_vehicle,8,201
1583695507615,small_vehicle,0,307
1566245507209,small_vehicle,6,355
1572418178275,large_vehicle,10,334
1568825760804,small_vehicle,3,19
1571146985893,large_vehicle,2,128
1577184553295,large_vehicle,1,265
1586657477575,small_vehicle,5,244
1583349977587,large_vehicle,2,281
1575704563242,large_vehicle,7,353
1575369859080,small_vehicle,6,313
1583078351859,large_vehicle,1,259
1584904253260,large_vehicle,1,17
1569439152236,large_vehicle,8,58
1568812979479,small_vehicle,10,256
1568907325339,large_vehicle,8,223
1569229762670,large_vehicle,3,58
1586284195283,small_vehicle,9,172
1569286767542,small_vehicle,3,198
1581569683440,large_vehicle,1,11
1571783690143,small_vehicle,1,117
1580693117372,large_vehicle,2,286
1578002588479,large_vehicle,10,309
1579935926416,small_vehicle,9,240
1579437664836,large_vehicle,2,214
1576677135888,large_vehicle,2,248
1567429887862,large_vehicle,10,32
1576638961550,large_vehicle,1,127
1579711519332,small_vehicle,1,115
1584177087661,small_vehicle,2,167
1576428257112,small_vehicle,9,258
1577737125468,small_vehicle,4,16
1575746758900,small_vehicle,5,247
1579328085427,large_vehicle,5,301
1569607889550,large_vehicle,9,17
1573502458476,large_vehicle,5,351
1571312305083,large_vehicle,4,31
1580396891862,large_vehicle,0,313
1582076026290,small_vehicle,2,86
1574477371469,large_vehicle,9,23
1574153196431,small_vehicle,6,321
1582333891548,small_vehicle,9,43
1566217458489,large_vehicle,7,326
1581673365626,large_vehicle,5,131
1580292099583,small_vehicle,7,223
1567633254598,small_vehicle,8,354
1585747837702,large_vehicle,3,347
1565843140876,large_vehicle,0,351
1567970335706,large_vehicle,7,291
1575073653483,large_vehicle,6,145
1567353066538,large_vehicle,6,295
1570897650266,large_vehicle,2,168
1581181443095,large_vehicle,2,85
1566041829976,large_vehicle,5,106
1584638545481,large_vehicle,10,108
1572034883893,large_vehicle,5,249
1570696655745,small_vehicle,8,358
1576716139175,small_vehicle,1,65
1568595199292,small_vehicle,9,39
1571653007204,large_vehicle,8,287
1567178515467,large_vehicle,9,78
1566415600406,small_vehicle,3,191
1574377671347,large_vehicle,5,4
1568948446475,small_vehicle,2,125
1584009343675,small_vehicle,9,8
1571703511461,small_vehicle,1,343
1572841520663,large_vehicle,2,45
1581390370396,small_vehicle,8,325
1573366793843,small_vehicle,0,184
1565235635598,small_vehicle,1,337
1575178112412,small_vehicle,4,336
1571850966467,small_vehicle,9,40
1576041134164,small_vehicle,1,89
1583644722110,small_vehicle,7,287
1568568027888,small_vehicle,9,173
1571684456511,small_vehicle,9,263
1580850215285,small_vehicle,6,268
1576850568394,small_vehicle,5,34
1578341372674,small_vehicle,4,50
1574476010854,large_vehicle,9,51
1567301179710,large_vehicle,0,170
1567510545944,small_vehicle,9,109
1578975001447,large_vehicle,2,300
1574635860367,small_vehicle,6,231
1568312673482,large_vehicle,0,62
1583404315742,small_vehicle,5,241
1584443806769,small_vehicle,7,240
1573333436313,small_vehicle,1,159
1583012993949,small_vehicle,3,285
1579027499654,small_vehicle,5,239
1576341388915,large_vehicle,2,202
1580423442872,large_vehicle,6,219
1577811539891,large_vehicle,2,358
1574878169245,small_vehicle,6,80
1579196777083,large_vehicle,7,59
1576636926799,small_vehicle,2,19
1580335361351,large_vehicle,9,352
1580356144546,small_vehicle,6,61
1566386166252,small_vehicle,9,349
1568719242455,large_vehicle,0,267
1582097187734,small_vehicle,6,268
1580515946360,small_vehicle,1,216
1568052886553,large_vehicle,3,269
1579688309447,large_vehicle,1,214
1573049862146,large_vehicle,2,120
1566150903195,small_vehicle,10,95
1577387105036,large_vehicle,5,7
1579352074984,large_vehicle,3,193
1578410961451,small_vehicle,8,8
1582771399549,large_vehicle,2,241
1581154270854,small_vehicle,5,155
1571494907428,small_vehicle,7,195
1573766991807,large_vehicle,7,103
1583199711026,small_vehicle,0,32
1574937686459,large_vehicle,5,181
1582655468149,large_vehicle,9,188
1574424838112,large_vehicle,8,261
1578873875422,large_vehicle,7,136
1565776743799,large_vehicle,3,203
1568228589205,small_vehicle,1,295
1567155385984,small_vehicle,6,212
1574044847659,small_vehicle,4,8
1572188882978,large_vehicle,8,94
1582074625298,small_vehicle,6,233
1573240352417,small_vehicle,7,83
1570331130961,small_vehicle,3,118
1571533114048,large_vehicle,9,346
1575881202831,large_vehicle,8,301
1567685973355,small_vehicle,2,200
1583089131759,large_vehicle,8,174
1582660992941,small_vehicle,9,295
1583321310994,large_vehicle,7,325
1575152131286,small_vehicle,5,146
1578307166524,small_vehicle,9,104
1577987320543,small_vehicle,7,222
1569046375609,large_vehicle,8,16
1578100504419,large_vehicle,6,101
1565049132240,small_vehicle,2,132
1567850328737,small_vehicle,1,243
1573469667141,small_vehicle,7,290
1567255528312,small_vehicle,1,289
1568061031972,large_vehicle,10,150
1569339156815,small_vehicle,10,170
1580609569508,large_vehicle,10,14
1570425925803,large_vehicle,1,281
1579062620276,large_vehicle,6,75
1569457259264,large_vehicle,7,70
1581954963458,small_vehicle,6,190
1577716519470,large_vehicle,8,223
1577478056315,small_vehicle,0,219
1567606881234,large_vehicle,0,118
1567738736067,small_vehicle,4,292
1564779271113,small_vehicle,8,206
1582503194430,large_vehicle,1,222
1570950588903,large_vehicle,2,168
1572120827296,large_vehicle,1,15
1571234048851,large_vehicle,10,183
1584372448964,large_vehicle,8,202
1582351898217,large_vehicle,2,262
1580932580162,large_vehicle,7,275
1572365785582,small_vehicle,4,347
1569751316521,small_vehicle,2,281
1583477216862,small_vehicle,9,89
1568859244430,large_vehicle,4,118
1574307251009,small_vehicle,6,345
1581724840643,large_vehicle,6,182
1571282840010,small_vehicle,1,176
1584033550309,small_vehicle,1,94
1580645607363,large_vehicle,9,28
1576869772393,small_vehicle,4,28
1582426916121,small_vehicle,7,8
1568463487972,large_vehicle,0,305
1584567759336,large_vehicle,9,5
1581746237725,small_vehicle,1,41
1569118738875,small_vehicle,2,236
1575087296866,small_vehicle,1,106
1572504046859,large_vehicle,9,69
1586265923519,large_vehicle,9,305
1582905238709,large_vehicle,6,44
1579985784444,small_vehicle,2,315
1581398387546,large_vehicle,0,23
1582536657902,large_vehicle,8,66
1566099529954,small_vehicle,0,58
1578887935131,small_vehicle,2,163
1577518460280,small_vehicle,5,353
1576601106677,large_vehicle,9,346
1575862870741,large_vehicle,8,122
1569539579998,large_vehicle,8,300
1585535280610,small_vehicle,10,149
1586385913961,small_vehicle,10,157
1576855199182,small_vehicle,5,21
1571936374362,small_vehicle,5,93
1570853545126,large_vehicle,5,319
1581540362716,small_vehicle,7,255
1566957059336,large_vehicle,2,34
1564846485961,large_vehicle,3,114
1573087443986,large_vehicle,8,10
1586246534829,large_vehicle,5,344
1575506584718,small_vehicle,1,171
1584539290604,small_vehicle,8,108
1582651703513,large_vehicle,1,229
1575849742934,small_vehicle,6,279
1570464631099,small_vehicle,7,132
1564743609426,large_vehicle,0,329
1576644636864,small_vehicle,4,9
1580924486486,large_vehicle,9,112
1576730791971,small_vehicle,10,258
1581443727989,large_vehicle,3,334
1584179517254,large_vehicle,5,320
1576928643949,small_vehicle,6,128
1571423484696,small_vehicle,0,316
1566124016142,small_vehicle,10,206
1583223582602,small_vehicle,2,150
1566792674415,large_vehicle,2,292
1572152711876,large_vehicle,8,80
1570821553585,small_vehicle,4,265
1582007681037,small_vehicle,3,66
1578911145626,large_vehicle,0,296
1579289268827,large_vehicle,10,81
1577845384418,small_vehicle,4,56
1585309612402,small_vehicle,10,339
1571526246639,large_vehicle,10,221
1568502920421,large_vehicle,8,210
1572317081614,small_vehicle,8,20
1586505746905,large_vehicle,8,174
1586627312841,large_vehicle,0,198
1577942523007,large_vehicle,3,349
1577974841660,large_vehicle,10,348
1566876603235,large_vehicle,6,99
1578376661084,small_vehicle,1,142
1567357870412,large_vehicle,3,232
1583824911501,small_vehicle,10,32
1566649382683,small_vehicle,4,3
1572805817482,large_vehicle,9,202
1579292258415,large_vehicle,9,278
1568089395359,large_vehicle,4,16
1582820490819,small_vehicle,6,334
1586268748055,large_vehicle,4,2
1585580758741,small_vehicle,1,304
1578285524058,small_vehicle,6,326
1566924625417,small_vehicle,0,186
1576483635869,large_vehicle,7,85
1579250124315,small_vehicle,3,204
1573233697146,small_vehicle,8,320
1583381921329,small_vehicle,5,72
1569456914034,small_vehicle,9,205
1577979426707,small_vehicle,1,360
1575455998943,large_vehicle,10,272
1586492061071,large_vehicle,10,214
1569783992639,small_vehicle,6,268
1582393136554,large_vehicle,8,319
1581346529105,large_vehicle,3,170
1575110241478,small_vehicle,1,338
1576230986501,large_vehicle,1,74
1564690729231,small_vehicle,2,18
1580053629776,small_vehicle,6,96
1571807718875,large_vehicle,7,235
1569261213097,large_vehicle,8,238
1568077519009,large_vehicle,4,177
1565318963571,small_vehicle,7,247
1568626516815,small_vehicle,7,129
1582897207678,large_vehicle,6,147
1567463812708,large_vehicle,7,251
1581095231686,small_vehicle,9,24
1566844831001,large_vehicle,0,262
1582071127622,small_vehicle,1,240
1586626766588,large_vehicle,4,271
1575405551152,large_vehicle,8,330
1578623447574,large_vehicle,3,116
1567715007619,small_vehicle,8,284
1579175204189,large_vehicle,0,20
1578411613385,large_vehicle,7,208
1568489594128,small_vehicle,8,51
1573542000460,small_vehicle,7,358
1583397116039,small_vehicle,5,182
1565971138151,small_vehicle,6,6
1565242935695,large_vehicle,3,260
1581459028831,large_vehicle,1,125
1577002709393,small_vehicle,7,231
1583758812270,large_vehicle,10,291
1568280475921,large_vehicle,4,60
1576420443867,large_vehicle,10,247
1577367918474,small_vehicle,2,179
1575907043118,small_vehicle,2,360
1571295225304,large_vehicle,7,115
1566390143828,small_vehicle,0,192
1576556626159,large_vehicle,8,295
1566434460618,small_vehicle,3,50
1566103031896,small_vehicle,0,324
1582562061454,small_vehicle,1,82
1581871977978,large_vehicle,4,111
1578883156641,small_vehicle,6,51
1586341530098,small_vehicle,5,106
1581034341520,small_vehicle,9,159
1573234307307,large_vehicle,2,275
1584382323610,large_vehicle,4,86
1571766229008,small_vehicle,8,286
1578551239813,large_vehicle,6,248
1583802219563,large_vehicle,0,237
1566929701025,large_vehicle,6,276
1585766125815,small_vehicle,5,232
1568224072340,small_vehicle,1,332
1580174488106,small_vehicle,6,265
1567613149035,small_vehicle,0,253
1578370093006,small_vehicle,8,13
1570147890941,large_vehicle,3,211
1568156067884,large_vehicle,7,320
1575471211248,small_vehicle,7,238
1582853502657,large_vehicle,2,45
1572143254488,small_vehicle,0,209
1571578767890,large_vehicle,9,31
1583031861941,large_vehicle,10,51
1575751007573,small_vehicle,3,164
1571853674260,large_vehicle,2,357
1581101071201,small_vehicle,8,256
1581270483648,small_vehicle,2,67
1566752804116,large_vehicle,4,278
1567515833940,small_vehicle,8,65
1575165414222,large_vehicle,5,77
1582539111357,small_vehicle,4,71
1572178644262,small_vehicle,5,29
1571143617462,large_vehicle,9,200
1578762550830,large_vehicle,6,131
1570720321795,large_vehicle,6,334
1570990142278,small_vehicle,7,11
1572653002408,large_vehicle,5,126
1566397914226,large_vehicle,9,266
1580256763661,small_vehicle,4,221
1572001462642,large_vehicle,4,79
1581348949306,large_vehicle,6,120
1572935616220,small_vehicle,9,199
1570915110581,large_vehicle,8,225
1586293533011,large_vehicle,9,188
1584411355011,large_vehicle,9,220
1581228695504,small_vehicle,7,17
1585990429248,small_vehicle,5,133
1576375101637,small_vehicle,1,358
1585032218061,small_vehicle,8,178
1584108868167,small_vehicle,7,112
1573831742934,large_vehicle,1,299
1575068009761,large_vehicle,4,285
1571701309845,small_vehicle,0,214
1570461858047,small_vehicle,0,4
1567046800052,small_vehicle,0,36
1571628636408,small_vehicle,6,81
1580302800570,small_vehicle,2,270
1573562106192,small_vehicle,5,329
1568749524083,large_vehicle,9,133
1578579233872,small_vehicle,3,279
1577095295726,small_vehicle,6,354
1569452596790,small_vehicle,6,309
1574454711366,large_vehicle,2,27
1564790158892,small_vehicle,8,182
1576338794665,small_vehicle,0,326
1581752240281,small_vehicle,2,201
1582125455138,small_vehicle,1,311
1570664029595,large_vehicle,6,254
1580208979239,small_vehicle,2,261
1578613940977,large_vehicle,6,214
1577445656507,large_vehicle,8,140
1571430755112,large_vehicle,10,300
1578639635819,large_vehicle,2,18
1573754228684,large_vehicle,9,80
1584829880077,small_vehicle,4,359
1576224907041,large_vehicle,9,331
1580300140932,large_vehicle,8,88
1576454555245,large_vehicle,5,196
1585208217814,large_vehicle,0,280
1585958338698,large_vehicle,2,318
1567971533012,small_vehicle,8,43
1571510109095,large_vehicle,2,170
1569112547408,small_vehicle,7,360
1577527713611,small_vehicle,6,141
1578589356282,small_vehicle,1,342
1567668269956,small_vehicle,5,74
1574067991926,large_vehicle,1,149
1568204251526,large_vehicle,8,113
1564991728100,small_vehicle,2,228
1568755011655,large_vehicle,6,293
1579728678042,small_vehicle,7,33
1577575078849,large_vehicle,4,310
1571576498296,large_vehicle,10,119
1576277336411,large_vehicle,9,209
1581382912934,small_vehicle,9,308
1568368330073,small_vehicle,4,287
1584110492362,large_vehicle,10,173
1568292883290,large_vehicle,8,237
1576740134092,large_vehicle,2,167
1583088711027,small_vehicle,3,57
1579597896117,small_vehicle,6,77
1568646919774,large_vehicle,9,67
1573452364010,large_vehicle,1,296
1585525956747,large_vehicle,8,210
1581349380059,large_vehicle,8,236
1585922014199,large_vehicle,1,44
1574487956927,small_vehicle,6,268
1584611548113,small_vehicle,3,30
1572707975164,small_vehicle,7,328
1575878109432,large_vehicle,2,31
1585253378567,small_vehicle,4,149
1571141372458,small_vehicle,6,1
1585244003379,small_vehicle,6,88
1582760172296,small_vehicle,7,262
1579977268382,large_vehicle,6,166
1577163821969,large_vehicle,8,90
1569610578089,small_vehicle,5,73
1579521906517,large_vehicle,5,6
1577402820661,large_vehicle,0,104
1584523224718,small_vehicle,10,74
1571644132190,large_vehicle,6,141
1578735847134,small_vehicle,9,334
1566496174419,small_vehicle,2,224
1565733197096,small_vehicle,7,242
1585471175804,large_vehicle,0,166
1569087342225,large_vehicle,0,155
1579667795787,large_vehicle,7,162
1585367504251,large_vehicle,2,104
1577476025337,small_vehicle,3,323
1569759962317,small_vehicle,4,97
1570864561373,small_vehicle,8,115
1584038528267,large_vehicle,0,329
1577696911645,small_vehicle,7,232
1582400465468,large_vehicle,2,283
1566221796370,small_vehicle,7,207
1565958720682,small_vehicle,5,273
1569869807249,large_vehicle,8,106
1582612127873,small_vehicle,5,345
1566400393875,large_vehicle,9,103
1582761444841,large_vehicle,5,262
1583544956700,small_vehicle,4,124
1575782196378,small_vehicle,6,49
1571047991441,small_vehicle,10,329
1577869881393,large_vehicle,1,307
1585752759117,small_vehicle,1,257
1572316221620,small_vehicle,0,11
1575591183895,small_vehicle,7,3
1586159708485,small_vehicle,4,140
1576069888373,small_vehicle,6,69
1566940117935,small_vehicle,1,281
1571383105559,large_vehicle,10,300
1566283959712,large_vehicle,5,76
1567594692718,large_vehicle,4,39
1583438375645,small_vehicle,8,12
1569734140151,small_vehicle,5,246
1577865833525,large_vehicle,1,8
1585785284975,large_vehicle,10,203
1575285288285,large_vehicle,2,58
1585411891433,large_vehicle,9,128
1582933955041,large_vehicle,6,321
1565444199928,large_vehicle,4,240
1575332791291,small_vehicle,2,261
1565217085797,large_vehicle,0,40
1581931738573,large_vehicle,1,150
1569166469687,large_vehicle,2,307
1572346939321,large_vehicle,8,268
1570560116490,small_vehicle,0,166
1573753794305,large_vehicle,4,100
1580764994831,small_vehicle,10,54
1567910400471,small_vehicle,0,113
1566993390284,large_vehicle,3,337
1569693914261,small_vehicle,6,116
1566327933212,large_vehicle,2,122
1577996370908,small_vehicle,4,73
1569804393182,small_vehicle,3,13
1568672010690,small_vehicle,6,270
1566291503445,small_vehicle,1,196
1572940764417,large_vehicle,7,297
1567399221007,small_vehicle,6,343
1578732749436,large_vehicle,9,3
1574576813112,large_vehicle,4,280
1575482767279,small_vehicle,6,106
1579831874532,small_vehicle,4,316
1585639203820,small_vehicle,10,227
1571127160182,small_vehicle,0,306
1581647558299,small_vehicle,3,114
1578467024108,small_vehicle,10,264
1577823889462,large_vehicle,8,136
1579328766106,large_vehicle,1,181
1570538941600,small_vehicle,8,39
1579501060068,small_vehicle,0,241
1566530505115,large_vehicle,3,289
1580752217092,small_vehicle,5,163
1585975866381,small_vehicle,9,319
1571595509017,large_vehicle,2,216
1572490413239,small_vehicle,7,357
1586336214173,large_vehicle,8,121
1581720942199,small_vehicle,10,281
1581536930666,large_vehicle,8,165
1583410071842,large_vehicle,10,293
1575752199687,small_vehicle,4,112
1578742070741,small_vehicle,1,193
1581491156757,large_vehicle,2,277
1581184222735,small_vehicle,3,261
1570636214915,small_vehicle,8,210
1577745568510,small_vehicle,3,56
1569820620405,small_vehicle,4,88
1583893691229,large_vehicle,2,258
1565569508305,small_vehicle,4,78
1582291405528,small_vehicle,0,70
1572711898259,large_vehicle,5,227
1585751398558,large_vehicle,3,302
1566034541025,large_vehicle,2,55
1569936418995,small_vehicle,6,91
1571669067610,small_vehicle,7,148
1579224283400,small_vehicle,5,335
1567836893922,small_vehicle,4,113
1577332471076,large_vehicle,3,286
1570922727757,large_vehicle,7,77
1567932885048,small_vehicle,8,252
1568513927077,small_vehicle,3,232
1572807949991,small_vehicle,5,10
1583892547931,large_vehicle,0,215
1576957846367,small_vehicle,9,359
1580195606949,large_vehicle,0,21
1579181850363,small_vehicle,3,200
1565411034660,large_vehicle,0,176
1579315035956,large_vehicle,6,285
1584398222683,small_vehicle,3,205
1571444898892,small_vehicle,3,85
1582995680361,large_vehicle,4,246
1570264298887,small_vehicle,6,171
1579707784788,small_vehicle,2,350
1585908806273,small_vehicle,9,289
1565398473628,small_vehicle,9,3
1572747494022,small_vehicle,9,172
1580129524817,small_vehicle,8,242
1583181905881,large_vehicle,9,112
1578235653015,small_vehicle,0,25
1565030493847,large_vehicle,4,148
1584532433092,large_vehicle,6,329
1579489170586,small_vehicle,10,234
1568082919585,small_vehicle,6,282
1578090850697,large_vehicle,6,129
1564661927629,large_vehicle,9,218
1578915092409,small_vehicle,1,325
1575319676169,large_vehicle,2,77
1573045296164,small_vehicle,6,237
1586581347977,large_vehicle,6,169
1568803883969,small_vehicle,8,0
1574962748472,small_vehicle,3,291
1571295218023,large_vehicle,3,298
1568371140045,large_vehicle,8,255
1571624061189,small_vehicle,10,329
1568101475656,large_vehicle,6,81
1585167170510,large_vehicle,4,265
1576518679589,large_vehicle,6,42
1566898380613,large_vehicle,0,137
1567880161870,small_vehicle,9,170
1566343066613,small_vehicle,4,254
1567728661703,large_vehicle,10,130
1583497038938,small_vehicle,10,14
1576316962476,small_vehicle,1,165
1576149588253,small_vehicle,6,351
1584372715411,large_vehicle,4,350
1568010999661,small_vehicle,6,224
1578912426242,small_vehicle,2,19
1577044003139,large_vehicle,7,204
1574189666078,large_vehicle,3,171
1566277663596,small_vehicle,4,182
1568743793013,small_vehicle,4,314
1570553900162,small_vehicle,6,115
1578694843531,small_vehicle,0,274
1574716105338,large_vehicle,2,232
1585617555394,small_vehicle,10,226
1565733650240,large_vehicle,7,101
1586265085964,small_vehicle,9,66
1568983728907,large_vehicle,6,324
1580212884084,large_vehicle,5,57
1568731804329,small_vehicle,7,159
1578475996334,large_vehicle,3,236
1573256475858,small_vehicle,7,285
1573621873887,small_vehicle,7,193
1581780061110,small_vehicle,3,173
1569626633881,small_vehicle,8,146
1566381895901,large_vehicle,4,112
1585897803497,large_vehicle,5,85
1582447533920,small_vehicle,8,227
1579842583023,large_vehicle,3,83
1584753984255,large_vehicle,9,304
1583556279237,large_vehicle,10,107
1568955329400,large_vehicle,1,330
1572925086302,small_vehicle,1,222
1583450010311,large_vehicle,9,140
1567229046263,large_vehicle,7,343
1572552559999,small_vehicle,5,4
1569226074810,small_vehicle,6,223
1567039916702,small_vehicle,5,12
1581782150058,large_vehicle,10,253
1573737286924,large_vehicle,10,221
1567708423034,small_vehicle,0,271
1568749559174,large_vehicle,2,241
1581957531580,small_vehicle,6,241
1576118046587,large_vehicle,3,345
1579084810335,large_vehicle,8,7
1569094842611,large_vehicle,0,330
1582385611395,large_vehicle,8,127
1585379154255,large_vehicle,6,62
1576751136609,small_vehicle,7,353
1571063057335,small_vehicle,4,67
1569142527831,large_vehicle,0,132
1566286646036,small_vehicle,10,302
1578794848977,large_vehicle,4,308
1570294376715,large_vehicle,1,59
1574495265422,small_vehicle,6,201
1585494647083,small_vehicle,5,264
1580076199043,large_vehicle,8,311
1568264264716,large_vehicle,7,74
1569917771497,small_vehicle,2,30
1582293441686,small_vehicle,2,126
1569687461163,large_vehicle,3,284
1576951635035,large_vehicle,1,251
1582776834519,small_vehicle,4,231
1581775214388,large_vehicle,4,294
1586030105680,small_vehicle,0,336
1582248923460,large_vehicle,7,333
1567571395907,large_vehicle,3,266
1585661003045,small_vehicle,1,105
1565926832601,large_vehicle,6,26
1565202400355,large_vehicle,5,315
1577259731046,small_vehicle,7,149
1567252149523,large_vehicle,8,103
1571480539777,large_vehicle,7,275
1585723995420,small_vehicle,1,227
1573051955581,small_vehicle,8,173
1565284608299,large_vehicle,9,191
1581583004407,large_vehicle,2,213
1572012424885,small_vehicle,3,182
1573495042586,small_vehicle,2,357
1581623069923,large_vehicle,5,24
1570888317355,large_vehicle,1,32
1575051552836,small_vehicle,5,197
1570312963196,small_vehicle,6,328
1566179424163,large_vehicle,2,85
1575435428841,large_vehicle,8,68
1574733638663,small_vehicle,1,153
1568808894396,small_vehicle,3,321
1576883027632,small_vehicle,0,222
1566246197076,small_vehicle,0,238
1580464001456,small_vehicle,4,171
1578740448099,small_vehicle,2,338
1580844929243,large_vehicle,9,18
1584796436725,large_vehicle,2,180
1566475746007,large_vehicle,4,342
1586411232057,small_vehicle,8,62
1582404405686,small_vehicle,9,164
