1583572610958,small_vehicle,7,326
1567045067376,small_vehicle,9,155
1575901884815,small_vehicle,2,121
1575436230211,large_vehicle,7,72
1572290634481,large_vehicle,4,273
1586436184504,large_vehicle,5,47
1576276895484,small_vehicle,3,86
1576038891460,large_vehicle,9,36
1565975336212,large_vehicle,8,273
1565436674244,large_vehicle,5,67
1565000749480,small_vehicle,2,41
1573976572047,small_vehicle,7,21
1569341003718,small_vehicle,4,309
1574076247623,small_vehicle,5,326
1577411184723,large_vehicle,5,340
1583648069657,small_vehicle,9,32
1573451513582,small_vehicle,10,39
1574665480947,small_vehicle,2,197
1580934298523,small_vehicle,0,239
1580106117232,large_vehicle,1,36
1579115225250,large_vehicle,2,357
1575879571601,small_vehicle,7,255
1567406861819,large_vehicle,3,186
1582562332811,small_vehicle,0,258
1586438899414,small_vehicle,3,222
1574824784690,small_vehicle,9,284
1572849288270,large_vehicle,6,274
1573424203994,small_vehicle,0,170
1575157409436,small_vehicle,7,1
1567831351265,large_vehicle,1,273
1573893143780,large_vehicle,2,171
1571836371317,small_vehicle,2,114
1567847751322,small_vehicle,2,185
1566984354338,small_vehicle,2,133
1566720286840,large_vehicle,6,241
1577690800932,small_vehicle,9,148
1571617431332,large_vehicle,10,57
1577858500048,small_vehicle,7,187
1577689252933,large_vehicle,5,266
1566557988188,large_vehicle,1,6
1586597687652,small_vehicle,1,325
1577863158011,large_vehicle,1,352
1573966084754,small_vehicle,5,293
1573413330717,small_vehicle,5,206
1565964811869,large_vehicle,9,204
1568093197682,large_vehicle,1,130
1576129409039,small_vehicle,1,13
1583162630742,small_vehicle,7,57
1581740205476,large_vehicle,6,286
1585532626871,large_vehicle,5,54
1580522614596,small_vehicle,5,123
1575749771032,small_vehicle,3,145
1569234401837,large_vehicle,2,191
1571118469712,large_vehicle,4,152
1577563641913,small_vehicle,2,226
1582836916719,small_vehicle,0,61
1578384800004,large_vehicle,0,317
1574451213579,small_vehicle,6,323
1569013074876,large_vehicle,2,81
1576027203082,small_vehicle,8,258
1576988893534,small_vehicle,0,30
1568568472590,small_vehicle,1,179
1572895648140,small_vehicle,1,63
1582057723986,small_vehicle,3,319
1569517640167,small_vehicle,1,326
1565605439655,small_vehicle,1,87
1566739442984,large_vehicle,8,172
1586208730780,large_vehicle,1,236
1566287030189,small_vehicle,10,191
1583551105452,small_vehicle,8,26
1585846911887,large_vehicle,9,179
1570969453067,large_vehicle,5,263
1584776198594,small_vehicle,6,51
1582785142192,large_vehicle,1,326
1581280661753,large_vehicle,1,326
1567026784020,small_vehicle,3,56
1585879002819,small_vehicle,8,352
1565101349588,large_vehicle,5,34
1574467796313,small_vehicle,6,344
1579943725776,large_vehicle,2,258
1571089035923,large_vehicle,1,41
1567764995731,large_vehicle,1,40
1571390273237,large_vehicle,10,131
1569824174846,large_vehicle,0,99
1578703049231,large_vehicle,1,152
1581855424412,large_vehicle,1,335
1585260854837,small_vehicle,8,102
1570764798485,small_vehicle,8,112
1571289870533,small_vehicle,9,145
1578963940893,large_vehicle,0,183
1577435940122,small_vehicle,5,273
1571244689174,large_vehicle,5,346
1576924211207,large_vehicle,6,187
1569737960234,large_vehicle,10,46
1567451789811,large_vehicle,1,202
1580331512628,large_vehicle,8,292
1575865162880,small_vehicle,8,39
1581675939358,large_vehicle,5,63
1566250620374,small_vehicle,4,281
1567948841952,large_vehicle,8,87
1566804632082,large_vehicle,2,329
1580999846520,small_vehicle,7,350
1568758966575,large_vehicle,6,115
1564949370173,large_vehicle,6,250
1579066878882,large_vehicle,0,12
1584715092961,large_vehicle,0,236
1573784447500,small_vehicle,1,109
1578720945652,small_vehicle,1,273
1570354898743,large_vehicle,9,148
1571700597112,large_vehicle,6,202
1578284329326,large_vehicle,1,320
1584007360139,large_vehicle,9,239
1576999011620,large_vehicle,8,309
1579358233165,large_vehicle,1,17
1585414193581,large_vehicle,10,42
1573375193624,small_vehicle,5,238
1580488911669,small_vehicle,2,60
1577283309434,large_vehicle,10,47
1579701326241,large_vehicle,9,164
1584328460927,small_vehicle,3,238
1570592476509,large_vehicle,6,86
1565438531040,large_vehicle,3,72
1571734080393,small_vehicle,6,316
1574402308186,small_vehicle,10,246
1572662057963,small_vehicle,0,191
1581766494421,small_vehicle,5,117
1583037058323,small_vehicle,9,120
1579134720429,small_vehicle,5,169
1585419799123,small_vehicle,2,231
1568089201726,small_vehicle,3,320
1584749265554,large_vehicle,5,136
1569873858397,large_vehicle,6,335
1584979682562,large_vehicle,3,265
1580010456208,large_vehicle,1,239
1573126950928,small_vehicle,2,289
1566440742335,small_vehicle,0,27
1570082772207,large_vehicle,9,29
1577792918990,small_vehicle,6,354
1583867758089,small_vehicle,9,297
1568154649994,small_vehicle,0,118
1580921933422,small_vehicle,9,39
1573112164884,small_vehicle,1,62
1568564335491,small_vehicle,5,109
1569281913020,small_vehicle,3,208
1576759013638,large_vehicle,5,117
1575051053180,large_vehicle,4,42
1565298717172,small_vehicle,8,242
1579242869629,large_vehicle,2,291
1574297856522,large_vehicle,5,41
1578968249757,small_vehicle,6,124
1585798108357,large_vehicle,7,36
1582519372251,small_vehicle,9,321
1566950936885,large_vehicle,4,316
1580884032216,small_vehicle,8,44
1579216436332,small_vehicle,0,154
1577178442034,small_vehicle,9,124
1575399124602,large_vehicle,6,270
1581001644519,small_vehicle,2,211
1577529870583,large_vehicle,6,12
1580654468300,large_vehicle,6,355
1568539579065,small_vehicle,6,154
1564827754601,small_vehicle,1,64
1585514814933,small_vehicle,2,267
1575330105291,large_vehicle,4,76
1579982909864,large_vehicle,1,337
1571016505472,large_vehicle,5,303
1576371755202,large_vehicle,6,281
1575191471175,large_vehicle,9,300
1569685830218,large_vehicle,7,53
1584955682679,large_vehicle,2,322
1571559415590,large_vehicle,7,40
1585723229481,large_vehicle,10,220
1576952816129,large_vehicle,6,315
1585195044168,large_vehicle,3,171
1566768419264,small_vehicle,7,84
1572098388500,large_vehicle,3,220
1581305653055,large_vehicle,8,24
1582191767071,small_vehicle,5,194
1570696016580,small_vehicle,0,293
1571628414407,small_vehicle,8,203
1568615438295,small_vehicle,10,72
1575722026575,small_vehicle,10,143
1571821123778,small_vehicle,1,160
1572865520924,small_vehicle,7,44
1583889240370,small_vehicle,7,40
1569245610066,large_vehicle,10,240
1575559383044,small_vehicle,5,78
1566643236386,small_vehicle,9,359
1583598649857,small_vehicle,2,20
1574038170420,large_vehicle,4,323
1567019167828,small_vehicle,2,340
1585460828023,small_vehicle,3,97
1567646688924,small_vehicle,8,63
1579504832152,small_vehicle,2,345
1567445713734,large_vehicle,7,208
1574318639995,small_vehicle,1,200
1567332970877,small_vehicle,4,168
1578704114997,small_vehicle,8,115
1565110525658,small_vehicle,2,196
1571818399960,small_vehicle,2,22
1575601956397,large_vehicle,4,0
1578172699322,large_vehicle,4,264
1569418908758,small_vehicle,7,341
1574281463292,large_vehicle,3,161
1570528735325,small_vehicle,6,130
1584862382566,small_vehicle,7,108
1579331366189,large_vehicle,1,158
1568921937193,large_vehicle,3,262
1564797964681,large_vehicle,7,77
1580080701813,small_vehicle,9,249
1577302619377,large_vehicle,6,245
1585086367132,large_vehicle,7,183
1573440337384,large_vehicle,7,106
1580116211392,large_vehicle,4,177
1578914946866,large_vehicle,1,318
1580300234921,large_vehicle,3,192
1584515149870,small_vehicle,1,47
1565857572753,large_vehicle,9,158
1580244239816,large_vehicle,5,194
1577240780929,large_vehicle,8,41
1581004753731,small_vehicle,1,166
1586155095789,large_vehicle,3,351
1567325846761,large_vehicle,8,204
1566895767362,small_vehicle,8,189
1580204221333,small_vehicle,3,327
1571822240678,small_vehicle,10,156
1569841549895,small_vehicle,0,164
1566576903718,large_vehicle,5,311
1579559799787,large_vehicle,6,289
1573015100289,large_vehicle,9,25
1586447486800,small_vehicle,0,157
1576495987959,small_vehicle,10,122
1566621784788,small_vehicle,1,58
1576318176719,small_vehicle,8,311
1586384712863,small_vehicle,10,276
1571066171339,large_vehicle,6,264
1583651266716,small_vehicle,5,337
1572431651753,small_vehicle,1,10
1577888043699,large_vehicle,3,50
1565609511732,small_vehicle,8,146
1565618012776,small_vehicle,2,331
1566746639625,large_vehicle,5,310
1585401901365,small_vehicle,6,357
1577071083388,large_vehicle,2,303
1570194180143,small_vehicle,1,70
1576065514522,small_vehicle,0,81
1577468736571,small_vehicle,10,156
1568050065474,small_vehicle,2,27
1569543926069,large_vehicle,9,36
1586568057309,large_vehicle,0,54
1573788777443,large_vehicle,4,335
1570557402308,small_vehicle,3,29
1575769828879,small_vehicle,10,58
1568081109583,small_vehicle,5,15
1575305440476,small_vehicle,0,5
1568043893217,large_vehicle,9,302
1579183095597,small_vehicle,10,142
1577558075978,large_vehicle,3,163
1574949977059,small_vehicle,2,27
1574565976133,small_vehicle,6,24
1570362006472,large_vehicle,9,358
1575796464809,large_vehicle,8,227
1576530228287,large_vehicle,5,133
1571368634707,small_vehicle,9,289
1576432773469,large_vehicle,6,136
1574459016710,large_vehicle,9,97
1570808103451,small_vehicle,5,340
1584559476205,large_vehicle,1,197
1570938131973,small_vehicle,10,251
1570799272836,small_vehicle,5,46
1569993582397,large_vehicle,7,189
1584754012862,small_vehicle,5,173
1575828743887,small_vehicle,0,225
1574804613763,small_vehicle,1,284
1584472956248,large_vehicle,10,8
1581530915494,small_vehicle,7,146
1568291907891,large_vehicle,9,236
1572293932972,small_vehicle,3,273
1583730332487,small_vehicle,5,93
1572568976497,large_vehicle,7,190
1574423687058,small_vehicle,5,196
1585711655852,small_vehicle,5,233
1580117243933,small_vehicle,6,117
1574340491503,small_vehicle,5,229
1585406494968,small_vehicle,6,286
1580622163983,small_vehicle,8,95
1569249494277,small_vehicle,6,116
1571969465607,small_vehicle,5,289
1584955245338,large_vehicle,5,146
1573264623626,large_vehicle,8,154
1565253492419,small_vehicle,2,213
1584855922163,small_vehicle,9,6
1576289719106,small_vehicle,3,111
1581071757022,large_vehicle,0,107
1583271646190,small_vehicle,10,264
1568903312874,small_vehicle,1,38
1573534539265,small_vehicle,4,72
1570332187723,large_vehicle,9,356
1578787389640,large_vehicle,5,276
1572582994402,large_vehicle,10,166
1569797272005,large_vehicle,2,94
1577494880963,small_vehicle,4,111
1575789296867,small_vehicle,4,227
1570169253221,large_vehicle,3,32
1585752503194,large_vehicle,2,110
1578747394936,small_vehicle,3,340
1571037378967,large_vehicle,5,199
1577879454522,large_vehicle,0,137
1579961104247,large_vehicle,3,100
1581479614403,small_vehicle,9,61
1573202513606,small_vehicle,6,124
1580423734517,large_vehicle,4,357
1568769093810,small_vehicle,1,86
1572114685425,large_vehicle,5,94
1566129477397,large_vehicle,1,156
1581803618770,small_vehicle,7,28
1586572203483,small_vehicle,4,164
1575205515911,small_vehicle,0,232
1579208923061,large_vehicle,7,169
1580537762315,small_vehicle,7,264
1581261879438,large_vehicle,8,333
1567533794459,small_vehicle,0,32
1585919947378,small_vehicle,3,308
1586423058338,small_vehicle,9,225
1570078703543,small_vehicle,1,268
1581428889573,large_vehicle,4,309
1574635305253,large_vehicle,3,17
1569498419785,small_vehicle,0,40
1582967234992,small_vehicle,7,281
1567601594887,small_vehicle,2,28
1579872538195,small_vehicle,2,66
1576482088758,large_vehicle,0,130
1583956580361,large_vehicle,6,171
1566327614977,small_vehicle,4,33
1577210017704,large_vehicle,0,87
1578064386066,large_vehicle,1,309
1566834796743,small_vehicle,3,257
1583626189006,large_vehicle,0,3
1574659670560,large_vehicle,10,222
1571537021853,large_vehicle,7,274
1580689361453,small_vehicle,6,357
1579521403328,small_vehicle,7,222
1575690177700,small_vehicle,10,89
1579883868611,large_vehicle,0,250
1567626093727,small_vehicle,8,280
1582898874791,small_vehicle,8,165
1573972028770,small_vehicle,3,329
1572020073623,small_vehicle,4,156
1571814991416,small_vehicle,9,52
1583395975998,large_vehicle,2,319
1568232718858,small_vehicle,1,59
1580789071721,small_vehicle,8,118
1568575017258,small_vehicle,0,266
1570265139541,large_vehicle,6,360
1583454202383,small_vehicle,4,120
1574755896027,large_vehicle,8,106
1570223449057,small_vehicle,4,58
1579881700956,large_vehicle,4,274
1574629561240,small_vehicle,8,356
1577924007508,small_vehicle,3,275
1576529695235,large_vehicle,1,292
1582892167560,large_vehicle,5,319
1586224911157,small_vehicle,0,109
1569133774122,small_vehicle,4,167
1575318783327,small_vehicle,3,173
1578192751653,large_vehicle,10,293
1580734742070,small_vehicle,2,99
1573673835444,small_vehicle,6,157
1573345608318,small_vehicle,2,167
1579090313474,large_vehicle,8,193
1582693582732,large_vehicle,7,136
1565437355711,small_vehicle,10,127
1581498470887,small_vehicle,0,115
1585461153245,large_vehicle,0,118
1585845009025,large_vehicle,10,112
1569887169682,small_vehicle,2,1
1578336843016,large_vehicle,3,281
1569596471578,large_vehicle,4,112
1585722403741,large_vehicle,6,137
1568055954336,small_vehicle,3,38
1572760569828,large_vehicle,7,82
1581026910823,large_vehicle,1,39
1566137911083,large_vehicle,2,265
1566951550857,small_vehicle,7,336
1578550808481,large_vehicle,10,216
1564683704551,small_vehicle,4,18
1574598908782,small_vehicle,0,248
1580254043010,large_vehicle,2,14
1571107531598,large_vehicle,8,186
1575634870019,small_vehicle,1,268
1582020054687,large_vehicle,9,110
1585406624684,small_vehicle,0,67
1573165518160,small_vehicle,3,98
1582413863937,large_vehicle,6,342
1583109945469,large_vehicle,0,333
1583964219474,small_vehicle,2,278
1586702182356,small_vehicle,0,81
1581743547801,large_vehicle,5,332
1581780660638,large_vehicle,0,18
1584269618453,large_vehicle,9,304
1570454718816,small_vehicle,9,148
1570575856561,large_vehicle,9,97
1569939529048,small_vehicle,3,357
1577244135850,small_vehicle,9,87
1568025562201,small_vehicle,0,341
1570862463725,small_vehicle,6,347
1567847484306,large_vehicle,6,281
1579136963682,large_vehicle,6,91
1584356785723,large_vehicle,0,49
1572775798633,large_vehicle,7,259
1581727548254,small_vehicle,3,43
1577141018357,small_vehicle,10,73
1571898798072,large_vehicle,8,251
1579072371953,large_vehicle,4,310
1570393831374,large_vehicle,7,61
1566222317730,large_vehicle,4,146
1575758469311,small_vehicle,9,172
1567949389511,small_vehicle,2,135
1572825928391,large_vehicle,10,292
1573581114186,large_vehicle,0,173
1567524815591,large_vehicle,7,212
1582085586182,large_vehicle,9,335
1585918605047,large_vehicle,9,178
1585415748499,small_vehicle,7,95
1566008678880,small_vehicle,5,317
1577758467914,large_vehicle,5,353
1575825012744,large_vehicle,7,139
1579887263548,large_vehicle,5,118
1566818829032,small_vehicle,8,186
1566821563339,small_vehicle,0,311
1572091469219,small_vehicle,0,34
1570500504765,large_vehicle,1,7
1583409544865,small_vehicle,5,92
1579132571063,small_vehicle,8,331
1574879330080,large_vehicle,0,330
1570489014025,large_vehicle,0,329
1566705349596,large_vehicle,6,239
1577520334307,large_vehicle,0,84
1564762880432,small_vehicle,1,234
1571549955163,large_vehicle,7,63
1578939403943,small_vehicle,4,34
1566934761864,small_vehicle,8,162
1583947616123,small_vehicle,4,68
1572958870858,large_vehicle,6,21
1580792554430,large_vehicle,5,142
1583604859109,large_vehicle,3,340
1566520548994,small_vehicle,9,221
1565496074148,large_vehicle,6,228
1576434516627,large_vehicle,5,305
1566516775924,small_vehicle,10,109
1578814985292,large_vehicle,4,329
1580064742422,large_vehicle,8,44
1582628989168,small_vehicle,3,203
1584377052559,large_vehicle,7,74
1568591762490,small_vehicle,5,191
1585720551264,small_vehicle,3,319
1583773627804,large_vehicle,1,52
1571181136641,large_vehicle,2,45
1582581849427,small_vehicle,1,108
1579464723847,small_vehicle,7,209
1585487484862,small_vehicle,3,226
1578582348847,small_vehicle,4,296
1568908328394,large_vehicle,10,47
1573360936221,large_vehicle,6,61
1575857162623,large_vehicle,8,36
1573293624971,small_vehicle,1,189
1585479206271,small_vehicle,0,105
1571388214829,small_vehicle,6,163
1566658719817,small_vehicle,0,104
1581249263351,large_vehicle,5,108
1572990920443,large_vehicle,5,33
1584827374924,small_vehicle,7,52
1584230591809,large_vehicle,1,190
1582000359195,small_vehicle,9,99
1583162999815,small_vehicle,5,37
1574028177595,small_vehicle,8,7
1570488905759,large_vehicle,7,45
1568470967912,small_vehicle,5,352
1578195937288,small_vehicle,2,201
1572070971574,large_vehicle,9,211
1567575690063,large_vehicle,6,314
1572943489590,small_vehicle,4,51
1575776336656,large_vehicle,0,94
1575374832932,large_vehicle,6,327
1572051632588,small_vehicle,8,190
1579670024006,large_vehicle,0,135
1584820104171,small_vehicle,8,150
1578524070139,large_vehicle,9,311
1583590015191,large_vehicle,7,57
1586428235849,large_vehicle,6,14
1565201755930,small_vehicle,2,51
1567874408350,large_vehicle,8,52
1577021895652,large_vehicle,9,291
1568095654378,large_vehicle,7,334
1574521997765,large_vehicle,5,12
1585304370953,small_vehicle,9,44
1580383383981,small_vehicle,5,252
1583903549463,large_vehicle,1,199
1567798486751,large_vehicle,1,28
1580404616303,small_vehicle,2,185
1566111422192,large_vehicle,5,157
1566797240243,small_vehicle,7,145
1583579330852,large_vehicle,5,190
1564821397225,large_vehicle,1,63
1584385219315,large_vehicle,4,249
1569065056251,small_vehicle,7,259
1573538942626,large_vehicle,1,21
1584808364873,small_vehicle,9,145
1578021210666,small_vehicle,9,246
1581535126123,large_vehicle,8,55
1581092828955,small_vehicle,3,0
1573798178433,large_vehicle,2,6
1585061879547,large_vehicle,6,84
1564745907179,large_vehicle,6,154
1572517373015,small_vehicle,2,56
1579433998043,small_vehicle,2,329
1579149272693,large_vehicle,1,4
1575050307395,large_vehicle,1,102
1569057962090,large_vehicle,8,337
1576810279829,small_vehicle,3,173
1583981474867,large_vehicle,2,17
1585441061485,small_vehicle,4,146
1583470266947,small_vehicle,10,169
1570085607251,large_vehicle,0,98
1583852257087,large_vehicle,4,154
1570278009908,large_vehicle,2,360
1580173081448,large_vehicle,5,235
1581695941003,small_vehicle,9,257
1585880321334,small_vehicle,2,253
1578524689357,large_vehicle,9,302
1580746092361,small_vehicle,8,244
1564935515946,large_vehicle,6,181
1577238712925,small_vehicle,4,316
1569839637250,small_vehicle,1,294
1575650495437,small_vehicle,8,106
1569635901939,small_vehicle,9,356
1576185937691,small_vehicle,7,206
1582216133125,small_vehicle,0,180
1574222634674,small_vehicle,3,118
1568546399818,large_vehicle,7,154
1567641927502,small_vehicle,6,340
1567809816533,small_vehicle,7,222
1568505762894,small_vehicle,0,68
1576894182519,large_vehicle,8,169
1581093118684,small_vehicle,4,260
1579534310669,large_vehicle,7,9
1585920757723,small_vehicle,7,72
1580004395408,small_vehicle,10,194
1566345154206,large_vehicle,1,52
1570490388414,small_vehicle,6,149
1579204327408,large_vehicle,2,275
1577688247565,small_vehicle,0,222
1567210074288,large_vehicle,10,234
1572126372317,small_vehicle,5,338
1571776485490,small_vehicle,9,97
1580555262533,small_vehicle,5,167
1578277746754,large_vehicle,0,82
1583327608635,small_vehicle,8,49
1572490589967,large_vehicle,5,108
1577919774361,large_vehicle,5,36
1583608823801,small_vehicle,10,230
1579781869881,large_vehicle,0,61
1579427843374,small_vehicle,8,168
1571924386433,large_vehicle,3,117
1585893711285,small_vehicle,0,13
1582970549621,large_vehicle,9,147
1584387131009,small_vehicle,4,55
1568926750360,large_vehicle,8,37
1572045298149,small_vehicle,1,11
1573743058716,large_vehicle,2,225
1584529164666,small_vehicle,3,264
1575571431356,small_vehicle,1,77
1571694639196,small_vehicle,3,222
1566722242508,large_vehicle,6,170
1580615467310,small_vehicle,6,246
1583182941440,small_vehicle,7,38
1576275105587,large_vehicle,6,80
1586191003113,large_vehicle,2,119
1566572588047,small_vehicle,1,205
1571588087692,large_vehicle,0,163
1568645109719,large_vehicle,1,305
1574830580377,large_vehicle,10,160
1581695179922,small_vehicle,4,243
1579478128131,large_vehicle,8,13
1579213828862,large_vehicle,6,172
1573624590372,large_vehicle,0,105
1579007772348,large_vehicle,4,63
1582134146948,large_vehicle,5,177
1582453572508,small_vehicle,8,286
1577039224173,small_vehicle,2,164
1567077536174,small_vehicle,4,88
1579560545428,large_vehicle,5,317
1565440270245,large_vehicle,1,129
1564989726098,small_vehicle,10,73
1564653987785,small_vehicle,3,230
1583221823063,small_vehicle,7,314
1583371894848,large_vehicle,2,66
1572604064150,small_vehicle,4,196
1575146082276,small_vehicle,8,189
1570054608545,small_vehicle,4,257
1581276993209,small_vehicle,2,173
1583023002343,small_vehicle,7,90
1583552105263,small_vehicle,9,301
1580213608021,small_vehicle,1,76
1571629476612,large_vehicle,3,241
1577299006279,small_vehicle,10,261
1573181384595,small_vehicle,5,280
1566150935898,small_vehicle,4,226
1578209158607,small_vehicle,1,29
1581402506209,small_vehicle,2,156
1582954808818,small_vehicle,8,240
1580122748705,large_vehicle,8,105
1566035776137,small_vehicle,7,255
1580818499038,large_vehicle,4,264
1567566155026,small_vehicle,3,270
1567380758382,large_vehicle,9,20
1571112831080,large_vehicle,4,28
1581902563849,small_vehicle,10,123
1579021170922,large_vehicle,2,95
1570236164634,small_vehicle,3,350
1582872227433,small_vehicle,1,41
1576543785045,large_vehicle,2,94
1570528584972,small_vehicle,4,12
1572763459393,small_vehicle,6,107
1583716387789,large_vehicle,3,159
1575489461388,large_vehicle,2,323
1586165066608,large_vehicle,0,279
1582350695023,large_vehicle,8,35
1573299524665,small_vehicle,4,36
1568714297000,small_vehicle,2,164
1580858422047,large_vehicle,2,251
1577245355117,small_vehicle,6,281
1566168119779,small_vehicle,1,195
1569419782367,large_vehicle,3,334
1578722908846,large_vehicle,5,86
1569689981274,large_vehicle,2,302
1579904960648,large_vehicle,1,29
1581801407045,small_vehicle,10,270
1572449727139,large_vehicle,8,303
1575266187466,large_vehicle,6,238
1570115106497,small_vehicle,1,131
1577040214298,large_vehicle,4,237
1582146561984,large_vehicle,2,134
1567218160452,large_vehicle,6,293
1570106914978,large_vehicle,7,224
1583091475638,large_vehicle,0,87
1576449660821,large_vehicle,1,280
1578338461274,large_vehicle,5,323
1575547143075,large_vehicle,2,282
1581105493441,small_vehicle,7,310
1567303919862,small_vehicle,3,256
1573361866289,large_vehicle,9,241
1575351836271,large_vehicle,1,41
1580240043233,large_vehicle,1,288
1574350302930,small_vehicle,10,99
1571715794495,large_vehicle,6,214
1569305801543,large_vehicle,2,325
1567913947106,small_vehicle,0,128
1578312444585,large_vehicle,1,215
1570407480178,large_vehicle,8,351
1565056295692,large_vehicle,1,215
1568815103196,large_vehicle,3,203
1573223201876,large_vehicle,8,64
1582040613269,large_vehicle,10,202
1572993753080,small_vehicle,0,25
1575117698549,small_vehicle,5,227
1575075444260,small_vehicle,4,119
1581860254938,large_vehicle,7,251
1579874942026,small_vehicle,0,200
1579857505340,small_vehicle,10,52
1570327191614,large_vehicle,5,301
1582224087261,small_vehicle,4,244
1568281300891,small_vehicle,10,135
1570033300653,large_vehicle,4,87
1578943850562,large_vehicle,7,244
1571225030263,small_vehicle,8,200
1578848715228,small_vehicle,5,49
1572211376970,small_vehicle,9,44
1575084539241,large_vehicle,6,62
1582963393298,large_vehicle,7,222
1584162145003,small_vehicle,5,337
1583007935637,large_vehicle,9,318
1573503018636,small_vehicle,7,70
1566876675724,large_vehicle,5,54
1585430757242,small_vehicle,8,70
1565695978777,large_vehicle,2,315
1567649587741,large_vehicle,7,256
1564968706178,large_vehicle,0,130
1579410878941,small_vehicle,1,178
1574058091972,small_vehicle,2,224
1583066500774,small_vehicle,7,308
1566519635759,large_vehicle,6,130
1577619291627,small_vehicle,8,166
1577354481862,large_vehicle,5,313
1578517797637,large_vehicle,8,315
1583593313175,large_vehicle,9,139
1577183193219,large_vehicle,8,77
1578522292921,large_vehicle,1,242
1578499536689,large_vehicle,2,127
1583354574939,small_vehicle,5,152
1573528437229,large_vehicle,2,187
1567801798616,large_vehicle,4,195
1567160754892,small_vehicle,0,39
1583247401213,small_vehicle,4,158
1572277420066,small_vehicle,4,190
1582853046626,large_vehicle,2,125
1577322283462,small_vehicle,3,290
1579654836691,small_vehicle,1,314
1564855744927,large_vehicle,8,205
1566681567612,small_vehicle,1,303
1579891605300,large_vehicle,10,23
1574672433153,large_vehicle,9,284
1566945752280,small_vehicle,5,145
1566762909259,large_vehicle,6,100
1581843330885,large_vehicle,1,176
1576861277495,large_vehicle,1,310
1565240981428,small_vehicle,3,27
1565788119861,small_vehicle,7,50
1566332802588,large_vehicle,10,75
1571210096189,large_vehicle,7,335
1584245081569,large_vehicle,0,1
1583225079993,small_vehicle,9,341
1570790493793,large_vehicle,9,212
1573927532034,large_vehicle,8,11
1567299648931,small_vehicle,10,321
1574775665620,small_vehicle,8,31
1567296470210,large_vehicle,1,262
1572274163997,large_vehicle,8,93
1585382928945,large_vehicle,6,79
1580668825491,small_vehicle,0,51
1581017880168,large_vehicle,2,219
1579411262777,small_vehicle,3,215
1582097034248,small_vehicle,2,153
1565451333578,large_vehicle,7,127
1586587066320,small_vehicle,10,179
1565221163758,small_vehicle,4,172
1570929801780,small_vehicle,4,150
1586270918267,small_vehicle,8,168
1568925912542,large_vehicle,7,208
1572762627616,small_vehicle,8,354
1576069676268,small_vehicle,4,38
1581205140459,small_vehicle,5,187
1585760816224,small_vehicle,1,16
1567708797653,large_vehicle,0,100
1565295970905,large_vehicle,4,15
1585520440356,small_vehicle,0,173
1583011446251,small_vehicle,8,200
1582821994835,large_vehicle,1,160
1573244545826,small_vehicle,0,214
1566170808638,large_vehicle,7,247
1581961096616,small_vehicle,6,274
1577732234571,small_vehicle,4,332
1568970450825,small_vehicle,7,342
1567660148377,small_vehicle,4,155
1576273295593,large_vehicle,3,323
1579531692007,large_vehicle,7,200
1565075013355,large_vehicle,3,98
1584466233611,large_vehicle,7,173
1583124312747,large_vehicle,7,62
1571450936081,large_vehicle,10,47
1585238753528,large_vehicle,5,273
1572494483318,small_vehicle,10,227
1578816187547,large_vehicle,10,195
1585410220530,large_vehicle,7,158
1574114808799,small_vehicle,3,52
1573880746096,small_vehicle,9,287
1581540502431,large_vehicle,5,198
1573998153049,large_vehicle,3,302
1585894285093,small_vehicle,6,296
1572727072575,large_vehicle,8,331
1577042127915,large_vehicle,8,109
1585211878493,small_vehicle,10,328
1573083021238,small_vehicle,4,32
1580020341945,large_vehicle,8,47
1582133935335,small_vehicle,9,354
1570410059476,large_vehicle,4,126
1568922744541,small_vehicle,2,184
1565876187637,large_vehicle,3,102
1579634285624,small_vehicle,1,110
1579309756333,small_vehicle,2,78
1584796053591,small_vehicle,2,116
1572629261330,large_vehicle,9,281
1567584150519,large_vehicle,9,220
1565627394130,large_vehicle,3,34
1568423073282,small_vehicle,2,106
1582615643754,large_vehicle,10,98
1578402836750,small_vehicle,5,333
1566953486607,small_vehicle,8,172
1586632382439,small_vehicle,10,280
1584498648801,large_vehicle,5,19
1565649440383,large_vehicle,10,27
1578806329693,large_vehicle,1,269
1573163698426,large_vehicle,1,70
1577079088620,small_vehicle,7,338
1579800481889,small_vehicle,0,110
1584547604719,large_vehicle,7,237
1580933136459,small_vehicle,7,343
1570866532481,small_vehicle,8,121
1565132839965,small_vehicle,0,225
1572513560419,small_vehicle,4,303
1579210435093,large_vehicle,0,4
1576310759388,small_vehicle,2,219
1572652705717,large_vehicle,10,359
1585108295154,large_vehicle,5,204
1564980042087,small_vehicle,2,200
1586042529108,small_vehicle,8,240
1564691541381,small_vehicle,0,147
1567607439769,large_vehicle,10,282
1568693909368,large_vehicle,10,62
1575788460902,small_vehicle,2,318
1564837895278,small_vehicle,1,42
1582846910510,small_vehicle,3,307
1577506742927,small_vehicle,5,317
1569221929908,large_vehicle,7,217
1576088208348,small_vehicle,9,345
1565970459315,large_vehicle,9,29
1578107247856,small_vehicle,10,235
1579211268173,small_vehicle,6,20
1570209029532,large_vehicle,10,104
1578325969574,large_vehicle,0,297
1576596680959,large_vehicle,4,316
1568605835304,large_vehicle,6,47
1585507127969,small_vehicle,7,97
1569483487174,small_vehicle,0,172
1575073381836,small_vehicle,9,359
1566147287392,large_vehicle,5,311
1584185442187,large_vehicle,5,254
1566226064891,large_vehicle,10,222
1573167960978,large_vehicle,7,115
1576128548011,small_vehicle,8,98
1580123611520,small_vehicle,3,45
1582735154097,large_vehicle,5,45
1578838433019,large_vehicle,10,245
1580813984031,small_vehicle,6,200
1580412637350,large_vehicle,4,169
1569331756372,large_vehicle,3,214
1576429796365,large_vehicle,4,138
1564820089383,small_vehicle,5,213
1583669492343,large_vehicle,8,269
1581090146424,large_vehicle,8,323
1572352943338,large_vehicle,4,31
1578318846398,large_vehicle,8,19
1580130597183,large_vehicle,1,285
1576921384764,small_vehicle,9,286
1586205711337,large_vehicle,2,236
1574878815344,large_vehicle,5,48
1566422526964,large_vehicle,9,217
1579272916806,small_vehicle,6,208
1572805596552,small_vehicle,3,42
1570442589025,large_vehicle,0,17
1583471561768,small_vehicle,8,58
1569931292977,large_vehicle,7,358
1570114021448,large_vehicle,0,304
1577201766453,small_vehicle,4,302
1574957031589,large_vehicle,0,135
1579789286379,small_vehicle,8,85
1581935962027,large_vehicle,5,29
1577486545587,small_vehicle,10,44
1570691674166,small_vehicle,5,219
1584566278478,large_vehicle,8,209
1577067050902,large_vehicle,9,295
1573250455951,large_vehicle,3,106
1574338967054,small_vehicle,3,332
1582402730389,small_vehicle,6,123
1572208202805,small_vehicle,2,273
1566376528901,small_vehicle,4,319
1576425842446,small_vehicle,9,83
1575302032988,large_vehicle,3,24
1577760419085,small_vehicle,1,295
1576164891683,large_vehicle,9,44
1567125243650,small_vehicle,4,38
1578444362224,small_vehicle,2,294
1575812635879,large_vehicle,3,62
1581787337014,large_vehicle,3,13
1578510847965,large_vehicle,1,289
1565539799631,small_vehicle,3,118
1576622990654,large_vehicle,6,204
1584565318684,large_vehicle,4,245
1577722591085,small_vehicle,5,117
1573830002580,large_vehicle,1,349
1582613095551,large_vehicle,5,339
1581534996486,large_vehicle,0,94
1573618132995,small_vehicle,3,311
1582337948957,small_vehicle,4,6
1575387749747,large_vehicle,2,253
1582099383221,large_vehicle,2,102
1570984685471,small_vehicle,5,170
1573849864923,large_vehicle,1,119
1568659484467,large_vehicle,8,270
1578935827416,large_vehicle,7,75
1572418952358,small_vehicle,7,172
1571857591049,large_vehicle,2,235
1566318156019,small_vehicle,9,153
1564902487139,small_vehicle,5,62
1570566838035,large_vehicle,3,336
1572430323955,small_vehicle,1,190
1572998153121,small_vehicle,7,292
1586006517943,large_vehicle,2,93
1583136341179,large_vehicle,3,267
1573426780113,large_vehicle,3,324
1565778660759,small_vehicle,2,76
1572697997900,large_vehicle,3,324
1566896413057,small_vehicle,6,256
1577088303496,large_vehicle,10,132
1574511401730,large_vehicle,4,146
1578875667647,large_vehicle,2,148
1572057145061,large_vehicle,0,304
1585957766536,large_vehicle,4,15
1581299847287,small_vehicle,2,266
1583306801950,small_vehicle,7,301
1571500974830,large_vehicle,8,216
1571715563043,small_vehicle,10,88
1573099591501,small_vehicle,2,208
1570705891921,large_vehicle,10,246
1574596659965,small_vehicle,4,51
1573633915578,small_vehicle,10,212
1574895578774,large_vehicle,10,242
1575374944421,large_vehicle,4,70
1578161854075,small_vehicle,6,84
1582867844496,small_vehicle,2,98
1575366000877,large_vehicle,9,293
1570642650257,large_vehicle,10,21
1580294949010,small_vehicle,7,315
1577030843919,small_vehicle,6,27
1579702429389,large_vehicle,10,274
1579073880626,large_vehicle,5,91
1585772182640,large_vehicle,7,85
1580470507548,large_vehicle,5,186
1576890849715,large_vehicle,6,348
1575171712724,small_vehicle,8,183
1575643294135,small_vehicle,10,172
1582348752314,small_vehicle,1,269
1566452055461,small_vehicle,7,52
1579322700943,large_vehicle,2,301
1565935527829,large_vehicle,9,347
1566973524563,small_vehicle,5,130
1577021992597,small_vehicle,1,181
1579612770040,small_vehicle,8,246
1572665188058,small_vehicle,0,168
1568358950768,large_vehicle,2,189
1566755694752,small_vehicle,6,188
1573716864346,large_vehicle,2,27
1579188335354,large_vehicle,5,210
1570165714247,small_vehicle,0,272
1580796647355,small_vehicle,7,96
1582222869671,small_vehicle,5,287
1582236177456,large_vehicle,6,328
1574194770415,small_vehicle,6,146
1567304854455,large_vehicle,6,161
1585439012555,small_vehicle,7,166
1574761852662,small_vehicle,8,358
1569969827735,large_vehicle,3,98
1582327566516,small_vehicle,7,147
1579897161069,small_vehicle,3,13
1577513892500,small_vehicle,4,203
1570699156099,large_vehicle,5,160
1567813839719,large_vehicle,6,56
1565908807780,small_vehicle,8,278
1570388278922,large_vehicle,4,11
1583772620211,large_vehicle,4,73
1578742627963,small_vehicle,9,254
1572156983039,small_vehicle,2,14
1575302116611,large_vehicle,1,80
1572044121959,small_vehicle,4,244
1570075287702,large_vehicle,3,223
1565372343968,small_vehicle,7,96
1576432608034,small_vehicle,1,49
1585478205795,small_vehicle,1,181
1570067824562,large_vehicle,0,52
1570738129932,small_vehicle,7,116
1571742753376,large_vehicle,5,142
1581954890042,small_vehicle,2,292
1572955065661,large_vehicle,5,22
1567840951685,small_vehicle,10,308
1575935378940,large_vehicle,7,13
1580580176771,large_vehicle,8,142
1573966025995,small_vehicle,7,282
1575611029447,small_vehicle,0,161
1573296415531,small_vehicle,2,67
1572306656115,small_vehicle,8,9
1578334306142,small_vehicle,5,91
1572084648274,large_vehicle,5,220
1579429283440,large_vehicle,4,113
1569352947622,large_vehicle,6,329
1575642020833,large_vehicle,7,19
1565800364961,small_vehicle,9,300
1571192496659,small_vehicle,3,324
1571399685104,large_vehicle,3,194
1578890074790,small_vehicle,8,76
1580528328196,small_vehicle,9,284
1584378776458,small_vehicle,2,235
1571079142815,large_vehicle,2,162
1582626244567,large_vehicle,0,338
1567819100131,large_vehicle,3,51
1578188091150,large_vehicle,2,204
1580783634714,small_vehicle,9,252
1571407777977,large_vehicle,4,204
1584344691101,large_vehicle,2,97
1585041551877,large_vehicle,6,14
1565663462370,small_vehicle,6,144
