1580941889943,small_vehicle,8,41
1568726836261,small_vehicle,2,122
1573247935276,large_vehicle,8,100
1565841466901,small_vehicle,3,54
1570433724765,small_vehicle,8,100
1582470431624,small_vehicle,4,70
1576555405066,small_vehicle,7,127
1567410333590,large_vehicle,6,146
1574680640367,small_vehicle,8,98
1584786156878,small_vehicle,0,43
1582284417036,large_vehicle,5,288
1568790287282,large_vehicle,1,95
1580922513461,small_vehicle,10,260
1568559545876,large_vehicle,8,242
1586461202970,small_vehicle,0,258
1577493187138,small_vehicle,6,302
1585266722377,small_vehicle,0,268
1580288828798,small_vehicle,7,284
1584174386727,small_vehicle,4,125
1570255140292,small_vehicle,6,91
1565559460860,large_vehicle,9,57
1584071739179,small_vehicle,7,314
1567744453685,small_vehicle,6,191
1570517616553,small_vehicle,5,120
1572046021795,small_vehicle,4,357
1570414763386,large_vehicle,9,168
1578398026843,large_vehicle,7,95
1582156714811,small_vehicle,4,353
1578525764275,large_vehicle,6,343
1583338935637,large_vehicle,0,99
1573565192487,small_vehicle,4,11
1577194173645,small_vehicle,0,92
1572959848225,small_vehicle,8,267
1577533247926,large_vehicle,9,96
1579970383470,large_vehicle,9,10
1569803932671,large_vehicle,2,237
1572194001865,small_vehicle,9,287
1582934959110,small_vehicle,4,195
1579365932846,large_vehicle,0,195
1576955415533,small_vehicle,6,14
1572208163900,large_vehicle,2,266
1578014954626,large_vehicle,4,204
1579839500805,small_vehicle,9,267
1570580197378,large_vehicle,4,331
1571761864839,small_vehicle,0,212
1583903829772,small_vehicle,4,25
1583816057551,small_vehicle,2,343
1569887401069,small_vehicle,5,218
1585690166755,large_vehicle,4,80
1573048446155,small_vehicle,9,100
1577307629987,large_vehicle,0,206
1569161143221,small_vehicle,3,334
1572080446996,small_vehicle,3,349
1576054254511,large_vehicle,9,42
1573074738266,small_vehicle,8,201
1566949850508,small_vehicle,10,121
1572560895918,small_vehicle,0,199
1579682069271,small_vehicle,3,79
1576900447311,small_vehicle,2,58
1569799420105,large_vehicle,6,200
1581390782151,large_vehicle,5,321
1571401145424,small_vehicle,9,155
1578426959284,small_vehicle,10,38
1579255930690,large_vehicle,10,38
1573802299171,large_vehicle,2,200
1579548236131,small_vehicle,9,148
1578143313175,small_vehicle,4,100
1580604379881,large_vehicle,3,304
1576305488268,small_vehicle,7,28
1567074145656,small_vehicle,8,36
1564791935589,large_vehicle,7,71
1571869858300,large_vehicle,9,134
1578506623095,large_vehicle,6,162
1575583645906,large_vehicle,3,142
1584871839226,small_vehicle,4,294
1578024845260,small_vehicle,1,108
1570659410998,large_vehicle,2,57
1565301894196,small_vehicle,9,347
1576486967234,small_vehicle,7,30
1579858089977,small_vehicle,5,334
1566956976700,small_vehicle,3,133
1573913191275,large_vehicle,8,232
1567906254500,small_vehicle,7,258
1570483699295,small_vehicle,5,128
1574982401662,large_vehicle,5,110
1571621831139,small_vehicle,4,120
1565105696408,small_vehicle,0,306
1574878914282,large_vehicle,9,289
1576823150804,large_vehicle,8,115
1586045120313,small_vehicle,6,131
1572622981430,large_vehicle,4,347
1567162758970,small_vehicle,5,272
1574536995826,small_vehicle,6,180
1582467788867,large_vehicle,5,31
1584315714982,large_vehicle,4,286
1582007152472,small_vehicle,4,28
1571336149538,small_vehicle,1,312
1583612379142,small_vehicle,5,46
1567707630537,large_vehicle,4,213
1583841177304,small_vehicle,0,350
1575728543280,small_vehicle,4,337
1577418496782,small_vehicle,1,307
1583582128904,small_vehicle,2,213
1566699345098,large_vehicle,3,258
1570995090320,large_vehicle,9,82
1573468190174,small_vehicle,7,40
1579749663996,large_vehicle,0,238
1569093221011,small_vehicle,6,283
1576842192240,large_vehicle,5,347
1574861425442,small_vehicle,7,175
1575613895076,large_vehicle,1,178
1574484551437,large_vehicle,0,216
1566886162619,small_vehicle,10,235
1566450415141,large_vehicle,7,132
1568030408458,small_vehicle,5,101
1566728456130,large_vehicle,2,189
1576736176357,large_vehicle,7,342
1571880451663,small_vehicle,9,299
1565985086443,large_vehicle,6,318
1585839092870,small_vehicle,5,329
1567397980235,small_vehicle,5,100
1577554571891,small_vehicle,4,314
1577488074400,small_vehicle,10,128
1564797777431,large_vehicle,3,328
1571624374067,large_vehicle,1,253
1586697330369,large_vehicle,1,347
1565254283722,large_vehicle,9,80
1582413208734,small_vehicle,7,169
1583156749435,large_vehicle,10,75
1574703275758,small_vehicle,10,44
1570516846814,small_vehicle,1,2
1583124085077,small_vehicle,9,326
1574951749250,small_vehicle,9,159
1585334872075,large_vehicle,5,226
1569377002416,small_vehicle,10,113
1577474714863,large_vehicle,4,215
1565592955368,small_vehicle,8,201
1574022182319,small_vehicle,8,321
1577111241705,large_vehicle,10,146
1566494422143,small_vehicle,4,296
1581768284275,small_vehicle,9,307
1575780101511,small_vehicle,4,301
1566167722134,small_vehicle,3,25
1568357557621,large_vehicle,6,226
1575513621184,large_vehicle,1,13
1580215517398,small_vehicle,0,115
1571940189248,large_vehicle,3,48
1570841348153,large_vehicle,3,303
1569432084074,large_vehicle,0,139
1576682270147,large_vehicle,4,13
1583919780184,small_vehicle,7,127
1578358159429,small_vehicle,7,59
1575144691508,large_vehicle,10,144
1580592966472,small_vehicle,4,346
1585351681523,large_vehicle,6,7
1567724009108,small_vehicle,1,49
1583607272233,small_vehicle,10,260
1585546810792,small_vehicle,6,103
1575140975382,large_vehicle,3,257
1570181605291,small_vehicle,2,37
1577843947543,large_vehicle,5,301
1575969453149,small_vehicle,5,200
1586715843275,large_vehicle,10,331
1573289309173,large_vehicle,2,99
1578062353879,large_vehicle,10,297
1567321391639,small_vehicle,7,50
1585738088031,small_vehicle,5,110
1583941801738,large_vehicle,7,331
1565068964947,large_vehicle,10,357
1567632655127,large_vehicle,0,23
1569041343196,large_vehicle,0,91
1564747013360,small_vehicle,6,55
1571172757477,large_vehicle,7,325
1583579562542,small_vehicle,5,147
1582630774451,small_vehicle,0,205
1572759099637,small_vehicle,8,324
1571875303071,large_vehicle,9,84
1582117016842,small_vehicle,1,193
1578897253277,small_vehicle,2,36
1567476122239,large_vehicle,8,202
1573014357860,small_vehicle,8,41
1575763355721,large_vehicle,5,119
1568042888325,large_vehicle,2,20
1573638030030,small_vehicle,7,20
1574660934551,large_vehicle,8,129
1571427287252,large_vehicle,4,192
1571411046438,small_vehicle,10,0
1574276923725,small_vehicle,8,135
1584029796578,large_vehicle,4,348
1567095227904,small_vehicle,0,358
1579199771514,large_vehicle,6,55
1574019169225,small_vehicle,10,131
1577620035124,small_vehicle,2,184
1575218898241,small_vehicle,4,159
1565865402469,large_vehicle,5,293
1582170457063,large_vehicle,0,149
1586105776278,large_vehicle,9,62
1577557527627,large_vehicle,9,192
1571866532251,small_vehicle,0,313
1581686906308,small_vehicle,9,129
1569708702156,large_vehicle,7,18
1566778728654,small_vehicle,1,241
1578636835463,large_vehicle,7,80
1584077200319,large_vehicle,9,186
1572460525508,large_vehicle,0,89
1582232193990,large_vehicle,3,19
1579201691342,small_vehicle,1,216
1578160464907,large_vehicle,6,85
1578004599786,small_vehicle,7,221
1585591299389,large_vehicle,5,226
1583094213421,small_vehicle,6,308
1571895808406,small_vehicle,0,158
1579038107064,small_vehicle,1,154
1568094805612,large_vehicle,8,74
1579855314071,large_vehicle,1,251
1568384320015,small_vehicle,2,109
1566345958423,large_vehicle,3,295
1571379477006,large_vehicle,10,30
1569321817140,small_vehicle,2,152
1574061658736,large_vehicle,4,306
1571464969809,large_vehicle,3,1
1586224310747,small_vehicle,7,86
1572779169835,small_vehicle,4,171
1583057765869,large_vehicle,10,352
1567788592542,large_vehicle,5,349
1585338718942,large_vehicle,10,60
1570001370485,large_vehicle,9,244
1583780619026,large_vehicle,1,243
1584114584847,small_vehicle,0,230
1565107395761,small_vehicle,5,286
1574479345554,small_vehicle,1,220
1571284375414,large_vehicle,2,114
1574355389987,large_vehicle,5,109
1581997420898,large_vehicle,3,237
1569597570196,large_vehicle,10,216
1576307650225,large_vehicle,1,19
1574963935099,large_vehicle,6,210
1572881524923,large_vehicle,7,341
1573345459328,small_vehicle,6,71
1572527087738,small_vehicle,9,306
1580999287286,large_vehicle,5,147
1578921113052,large_vehicle,5,72
1573262497279,large_vehicle,10,164
1564669749072,small_vehicle,2,123
1583427838543,large_vehicle,9,340
1566455845652,large_vehicle,10,41
1566833335328,large_vehicle,6,32
1586426054280,small_vehicle,9,136
1565003527510,large_vehicle,1,280
1569733105707,large_vehicle,9,156
1584491726442,small_vehicle,0,182
1570499807519,large_vehicle,2,89
1571864619347,large_vehicle,0,249
1573709419429,small_vehicle,7,38
1583873132509,large_vehicle,9,188
1584256249763,small_vehicle,2,182
1575728372502,small_vehicle,1,216
1570426172048,small_vehicle,1,202
1567862554406,large_vehicle,9,293
1568731929964,small_vehicle,2,51
1584715843804,small_vehicle,1,74
1575841249144,small_vehicle,2,165
1576747175240,large_vehicle,7,230
1583268686037,large_vehicle,3,122
1584632890753,small_vehicle,3,252
1565768837218,small_vehicle,6,312
1579423336193,small_vehicle,8,256
1578039527511,small_vehicle,3,200
1570687411557,small_vehicle,7,185
1571943874933,large_vehicle,4,70
1568127419798,large_vehicle,3,28
1572218466719,large_vehicle,0,45
1571575149790,small_vehicle,0,40
1579870754870,small_vehicle,3,71
1575328495252,small_vehicle,1,149
1574865230549,large_vehicle,1,196
1569858633174,large_vehicle,4,213
1569858223237,small_vehicle,3,87
1581237469232,large_vehicle,4,310
1570914134658,small_vehicle,9,31
1577097777352,large_vehicle,1,287
1572835503730,small_vehicle,6,255
1569622435671,small_vehicle,8,308
1566141920310,small_vehicle,2,67
1573303661473,small_vehicle,4,286
1567608122832,large_vehicle,6,239
1581898593332,small_vehicle,3,78
1574260780633,small_vehicle,5,46
1570614714468,small_vehicle,5,350
1586540416086,large_vehicle,0,18
1580196072960,large_vehicle,4,127
1571950691992,large_vehicle,9,150
1583920713936,large_vehicle,8,255
1581632510740,large_vehicle,3,210
1586356670161,small_vehicle,8,323
1570076289543,small_vehicle,7,140
1570634119125,small_vehicle,0,153
1581046978297,small_vehicle,5,285
1582395794747,large_vehicle,6,28
1574566266991,large_vehicle,10,125
1569686632144,small_vehicle,3,327
1577486825045,large_vehicle,3,211
1573206333556,small_vehicle,6,273
1568011787115,large_vehicle,2,344
1583387300067,large_vehicle,7,90
1571554043270,large_vehicle,7,296
1584400087977,small_vehicle,5,184
1578175095598,large_vehicle,7,328
1579366321272,small_vehicle,3,313
1579223387846,large_vehicle,4,352
1582265023278,small_vehicle,9,247
1576728674261,small_vehicle,9,126
1578385414267,small_vehicle,10,297
1576407748579,small_vehicle,6,47
1585705729047,large_vehicle,8,217
1574020235490,small_vehicle,9,136
1573245854206,small_vehicle,9,193
1566383676536,large_vehicle,3,338
1576218950980,small_vehicle,7,20
1577096206497,large_vehicle,0,165
1568412783405,small_vehicle,8,242
1577028112080,small_vehicle,9,214
1575023297590,small_vehicle,3,252
1581581345186,small_vehicle,7,206
1579720765097,large_vehicle,3,274
1568874433151,small_vehicle,8,289
1570708772972,small_vehicle,8,38
1565609333688,small_vehicle,9,156
1570729099484,small_vehicle,9,114
1574017186555,large_vehicle,1,201
1582082223322,large_vehicle,3,56
1579948760977,large_vehicle,0,300
1584334224741,large_vehicle,4,259
1577734069222,small_vehicle,7,258
1584809980388,small_vehicle,1,102
1570080305744,large_vehicle,9,312
1577129615152,large_vehicle,7,10
1579746957395,small_vehicle,10,331
1574409463698,large_vehicle,2,201
1564991294366,small_vehicle,3,88
1566345870616,large_vehicle,3,313
1582061472835,small_vehicle,7,338
1570577787663,small_vehicle,9,329
1578818812173,small_vehicle,5,301
1573019004598,large_vehicle,7,6
1571850356724,small_vehicle,1,273
1582291918125,large_vehicle,5,19
1577284251523,small_vehicle,4,13
1578216374596,large_vehicle,6,19
1582382262630,small_vehicle,5,276
1576596397670,small_vehicle,0,119
1572141307161,small_vehicle,5,9
1583209997084,large_vehicle,3,43
1578998553803,large_vehicle,1,256
1565266078389,small_vehicle,4,220
1584590294564,small_vehicle,7,312
1577257243349,large_vehicle,5,147
1578421865158,small_vehicle,4,222
1583966942839,large_vehicle,10,147
1584915269818,small_vehicle,3,44
1568714237638,large_vehicle,8,99
1578090482720,small_vehicle,4,352
1566016205643,small_vehicle,3,345
1568310743480,large_vehicle,9,260
1579470072694,large_vehicle,9,71
1569056787719,small_vehicle,6,143
1577612485521,large_vehicle,7,205
1584639870077,small_vehicle,8,276
1574998106217,large_vehicle,1,308
1585551630418,small_vehicle,7,233
1578200283154,small_vehicle,10,91
1568984372179,small_vehicle,2,187
1583275925642,small_vehicle,6,32
1572044323911,large_vehicle,5,112
1566817906216,small_vehicle,3,105
1565351051969,large_vehicle,5,347
1585617083641,large_vehicle,6,230
1582242326271,small_vehicle,6,163
1566321610792,small_vehicle,9,326
1579744635650,large_vehicle,2,108
1572173494191,small_vehicle,9,80
1577242908456,small_vehicle,1,102
1576097510056,large_vehicle,0,350
1586276322906,large_vehicle,2,17
1575210927714,large_vehicle,3,104
1578603792222,small_vehicle,1,231
1567423294624,large_vehicle,2,295
1582331145486,small_vehicle,4,156
1583199983884,small_vehicle,7,110
1584889920401,large_vehicle,1,331
1568290822807,large_vehicle,8,352
1582671602251,large_vehicle,1,90
1566357349183,large_vehicle,7,128
1565297900184,small_vehicle,10,94
1584034637707,small_vehicle,7,50
1582266064597,large_vehicle,6,32
1573428811668,large_vehicle,2,194
1584753157734,large_vehicle,7,162
1569407260717,small_vehicle,0,278
1575261664046,small_vehicle,6,284
1580159338230,large_vehicle,2,147
1573743597260,small_vehicle,4,328
1575382093778,large_vehicle,2,98
1580669844316,small_vehicle,1,6
1585423500257,small_vehicle,3,88
1584454808088,small_vehicle,5,305
1572269501089,large_vehicle,3,6
1584229077686,small_vehicle,4,127
1578101298608,small_vehicle,4,227
1578150842222,large_vehicle,7,145
1577696939097,large_vehicle,1,22
1573442217689,small_vehicle,8,80
1566216288115,large_vehicle,0,87
1584867066452,large_vehicle,3,68
1577684628631,small_vehicle,3,274
1581302090646,small_vehicle,8,206
1581035625996,large_vehicle,7,300
1574165361046,small_vehicle,2,262
1575296150684,small_vehicle,1,21
1569181585709,large_vehicle,10,246
1568652380531,small_vehicle,7,348
1582773914327,small_vehicle,2,298
1577799490424,large_vehicle,8,250
1582989718081,small_vehicle,7,101
1567905196078,large_vehicle,10,326
1573772289496,large_vehicle,5,324
1584158523673,large_vehicle,10,56
1582218311336,small_vehicle,2,224
1582420091377,small_vehicle,10,327
1574353023374,small_vehicle,5,355
1583285735373,small_vehicle,3,269
1566286075958,large_vehicle,2,91
1578042331938,large_vehicle,4,47
1566798517068,small_vehicle,10,194
1579725857063,large_vehicle,10,187
1568318238184,small_vehicle,6,217
1583810183479,small_vehicle,5,214
1579436321494,small_vehicle,8,320
1583036337412,small_vehicle,2,253
1576469156931,small_vehicle,2,167
1574025801515,small_vehicle,3,326
1574510484280,large_vehicle,6,330
1567197064332,small_vehicle,8,170
1573689451749,small_vehicle,0,136
1569026986333,small_vehicle,5,30
1572441144765,small_vehicle,7,160
1571205000688,large_vehicle,3,140
1568834429831,large_vehicle,9,265
1565356412803,large_vehicle,10,127
1579667239012,large_vehicle,7,66
1581083585053,large_vehicle,3,35
1578555597457,large_vehicle,5,81
1579334943789,large_vehicle,6,245
1581891239644,large_vehicle,9,64
1567993863909,small_vehicle,6,308
1579928010643,small_vehicle,9,332
1586671613539,small_vehicle,2,262
1582547808072,small_vehicle,5,24
1576530758532,large_vehicle,7,20
1571364904828,large_vehicle,1,64
1585801699783,small_vehicle,3,60
1569681880196,large_vehicle,1,250
1571840495429,small_vehicle,5,158
1572594227907,large_vehicle,3,181
1575707828031,large_vehicle,3,47
1585247105024,large_vehicle,2,344
1578599539648,small_vehicle,9,258
1566685132991,large_vehicle,7,138
1585079915896,small_vehicle,2,17
1575777714465,small_vehicle,6,115
1569558066590,large_vehicle,2,149
1565646831752,small_vehicle,10,19
1573910077833,large_vehicle,0,338
1569484709332,small_vehicle,7,343
1567896444276,small_vehicle,2,152
1575364676035,small_vehicle,5,222
1585143973448,small_vehicle,1,351
1566715938570,large_vehicle,1,152
1574123997354,large_vehicle,8,341
1567178430718,small_vehicle,1,234
1571137068481,small_vehicle,7,239
1586333119803,small_vehicle,3,357
1572820085238,small_vehicle,8,198
1585782978245,large_vehicle,4,317
1575728142097,small_vehicle,0,331
1583649887546,large_vehicle,4,13
1570127726389,large_vehicle,0,54
1569643390934,small_vehicle,6,177
1577445366538,large_vehicle,9,246
1566706482952,small_vehicle,0,50
1571241874106,large_vehicle,6,24
1573028631435,small_vehicle,8,281
1585771967196,small_vehicle,7,82
1580333805690,large_vehicle,0,310
1569114946430,small_vehicle,9,25
1571790030623,small_vehicle,6,319
1575881983594,small_vehicle,2,132
1578169166641,small_vehicle,2,221
1578688265228,small_vehicle,10,335
1573706486049,large_vehicle,1,48
1568199400567,small_vehicle,10,135
1571425664504,large_vehicle,2,236
1566960115866,large_vehicle,10,232
1568261918302,small_vehicle,1,201
1581163190032,small_vehicle,8,346
1575565312596,small_vehicle,3,172
1570793708025,small_vehicle,6,175
1569164065150,small_vehicle,1,46
1571526431275,small_vehicle,1,35
1574325820867,small_vehicle,1,221
1581506745804,large_vehicle,8,256
1574951562127,small_vehicle,7,324
1583210903925,small_vehicle,8,12
1580032796039,small_vehicle,9,54
1578798447169,small_vehicle,0,303
1582698230281,large_vehicle,2,132
1566517481878,small_vehicle,7,159
1571896591447,large_vehicle,3,89
1571842307924,small_vehicle,9,277
1576879903362,small_vehicle,2,56
1564888246982,large_vehicle,10,106
1581666786567,small_vehicle,6,9
1577536705769,small_vehicle,7,5
1572399594638,small_vehicle,1,104
1581351172318,small_vehicle,7,305
1579179063119,small_vehicle,4,331
1569448151521,small_vehicle,10,80
1569555845577,large_vehicle,3,38
1577448375160,small_vehicle,8,247
1584378979314,small_vehicle,1,257
1570082321966,large_vehicle,5,238
1569482538987,large_vehicle,9,75
1581270954236,small_vehicle,2,11
1566522056334,small_vehicle,10,130
1586660082352,large_vehicle,1,299
1582567235568,small_vehicle,1,4
1578555214405,large_vehicle,2,47
1573954669063,large_vehicle,10,19
1584745220546,large_vehicle,1,272
1568591388787,small_vehicle,4,20
1574269977677,small_vehicle,3,5
1584027197499,large_vehicle,1,90
1584665432148,large_vehicle,9,264
1565041287339,large_vehicle,4,98
1585819630404,small_vehicle,10,145
1565608102994,small_vehicle,5,58
1583871794344,small_vehicle,1,177
1564719932052,large_vehicle,1,156
1570640975291,small_vehicle,7,265
1573339769085,large_vehicle,6,12
1566295518930,small_vehicle,4,255
1584770281356,large_vehicle,7,131
1582654273377,large_vehicle,4,165
1579601895188,large_vehicle,5,355
1578515854924,large_vehicle,1,10
1580899806180,large_vehicle,2,28
1580119836084,large_vehicle,3,283
1568466206287,small_vehicle,3,224
1574984804313,small_vehicle,6,217
1567148367864,small_vehicle,8,354
1565923545881,small_vehicle,9,271
1569063264392,small_vehicle,6,324
1569221221450,large_vehicle,8,187
1565143453662,large_vehicle,8,232
1585742910815,small_vehicle,4,90
1568858311832,large_vehicle,10,236
1578518114355,small_vehicle,9,232
1575577865242,small_vehicle,3,77
1584900459317,small_vehicle,7,33
1577749544283,large_vehicle,4,339
1579156915441,small_vehicle,0,278
1578405261571,small_vehicle,4,227
1583735690887,small_vehicle,4,15
1585401642538,small_vehicle,2,21
1576130537643,large_vehicle,0,117
1586058786691,large_vehicle,0,262
1585897044610,large_vehicle,2,129
1571764332517,large_vehicle,2,227
1582253494035,large_vehicle,10,170
1584581763457,large_vehicle,10,220
1573411799202,large_vehicle,2,38
1568555577072,large_vehicle,3,105
1577382042641,small_vehicle,0,301
1572368753285,small_vehicle,2,130
1568614632369,small_vehicle,4,207
1569133803626,small_vehicle,7,133
1573119554381,large_vehicle,6,188
1575131552986,large_vehicle,8,175
1575595777963,small_vehicle,1,240
1575750380031,small_vehicle,4,218
1565202524814,small_vehicle,9,23
1581401025211,large_vehicle,1,161
1567279628791,large_vehicle,9,333
1573602797039,small_vehicle,1,90
1566557019158,large_vehicle,8,129
1578327409466,small_vehicle,7,224
1584328409350,large_vehicle,1,54
1582156681944,small_vehicle,7,60
1578614556438,large_vehicle,6,68
1585601148824,large_vehicle,4,300
1569538399350,large_vehicle,0,215
1585653429088,large_vehicle,1,122
1577984100457,large_vehicle,2,157
1567070867757,small_vehicle,6,115
1568029828416,small_vehicle,0,281
1567943771469,small_vehicle,10,119
1567159168996,small_vehicle,9,56
1579719065707,small_vehicle,3,29
1579729743292,small_vehicle,0,198
1582415667234,small_vehicle,8,121
1568996633011,large_vehicle,8,195
1573456323437,small_vehicle,1,360
1585827739992,large_vehicle,7,1
1573930169314,small_vehicle,0,243
1582386967534,large_vehicle,0,70
1584407729331,small_vehicle,4,194
1578768778749,small_vehicle,1,62
1566261619416,large_vehicle,5,195
1575876753203,small_vehicle,9,8
1565953108514,small_vehicle,4,8
1573135073818,large_vehicle,9,88
1572343513899,large_vehicle,10,67
1565745203037,small_vehicle,6,256
1581431166204,large_vehicle,0,151
1568755029288,small_vehicle,8,111
1580224778923,small_vehicle,2,33
1576486393279,large_vehicle,0,334
1586234771882,small_vehicle,8,204
1572623014491,small_vehicle,4,197
1568125208511,small_vehicle,2,115
1571381830812,small_vehicle,7,95
1576171892397,small_vehicle,1,113
1581350894370,large_vehicle,10,173
1585186114944,small_vehicle,7,275
1570329063941,small_vehicle,0,86
1572555618214,large_vehicle,10,194
1577466745931,small_vehicle,7,278
1584475062804,small_vehicle,8,81
1579312110944,small_vehicle,10,16
1577520292086,small_vehicle,8,251
1565650210825,large_vehicle,6,231
1575823614427,small_vehicle,7,320
1565386917388,small_vehicle,4,18
1584992908864,small_vehicle,3,191
1577955712282,large_vehicle,2,252
1574322944280,small_vehicle,5,285
1578703033459,large_vehicle,1,249
1583287286773,small_vehicle,7,349
1568161146521,large_vehicle,9,275
1564670896900,small_vehicle,10,303
1584130687805,large_vehicle,1,19
1565287693954,small_vehicle,1,138
1574541330226,small_vehicle,6,144
1568404297464,large_vehicle,9,318
1564876987156,small_vehicle,5,237
1570405087914,large_vehicle,4,3
1583926340062,small_vehicle,7,294
1586195655450,small_vehicle,9,164
1583554684873,large_vehicle,7,6
1579451064761,large_vehicle,2,187
1569520373107,large_vehicle,5,142
1585916571787,small_vehicle,1,238
1581382988829,large_vehicle,5,23
1582199928001,large_vehicle,8,280
1583809212085,large_vehicle,10,60
1569909109670,large_vehicle,4,130
1567522053888,large_vehicle,3,16
1577161466422,large_vehicle,4,164
1568036307494,large_vehicle,6,329
1582027206106,small_vehicle,6,235
1565660671543,large_vehicle,8,129
1575990180905,large_vehicle,6,277
1583136287855,large_vehicle,3,141
1580375490795,large_vehicle,3,205
1586058627981,large_vehicle,5,229
1580138651294,large_vehicle,1,41
1572038456060,large_vehicle,10,125
1581431237601,small_vehicle,0,151
1574753853251,large_vehicle,3,304
1583636919346,large_vehicle,8,257
1582189892168,small_vehicle,3,224
1565589265030,small_vehicle,1,322
1576898979557,large_vehicle,3,190
1569221284481,large_vehicle,0,184
1582661744249,large_vehicle,4,56
1583450228942,large_vehicle,7,85
1572919064066,small_vehicle,9,222
1572126304501,small_vehicle,1,227
1583982162008,small_vehicle,0,308
1575619349628,large_vehicle,6,16
1583411644216,large_vehicle,8,203
1584912671533,large_vehicle,1,215
1569771452828,small_vehicle,7,238
1572648148664,large_vehicle,2,36
1574623057045,large_vehicle,8,352
1568653293560,small_vehicle,1,103
1568686266766,small_vehicle,8,331
1585327889999,small_vehicle,0,288
1584958563636,small_vehicle,1,121
1570775193518,large_vehicle,1,93
1585954202320,large_vehicle,6,212
1585670196115,large_vehicle,2,295
1565409544611,small_vehicle,4,176
1565040077267,small_vehicle,1,240
1581287778172,large_vehicle,8,140
1573899132773,small_vehicle,1,173
1584397396925,small_vehicle,3,199
1582100682810,large_vehicle,6,219
1572244183068,small_vehicle,8,221
1576657254213,large_vehicle,5,177
1586223964519,small_vehicle,1,357
1565812546340,large_vehicle,4,327
1573445396005,large_vehicle,5,263
1581694483413,small_vehicle,3,29
1585620076240,small_vehicle,10,79
1572765179397,large_vehicle,4,62
1581704305564,large_vehicle,7,67
1582040604008,small_vehicle,7,5
1576553495046,large_vehicle,10,288
1576771452866,small_vehicle,2,258
1576508559455,small_vehicle,2,313
1565048334130,small_vehicle,9,60
1580124804824,large_vehicle,4,284
1586638829568,large_vehicle,0,87
1570048154372,large_vehicle,9,297
1574149064278,small_vehicle,8,240
1581524202316,small_vehicle,4,125
1569337890525,large_vehicle,9,176
1580364474659,small_vehicle,2,38
1583432840736,large_vehicle,6,314
1567904791744,small_vehicle,4,225
1578378841314,large_vehicle,7,278
1564720559175,large_vehicle,0,30
1568310297284,large_vehicle,9,83
1566831653151,large_vehicle,0,290
1574842451440,small_vehicle,6,9
1584730270951,small_vehicle,10,88
1568566994164,small_vehicle,1,355
1574282864494,large_vehicle,4,171
1575851044203,small_vehicle,9,338
1573133296741,large_vehicle,7,52
1585527109709,small_vehicle,0,330
1568031789603,small_vehicle,0,189
1566096644708,small_vehicle,7,203
1583417068304,large_vehicle,4,349
1567681269402,small_vehicle,7,84
1564681519307,small_vehicle,8,147
1581460893873,large_vehicle,1,63
1573674630112,small_vehicle,7,164
1585007228633,large_vehicle,3,324
1565254611919,large_vehicle,2,164
1577601996528,small_vehicle,4,79
1571106896579,small_vehicle,10,43
1577631260033,large_vehicle,9,114
1572126489811,large_vehicle,3,290
1567470046301,small_vehicle,4,294
1581784399298,small_vehicle,6,122
1577850487779,small_vehicle,5,228
1568122058925,large_vehicle,6,44
1568625618649,large_vehicle,9,259
1584649934443,large_vehicle,5,347
1582754931678,small_vehicle,2,88
1581123489494,small_vehicle,5,277
1586290192847,small_vehicle,8,142
1577299284076,large_vehicle,2,177
1577115022763,small_vehicle,9,277
1571709132040,small_vehicle,7,192
1585513467315,large_vehicle,1,1
1584806471670,small_vehicle,3,165
1578104433034,small_vehicle,6,271
1568034610431,small_vehicle,3,55
1584268146156,small_vehicle,6,69
1579808497772,large_vehicle,3,210
1580154108875,large_vehicle,8,92
1580677564815,large_vehicle,3,300
1565124088482,small_vehicle,9,219
1575425708147,small_vehicle,4,334
1581273078477,small_vehicle,8,16
1583905832934,large_vehicle,10,327
1584489474818,large_vehicle,4,150
1568248309316,large_vehicle,7,290
1584972614801,small_vehicle,9,154
1572906770400,small_vehicle,1,302
1564711689338,large_vehicle,3,1
1577435612104,small_vehicle,6,88
1582136093890,small_vehicle,8,183
1578459779990,large_vehicle,10,297
1570547752184,small_vehicle,3,110
1572926379641,small_vehicle,3,23
1584107386606,large_vehicle,0,301
1578501138748,large_vehicle,9,45
1566240743344,small_vehicle,2,29
1574206665260,large_vehicle,5,249
1582302928526,small_vehicle,1,30
1582922598394,large_vehicle,1,165
1566488342542,small_vehicle,8,18
1572679153052,large_vehicle,6,301
1580828892018,small_vehicle,5,264
1568871787964,large_vehicle,3,99
1571134225558,large_vehicle,2,335
1580101115130,small_vehicle,8,347
1579432810691,large_vehicle,6,92
1578014628890,large_vehicle,0,297
1567341407966,small_vehicle,8,19
1585324034202,small_vehicle,2,185
1565249599251,small_vehicle,6,89
1567398746466,large_vehicle,5,325
1586590708945,small_vehicle,3,63
1575545848762,small_vehicle,8,259
1575820383374,large_vehicle,2,137
1572268624632,large_vehicle,8,208
1580582063404,large_vehicle,8,111
1577672351249,large_vehicle,3,203
1572831361880,small_vehicle,9,278
1584408096751,small_vehicle,2,44
1577520918424,large_vehicle,4,127
1572618644557,small_vehicle,2,250
1572492595876,small_vehicle,4,351
1571288746857,large_vehicle,6,8
1584146629793,large_vehicle,5,54
1573120097717,large_vehicle,9,2
1573935692504,large_vehicle,1,357
1565705616590,small_vehicle,10,249
1576604353288,small_vehicle,7,156
1565719493112,large_vehicle,1,8
1570867921052,small_vehicle,10,324
1581155525877,small_vehicle,3,93
1574526401002,small_vehicle,5,282
1568031077870,large_vehicle,3,75
1565154049408,large_vehicle,7,91
1572096336917,large_vehicle,6,200
1578900092749,small_vehicle,2,145
1583855482501,large_vehicle,1,289
1580618149080,large_vehicle,8,31
1572293216753,small_vehicle,10,28
1585749185402,small_vehicle,9,68
1569545779299,large_vehicle,0,117
1585875330123,small_vehicle,5,157
1570946446980,large_vehicle,8,341
1568241224498,small_vehicle,2,234
1578371784859,large_vehicle,1,59
1577016054064,small_vehicle,2,293
1584539622306,small_vehicle,2,114
1579387257105,large_vehicle,4,155
1568269330813,large_vehicle,6,268
1565510431527,small_vehicle,0,184
1585817775085,large_vehicle,3,308
1565218294772,large_vehicle,0,207
1578486966579,small_vehicle,9,47
1581434813160,large_vehicle,0,113
1565983914957,large_vehicle,0,192
1571076766141,small_vehicle,8,27
1573256928095,small_vehicle,1,148
1573285057530,small_vehicle,7,4
1570627154319,small_vehicle,2,9
1580592847028,small_vehicle,8,338
1568432963523,small_vehicle,10,30
1568567421383,small_vehicle,5,144
1574778197847,large_vehicle,9,113
1574466451551,small_vehicle,6,331
1580986715813,large_vehicle,3,92
1568619592628,large_vehicle,1,273
1576813452274,small_vehicle,2,214
1581024856954,small_vehicle,1,306
1575333910967,small_vehicle,5,327
1582029693089,large_vehicle,7,36
1580990800352,small_vehicle,10,207
1580207970853,large_vehicle,3,230
1570991386419,large_vehicle,4,232
1575763731107,small_vehicle,3,115
1585611118887,large_vehicle,5,84
1574298834252,small_vehicle,1,16
1578875967665,small_vehicle,3,103
1568210748104,small_vehicle,4,28
1570868970556,small_vehicle,5,37
1575004251984,large_vehicle,4,162
1574414861959,small_vehicle,3,219
1570051791717,small_vehicle,9,224
1578104651225,large_vehicle,9,14
1581219923715,small_vehicle,7,126
1570577542397,small_vehicle,2,142
1568783057075,large_vehicle,5,317
1571902768077,small_vehicle,1,187
1575866837493,large_vehicle,7,163
1573604805004,small_vehicle,3,123
1581334455321,small_vehicle,2,279
1565801037929,small_vehicle,8,32
1584218846354,large_vehicle,4,205
1580487022025,large_vehicle,3,96
1573877446574,large_vehicle,10,311
1578206329667,small_vehicle,10,82
1571701713808,small_vehicle,7,248
1566829832536,large_vehicle,1,306
1586121802890,large_vehicle,1,235
1571927392535,small_vehicle,9,120
1584348338312,large_vehicle,7,322
1574548491776,small_vehicle,5,1
1586031037599,small_vehicle,5,190
1565652211103,small_vehicle,5,162
1586050871978,large_vehicle,5,225
1581088583981,small_vehicle,6,147
1584883488193,small_vehicle,0,6
1585609216904,large_vehicle,2,6
1578273243156,large_vehicle,8,277
1571986156768,large_vehicle,3,213
1570313349867,large_vehicle,4,322
1577814880496,small_vehicle,4,249
1573598252762,large_vehicle,1,209
1577117631278,large_vehicle,9,45
1578260875294,large_vehicle,0,271
1570868040278,small_vehicle,5,295
1585306142659,small_vehicle,3,348
1583524574747,large_vehicle,10,240
1571906896912,large_vehicle,10,201
1566167741003,large_vehicle,0,294
1581877655927,large_vehicle,0,269
1584445812730,small_vehicle,8,280
1580654698825,small_vehicle,1,153
1569381106176,large_vehicle,8,94
1564764373926,large_vehicle,10,164
1569500355268,large_vehicle,2,35
1565334486836,large_vehicle,7,97
1579033412572,large_vehicle,1,82
1576030009414,small_vehicle,7,304
1572083466550,large_vehicle,5,250
1574900520514,large_vehicle,9,15
1575824524396,small_vehicle,5,230
1575496955517,small_vehicle,7,59
1573553157811,small_vehicle,8,271
1565069380865,small_vehicle,8,267
1573456483976,small_vehicle,4,113
1571604604830,large_vehicle,4,128
1567024387547,small_vehicle,9,194
1564852450127,small_vehicle,10,225
1567185218227,large_vehicle,5,180
1577944360132,large_vehicle,2,174
1578729048774,small_vehicle,2,107
1569214275386,small_vehicle,3,183
1577445701230,large_vehicle,8,69
1583526630861,small_vehicle,0,44
1579712582839,large_vehicle,4,312
1585160288496,small_vehicle,10,66
1573446672008,small_vehicle,6,38
1572325447999,large_vehicle,4,158
1579995608003,large_vehicle,5,129
1567837716301,small_vehicle,0,345
1572216115951,large_vehicle,4,317
1573827851912,small_vehicle,8,169
1576428970141,large_vehicle,6,169
1566963203424,small_vehicle,2,144
1568642638504,large_vehicle,6,50
1579831125056,small_vehicle,0,92
1573557612948,large_vehicle,5,113
1569009359557,large_vehicle,4,287
1565231811298,small_vehicle,8,66
1565646590484,small_vehicle,9,118
1564847059310,large_vehicle,5,116
1574919774319,large_vehicle,10,15
1584786473886,large_vehicle,4,335
1578626675853,large_vehicle,3,191
1579445210900,large_vehicle,7,54
1585909695457,large_vehicle,10,85
1581014796897,large_vehicle,7,87
1580569153820,small_vehicle,8,131
1574149700529,small_vehicle,1,71
1569752591633,large_vehicle,0,117
1565431215399,small_vehicle,4,359
1573130835323,small_vehicle,4,185
1575522153238,large_vehicle,7,211
1576795414380,large_vehicle,2,192
1571402557871,large_vehicle,10,178
1571579405113,small_vehicle,1,280
1571806654619,small_vehicle,4,137
1568704422282,small_vehicle,1,181
1573624032513,large_vehicle,3,2
1578959941155,small_vehicle,5,327
1564956418608,large_vehicle,8,320
1568417793975,small_vehicle,3,69
1583540491041,large_vehicle,1,298
1582836336605,small_vehicle,8,356
1586119689939,large_vehicle,2,6
1565263109195,small_vehicle,0,211
1585216963335,small_vehicle,1,310
1568715123609,small_vehicle,2,15
1566251786183,small_vehicle,9,272
1568157008869,small_vehicle,3,161
1580076149748,small_vehicle,5,77
1579876043471,small_vehicle,2,154
1584130474859,large_vehicle,6,123
1574262912534,large_vehicle,0,317
1569125709180,small_vehicle,5,352
1575380772666,large_vehicle,8,63
1581419202862,small_vehicle,0,118
1576535313794,small_vehicle,1,248
1577042082804,large_vehicle,9,260
1569667770966,large_vehicle,8,317
1565162257298,small_vehicle,10,76
1583255901814,small_vehicle,9,55
1585490947553,small_vehicle,7,208
1570794449902,large_vehicle,2,293
