1569938714428,small_vehicle,1,305
1567325804520,large_vehicle,1,266
1573401250117,small_vehicle,4,77
1567622745313,small_vehicle,1,263
1567187981632,small_vehicle,0,237
1567340585062,large_vehicle,6,191
1579811296431,large_vehicle,3,291
1582559753695,small_vehicle,5,247
1585476165684,large_vehicle,4,110
1568485477113,small_vehicle,5,109
1577395041201,large_vehicle,5,210
1582290390883,small_vehicle,5,235
1581346200012,small_vehicle,9,136
1566636601883,small_vehicle,1,251
1565162133173,small_vehicle,10,238
1576015405806,small_vehicle,5,244
1568176219660,small_vehicle,4,331
1571894442666,small_vehicle,0,101
1564834147660,small_vehicle,7,90
1570712027757,large_vehicle,10,201
1566133012370,large_vehicle,4,138
1568739860439,small_vehicle,7,328
1570777102591,large_vehicle,10,280
1585455414930,large_vehicle,4,41
1573417694488,large_vehicle,3,85
1582784045730,large_vehicle,1,150
1579154010176,large_vehicle,6,275
1582726777232,small_vehicle,6,59
1582990915855,large_vehicle,10,129
1571464103062,large_vehicle,5,271
1568725786907,large_vehicle,9,324
1564775026417,small_vehicle,10,140
1570589499148,large_vehicle,7,315
1585741548572,large_vehicle,6,165
1569928370373,large_vehicle,10,9
1582159098231,large_vehicle,5,339
1575856649860,large_vehicle,2,95
1583980012467,small_vehicle,3,111
1567997405278,large_vehicle,8,108
1576903268992,small_vehicle,3,300
1565723966681,large_vehicle,6,214
1572101363431,large_vehicle,5,223
1571476529201,large_vehicle,1,291
1574185749654,small_vehicle,3,135
1576721864046,small_vehicle,2,213
1580453676806,small_vehicle,1,315
1583065180184,large_vehicle,3,346
1579675691801,small_vehicle,2,300
1577365318570,large_vehicle,10,28
1578794657505,small_vehicle,1,315
1575677466893,large_vehicle,9,249
1572133744445,small_vehicle,10,225
1571217554061,small_vehicle,5,359
1575307509139,small_vehicle,6,216
1579102317277,small_vehicle,0,152
1576638149986,small_vehicle,6,170
1578610324354,small_vehicle,10,53
1569629160763,large_vehicle,8,5
1579398004623,small_vehicle,6,24
1579079572718,small_vehicle,8,341
1582256530089,large_vehicle,8,248
1570756024246,small_vehicle,0,274
1569491448009,small_vehicle,9,178
1583979630847,small_vehicle,1,91
1586634541833,large_vehicle,3,151
1586519353202,large_vehicle,10,301
1571796398496,small_vehicle,8,157
1568845469024,large_vehicle,4,168
1578204703873,small_vehicle,5,5
1578661502536,large_vehicle,2,247
1578717111528,large_vehicle,7,135
1584203954676,large_vehicle,1,290
1568988044567,large_vehicle,5,37
1577975521348,small_vehicle,10,136
1572893479991,small_vehicle,4,26
1568764083205,small_vehicle,9,18
1577157357018,small_vehicle,7,115
1585366777867,small_vehicle,1,48
1568476187560,small_vehicle,2,31
1578020588507,large_vehicle,4,200
1574699186369,large_vehicle,10,247
1579463965848,small_vehicle,9,190
1571728561351,small_vehicle,8,297
1575185064689,large_vehicle,9,263
1581276678315,small_vehicle,6,214
1565455867101,small_vehicle,1,313
1570142131027,small_vehicle,9,130
1578261886744,small_vehicle,6,254
1582868925897,large_vehicle,10,341
1565982022531,small_vehicle,3,137
1578558981402,large_vehicle,1,28
1572706102321,small_vehicle,4,299
1585961367103,small_vehicle,5,249
1579790455332,small_vehicle,1,356
1565356933596,large_vehicle,2,135
1569390258083,small_vehicle,1,309
1582804182983,small_vehicle,8,10
1579308220089,small_vehicle,2,130
1583991050427,small_vehicle,3,353
1565702555308,small_vehicle,10,327
1568262310190,small_vehicle,10,335
1577215556565,large_vehicle,5,30
1567588523652,large_vehicle,4,141
1569671380211,small_vehicle,3,146
1575210746224,small_vehicle,4,319
1567542423213,small_vehicle,9,170
1584166863929,large_vehicle,10,7
1568273856210,small_vehicle,5,311
1573409869901,large_vehicle,8,240
1573265098987,large_vehicle,2,106
1572906060982,large_vehicle,6,270
1586534773016,large_vehicle,5,215
1573108262492,large_vehicle,8,143
1567859981042,large_vehicle,3,257
1581714364480,large_vehicle,5,162
1571112088113,large_vehicle,8,222
1573555366017,large_vehicle,10,342
1576728988047,large_vehicle,6,124
1569021739707,large_vehicle,9,88
1581696469558,large_vehicle,0,8
1583770425571,large_vehicle,3,175
1567696624891,small_vehicle,4,120
1567549097033,small_vehicle,5,37
1580824034452,small_vehicle,8,354
1566431982672,large_vehicle,9,228
1573654586644,small_vehicle,8,52
1581732412742,small_vehicle,6,19
1580084570322,small_vehicle,7,204
1576822068731,small_vehicle,8,336
1566784502213,large_vehicle,1,75
1584698023619,small_vehicle,2,144
1572800267732,small_vehicle,8,193
1576628482772,small_vehicle,3,171
1569814867709,large_vehicle,8,175
1565253110201,large_vehicle,6,72
1575791995392,large_vehicle,7,160
1570403156629,small_vehicle,10,241
1572378392904,small_vehicle,4,91
1584097555302,small_vehicle,2,44
1566964029137,large_vehicle,7,85
1570823897859,large_vehicle,2,341
1574038852610,large_vehicle,10,82
1581094409742,small_vehicle,0,251
1566074732334,small_vehicle,3,155
1565121334187,small_vehicle,4,14
1581326220466,large_vehicle,7,276
1584593557146,small_vehicle,7,206
1579356072226,small_vehicle,8,147
1582477585316,large_vehicle,0,283
1566861807338,large_vehicle,2,58
1564782736331,small_vehicle,0,18
1571384972012,large_vehicle,5,334
1567393997367,large_vehicle,1,8
1575530048184,small_vehicle,7,121
1579518256433,large_vehicle,9,145
1575858804651,large_vehicle,7,251
1575012951612,large_vehicle,5,340
1586109268905,large_vehicle,4,267
1565775186903,small_vehicle,0,197
1585892241039,large_vehicle,5,319
1575733275491,large_vehicle,3,64
1570778681497,large_vehicle,8,321
1569483942502,small_vehicle,9,248
1570172451364,large_vehicle,3,103
1584770251875,large_vehicle,1,106
1583640549473,large_vehicle,5,211
1580020381025,small_vehicle,3,16
1577919203708,small_vehicle,4,85
1574037803094,large_vehicle,9,176
1571102457994,small_vehicle,0,211
1576996919571,large_vehicle,4,100
1568747683244,large_vehicle,5,66
1573546340876,large_vehicle,10,49
1581819494474,large_vehicle,3,124
1578732688878,large_vehicle,0,116
1574583075424,large_vehicle,1,18
1569019960202,small_vehicle,1,43
1581134579482,large_vehicle,0,241
1578485315645,small_vehicle,7,102
1579691590125,large_vehicle,9,31
1584779077295,large_vehicle,9,266
1583381192359,small_vehicle,8,78
1582644987515,small_vehicle,6,214
1580919500732,large_vehicle,6,280
1575872518164,small_vehicle,4,92
1579286667284,small_vehicle,3,262
1564700803573,large_vehicle,7,141
1573426870855,small_vehicle,4,0
1585229180144,small_vehicle,3,311
1572101534807,large_vehicle,0,196
1578828975516,small_vehicle,7,114
1566576189092,small_vehicle,9,78
1572236389428,small_vehicle,1,136
1567447304922,large_vehicle,5,8
1576530404570,small_vehicle,2,218
1578078057329,small_vehicle,5,315
1572632971614,large_vehicle,0,68
1580459657656,small_vehicle,2,355
1574861447051,small_vehicle,0,290
1580901256318,small_vehicle,7,283
1570635125792,small_vehicle,6,28
1574910806484,small_vehicle,6,76
1583419038169,small_vehicle,3,117
1573820248284,small_vehicle,4,275
1584173807717,small_vehicle,7,51
1572562493990,large_vehicle,1,257
1581464812945,large_vehicle,6,224
1568887112435,large_vehicle,9,355
1568675593849,large_vehicle,6,55
1580243627134,small_vehicle,0,85
1576888582840,large_vehicle,0,55
1583266481261,large_vehicle,3,175
1569216587732,small_vehicle,8,23
1567443369236,large_vehicle,10,18
1582984057242,small_vehicle,10,330
1577979731017,small_vehicle,5,341
1581953897554,large_vehicle,4,297
1575048046464,small_vehicle,4,79
1582360859723,large_vehicle,4,328
1570098627967,small_vehicle,3,321
1579894923084,large_vehicle,3,310
1570630968755,large_vehicle,8,208
1569863300370,small_vehicle,1,17
1586663867016,small_vehicle,4,36
1565815455906,large_vehicle,1,158
1579728749604,small_vehicle,0,84
1572427975255,large_vehicle,0,193
1578676733711,small_vehicle,8,84
1574263301911,small_vehicle,8,178
1565791552598,small_vehicle,2,5
1567089320570,large_vehicle,4,287
1584175912578,large_vehicle,4,233
1579995685448,large_vehicle,9,162
1565394621647,large_vehicle,7,261
1584922197260,large_vehicle,5,150
1570032172377,large_vehicle,1,206
1574501642641,small_vehicle,7,62
1573247258709,large_vehicle,4,243
1583056852645,small_vehicle,7,107
1579499628230,large_vehicle,4,199
1565403746914,small_vehicle,0,317
1582489882552,large_vehicle,3,234
1573270625140,large_vehicle,0,206
1586629504317,small_vehicle,3,50
1571899583538,small_vehicle,5,328
1585896085053,small_vehicle,0,356
1569177322409,large_vehicle,2,9
1565554234560,large_vehicle,4,57
1580796208094,large_vehicle,10,122
1564968806095,small_vehicle,1,218
1575296737019,large_vehicle,10,67
1567335428212,small_vehicle,4,170
1569932170494,large_vehicle,6,252
1582264270752,small_vehicle,10,25
1575056004990,large_vehicle,8,66
1575669686233,small_vehicle,7,338
1566885424409,small_vehicle,1,122
1573185389250,small_vehicle,6,334
1578587909332,large_vehicle,9,94
1568560329123,small_vehicle,10,39
1581509067334,large_vehicle,4,149
1577193477358,large_vehicle,2,41
1585509867076,large_vehicle,4,218
1580264159507,large_vehicle,0,262
1578438910582,small_vehicle,9,53
1571114189976,large_vehicle,0,242
1575134780809,large_vehicle,2,129
1568149664551,small_vehicle,5,106
1583929104102,large_vehicle,4,116
1567515703097,large_vehicle,6,37
1580014149528,small_vehicle,4,193
1580717172698,small_vehicle,3,268
1575497856648,large_vehicle,3,89
1584116442669,small_vehicle,4,268
1565611421859,large_vehicle,5,306
1569547463733,small_vehicle,9,43
1573369194959,large_vehicle,9,176
1581832331581,large_vehicle,7,345
1575992810736,small_vehicle,4,333
1583629895605,large_vehicle,10,86
1584978204149,small_vehicle,9,141
1579582581239,large_vehicle,1,140
1572110852830,small_vehicle,8,242
1568590145693,large_vehicle,2,223
1586307277539,large_vehicle,0,35
1567381503964,small_vehicle,6,68
1572705362968,large_vehicle,10,301
1583923560960,large_vehicle,6,56
1574209103858,large_vehicle,7,111
1577097100276,small_vehicle,2,314
1570744991437,large_vehicle,7,164
1578850597856,small_vehicle,4,254
1565896798168,small_vehicle,3,129
1565061221021,small_vehicle,3,352
1577441614251,small_vehicle,9,336
1568661742344,small_vehicle,8,64
1569704824760,large_vehicle,3,257
1579889494029,small_vehicle,2,222
1584037055133,large_vehicle,4,232
1586502555979,small_vehicle,6,19
1575305555791,large_vehicle,7,2
1575482662632,small_vehicle,8,199
1572153157557,small_vehicle,5,25
1580850370610,small_vehicle,3,150
1577181607431,small_vehicle,9,152
1570712604524,small_vehicle,8,242
1586481064826,large_vehicle,1,329
1574291600033,small_vehicle,2,2
1568373749723,large_vehicle,0,128
1570523842990,large_vehicle,1,229
1575850374911,large_vehicle,6,48
1584248130210,small_vehicle,2,223
1576314012403,small_vehicle,2,191
1573077776395,large_vehicle,4,29
1564930840458,small_vehicle,8,168
1585245084049,small_vehicle,8,68
1575881470440,large_vehicle,7,140
1573469251170,large_vehicle,5,320
1582752544365,small_vehicle,8,132
1580566309650,small_vehicle,1,234
1585973918797,large_vehicle,4,207
1577664049308,large_vehicle,2,201
1575515025034,large_vehicle,2,37
1565910913061,large_vehicle,0,68
1584183282444,small_vehicle,6,17
1573390710373,small_vehicle,10,43
1579588946522,large_vehicle,4,266
1566612689149,large_vehicle,6,5
1569927454093,small_vehicle,9,157
1572738265875,large_vehicle,1,51
1578313009815,small_vehicle,0,256
1573828407889,small_vehicle,2,328
1574522958866,large_vehicle,3,197
1579447285265,large_vehicle,6,155
1577742533369,large_vehicle,1,218
1584637017448,small_vehicle,0,88
1569241188727,large_vehicle,3,239
1576476379911,large_vehicle,9,132
1571411700784,small_vehicle,3,1
1579897452544,small_vehicle,2,135
1574730668496,large_vehicle,5,77
1574245583482,large_vehicle,8,171
1569677436702,small_vehicle,9,105
1564888613881,small_vehicle,8,191
1572377964740,large_vehicle,9,193
1567520479980,large_vehicle,10,97
1583555447959,large_vehicle,2,93
1569821826436,small_vehicle,2,291
1574964438849,small_vehicle,0,305
1576749068214,large_vehicle,10,272
1570947874533,small_vehicle,9,61
1567043947491,small_vehicle,6,255
1566952927291,small_vehicle,9,150
1584477521528,large_vehicle,7,338
1577980184794,large_vehicle,6,295
1583353964457,large_vehicle,6,58
1583198551955,small_vehicle,3,221
1566285544481,large_vehicle,0,287
1577966846611,small_vehicle,9,274
1568786137103,small_vehicle,6,76
1581022786234,small_vehicle,6,125
1569687507382,small_vehicle,5,243
1579065438649,large_vehicle,5,238
1578249412971,large_vehicle,9,336
1570377255697,small_vehicle,4,115
1584128026443,large_vehicle,1,56
1582899682200,large_vehicle,1,217
1575557672871,large_vehicle,10,311
1576577199886,small_vehicle,2,77
1567652102763,large_vehicle,5,237
1578852249787,large_vehicle,3,351
1582542292962,small_vehicle,8,232
1572841072384,small_vehicle,5,13
1578931366276,large_vehicle,6,192
1571512282932,small_vehicle,7,159
1583608821532,large_vehicle,7,40
1572592047914,large_vehicle,5,174
1574977253371,large_vehicle,3,329
1567710590961,large_vehicle,5,283
1574924529143,small_vehicle,2,254
1566104553915,small_vehicle,4,235
1566805350639,small_vehicle,4,311
1573821553586,large_vehicle,1,195
1572311108481,small_vehicle,2,107
1574138761950,small_vehicle,1,343
1575772194821,large_vehicle,10,68
1568678103453,large_vehicle,7,308
1583310814011,small_vehicle,2,37
1573156214872,small_vehicle,2,291
1576135072120,large_vehicle,2,235
1579263593098,large_vehicle,1,100
1566418075135,small_vehicle,1,29
1571575618882,large_vehicle,4,55
1579080623316,small_vehicle,7,272
1573931465019,small_vehicle,2,37
1577245292550,large_vehicle,0,148
1574496033250,large_vehicle,9,87
1579973312710,large_vehicle,3,279
1583189384330,large_vehicle,1,278
1566216027104,large_vehicle,4,129
1581081490547,large_vehicle,5,226
1584447500831,large_vehicle,6,172
1582668882646,large_vehicle,4,250
1577560696237,small_vehicle,10,236
1575313255590,large_vehicle,5,316
1573835530602,large_vehicle,4,76
1574789673539,small_vehicle,8,38
1567754062152,large_vehicle,5,210
1568969106674,large_vehicle,2,150
1566968939842,small_vehicle,3,181
1571628891943,small_vehicle,3,137
1566488795554,small_vehicle,10,184
1582141045971,small_vehicle,5,291
1577582328693,small_vehicle,3,300
1577988916760,small_vehicle,3,49
1570983688710,large_vehicle,6,18
1568519694791,large_vehicle,10,360
1573086391061,small_vehicle,9,166
1573877767734,large_vehicle,1,348
1576006945468,small_vehicle,5,204
1581883172183,small_vehicle,0,91
1577860621185,small_vehicle,1,105
1585221692668,large_vehicle,2,103
1572159118207,small_vehicle,10,317
1582929716684,large_vehicle,9,2
1566261524859,small_vehicle,10,264
1585212897259,small_vehicle,10,77
1573283968073,small_vehicle,1,228
1581010174469,large_vehicle,9,162
1577855164099,small_vehicle,6,53
1585913253512,large_vehicle,8,109
1573036604094,small_vehicle,5,249
1575203499733,small_vehicle,2,342
1570923320707,large_vehicle,7,181
1584119462422,large_vehicle,4,272
1567333978494,small_vehicle,10,331
1580646195699,large_vehicle,6,259
1565325075103,small_vehicle,8,220
1584956335564,large_vehicle,9,18
1586175011712,large_vehicle,7,353
1568550657945,small_vehicle,1,143
1583360912978,small_vehicle,4,139
1568544001811,large_vehicle,10,58
1571930363619,large_vehicle,4,303
1585920084596,small_vehicle,0,262
1580492160516,small_vehicle,6,150
1586346777186,large_vehicle,8,6
1583077271545,large_vehicle,0,195
1580321535586,small_vehicle,2,97
1583409778118,large_vehicle,6,19
1564797475445,large_vehicle,2,216
1579513452565,small_vehicle,4,157
1575458257654,small_vehicle,0,106
1576573884075,small_vehicle,6,275
1581477774943,small_vehicle,3,307
1568059933684,large_vehicle,10,61
1575807794769,large_vehicle,5,278
1577886334703,large_vehicle,1,158
1585976765657,large_vehicle,2,48
1576207896076,large_vehicle,1,260
1576606005348,large_vehicle,4,248
1584472353218,large_vehicle,4,3
1576967683288,small_vehicle,9,47
1586193820172,small_vehicle,4,120
1579034534353,small_vehicle,1,178
1583537526516,large_vehicle,8,319
1579762797114,small_vehicle,0,42
1581705124935,large_vehicle,5,351
1582375834526,large_vehicle,2,5
1582396253611,large_vehicle,7,291
1585566383697,small_vehicle,5,226
1565167668728,large_vehicle,10,303
1567633581322,small_vehicle,1,53
1575795611008,small_vehicle,0,157
1582954005169,large_vehicle,5,133
1581536380670,small_vehicle,7,236
1571824174695,small_vehicle,3,12
1577058065114,small_vehicle,8,184
1578964231445,large_vehicle,8,351
1571638600563,large_vehicle,6,77
1567499725099,large_vehicle,10,51
1584397126456,small_vehicle,3,207
1568217933156,small_vehicle,7,113
1575658976294,small_vehicle,7,131
1585220344868,small_vehicle,10,37
1581357503197,small_vehicle,1,192
1571643065789,large_vehicle,5,349
1565954522379,small_vehicle,10,273
1580535303991,large_vehicle,2,176
1583808914884,small_vehicle,7,50
1580758766517,small_vehicle,9,330
1570879043157,large_vehicle,10,248
1566346538692,small_vehicle,7,160
1574024439904,large_vehicle,7,66
1566574760669,small_vehicle,6,231
1580475450077,small_vehicle,10,307
1576232793033,large_vehicle,6,224
1566768199825,small_vehicle,3,251
1573583723104,small_vehicle,4,92
1569122126065,small_vehicle,2,263
1579697454420,large_vehicle,0,289
1571254708658,large_vehicle,7,248
1566840684249,large_vehicle,9,75
1581184021210,large_vehicle,3,181
1569902166093,large_vehicle,4,298
1570709158507,large_vehicle,5,12
1582650344430,small_vehicle,5,319
1576409885176,large_vehicle,3,53
1569282762940,large_vehicle,10,87
1585756863907,large_vehicle,8,343
1571967226127,large_vehicle,4,202
1571141739149,small_vehicle,8,356
1583541223283,large_vehicle,7,17
1566199866111,small_vehicle,6,239
1572529857675,large_vehicle,10,61
1565726248982,small_vehicle,2,221
1575650353084,small_vehicle,1,261
1586161860392,large_vehicle,6,48
1567961551898,small_vehicle,9,287
1585423243052,large_vehicle,10,324
1578633150448,small_vehicle,0,33
1565505158201,large_vehicle,1,123
1580151664808,small_vehicle,5,38
1586314099182,large_vehicle,10,117
1577949364443,large_vehicle,3,326
1581594644570,small_vehicle,4,300
1579128690989,small_vehicle,8,212
1571865707465,small_vehicle,7,82
1567298544702,small_vehicle,9,252
1575488178484,large_vehicle,0,284
1576169498889,large_vehicle,0,355
1578874687970,large_vehicle,2,63
1576890181371,large_vehicle,3,260
1573031287007,small_vehicle,8,165
1564681816069,small_vehicle,5,105
1568307578246,large_vehicle,6,213
1584774065338,small_vehicle,1,241
1583600503154,small_vehicle,9,324
1571105122673,large_vehicle,3,332
1566396109187,small_vehicle,5,224
1578702924483,large_vehicle,10,11
1569889940283,large_vehicle,2,36
1580538436717,small_vehicle,4,40
1568707252741,small_vehicle,10,192
1572697370924,large_vehicle,9,269
1569100784309,large_vehicle,3,132
1581586645829,large_vehicle,2,51
1583130422649,large_vehicle,5,243
1582955646377,large_vehicle,4,6
1578285319100,small_vehicle,5,252
1578519628290,large_vehicle,9,326
1582023315163,small_vehicle,9,257
1577991244923,large_vehicle,8,137
1582574174681,large_vehicle,8,112
1581590559451,large_vehicle,10,207
1570773056259,small_vehicle,0,317
1571928331542,small_vehicle,5,350
1583152929000,large_vehicle,3,313
1565323988452,large_vehicle,0,189
1582542656777,large_vehicle,0,80
1566526341569,small_vehicle,0,167
1575092055029,large_vehicle,0,264
1572801685562,large_vehicle,2,234
1566945285301,large_vehicle,7,297
1585204772807,large_vehicle,7,135
1568814377844,large_vehicle,5,117
1572061540776,small_vehicle,7,197
1577572271763,large_vehicle,3,243
1571351651122,small_vehicle,4,300
1568328096796,small_vehicle,6,138
1585448309654,small_vehicle,3,104
1577459189592,small_vehicle,8,65
1585269154838,large_vehicle,1,358
1569317191434,small_vehicle,8,109
1564749309162,small_vehicle,0,343
1586428287344,large_vehicle,10,246
1570991121245,large_vehicle,1,358
1568384757363,large_vehicle,8,282
1583122410509,large_vehicle,4,69
1570259704282,large_vehicle,7,155
1585595206284,small_vehicle,4,84
1573190311678,large_vehicle,6,63
1576443122614,small_vehicle,5,240
1575590406956,small_vehicle,1,178
1580529031219,large_vehicle,0,0
1582337297021,large_vehicle,10,136
1582713728877,small_vehicle,1,311
1569469421231,large_vehicle,2,4
1581272162863,small_vehicle,8,130
1578365048373,large_vehicle,9,17
1574595924881,large_vehicle,3,14
1574689408055,small_vehicle,4,212
1564671446105,large_vehicle,4,206
1572019299815,small_vehicle,0,239
1568250349595,small_vehicle,6,220
1571918695533,large_vehicle,5,131
1566388685829,large_vehicle,5,48
1570139748240,large_vehicle,8,146
1578812128327,small_vehicle,10,356
1572724428200,small_vehicle,1,19
1567057203347,small_vehicle,5,294
1586046730728,small_vehicle,0,23
1582992990558,large_vehicle,4,194
1565237391566,large_vehicle,0,176
1575252025715,large_vehicle,7,182
1583807254301,small_vehicle,6,160
1581586683216,large_vehicle,8,292
1584309552750,large_vehicle,4,39
1580352318383,small_vehicle,4,42
1576533836984,small_vehicle,3,235
1577367201457,large_vehicle,8,221
1570029702687,small_vehicle,2,227
1582417892636,small_vehicle,5,258
1584162625080,small_vehicle,9,290
1571143721555,large_vehicle,9,233
1579210537041,large_vehicle,5,25
1573877777672,small_vehicle,5,121
1585064320138,large_vehicle,8,173
1567067564345,small_vehicle,2,325
1581407976217,small_vehicle,5,214
1568988675573,small_vehicle,3,23
1577782573705,large_vehicle,5,129
1576610121336,small_vehicle,1,139
1568129888832,small_vehicle,2,263
1581002879675,small_vehicle,9,158
1579550743666,small_vehicle,1,231
1570902633790,large_vehicle,0,156
1584337090435,small_vehicle,6,210
1569274685493,large_vehicle,6,13
1576871038633,small_vehicle,1,83
1574141544511,small_vehicle,10,71
1583582632850,small_vehicle,1,19
1585749400304,small_vehicle,2,20
1580237407086,small_vehicle,0,132
1570874282144,large_vehicle,0,220
1571808228047,small_vehicle,5,247
1570824521324,small_vehicle,3,149
1569873047687,large_vehicle,2,224
1582074751223,small_vehicle,9,240
1576313222401,large_vehicle,0,307
1577456337886,small_vehicle,2,5
1570156558945,large_vehicle,9,128
1580312559156,large_vehicle,3,10
1571907514657,large_vehicle,2,238
1569451634902,small_vehicle,1,158
1571750346087,large_vehicle,7,240
1566852475611,small_vehicle,9,154
1580762473059,large_vehicle,6,91
1571782276583,small_vehicle,4,183
1582845125650,large_vehicle,7,174
1582731836668,large_vehicle,9,26
1581631705249,large_vehicle,2,41
1582165602596,large_vehicle,1,312
1577362736965,small_vehicle,3,288
1574351707007,small_vehicle,4,24
1585317598388,small_vehicle,10,229
1571713653850,large_vehicle,5,205
1569177257277,large_vehicle,0,288
1578610776591,small_vehicle,9,166
1569745142912,large_vehicle,7,168
1565739393421,small_vehicle,3,119
1584576568403,small_vehicle,10,27
1570525158160,large_vehicle,5,324
1582942511810,small_vehicle,1,308
1579654704284,small_vehicle,6,130
1565469333236,large_vehicle,9,149
1575209483582,large_vehicle,4,147
1573108242627,large_vehicle,10,175
1585144760790,large_vehicle,3,37
1566218528611,large_vehicle,3,40
1571125639488,large_vehicle,10,106
1569665662235,large_vehicle,8,178
1577825457940,large_vehicle,6,270
1586229292879,large_vehicle,2,52
1581738148592,small_vehicle,2,73
1581372473235,large_vehicle,10,334
1575549066909,small_vehicle,10,325
1585841783086,large_vehicle,7,18
1582828662049,large_vehicle,9,9
1579892736895,large_vehicle,6,17
1583769254242,large_vehicle,2,76
1584029764206,large_vehicle,5,140
1582356556895,small_vehicle,2,264
1573176941234,large_vehicle,1,200
1585488019131,large_vehicle,4,21
1571369014130,small_vehicle,8,138
1575544891435,small_vehicle,0,325
1586310976032,large_vehicle,10,353
1575768706799,large_vehicle,9,205
1568811985335,large_vehicle,7,46
1568036279069,large_vehicle,4,198
1573276258314,small_vehicle,10,320
1568922099130,large_vehicle,10,49
1572896916724,small_vehicle,7,29
1576325845924,large_vehicle,3,261
1569367552740,large_vehicle,0,122
1565414159749,large_vehicle,2,351
1583704129283,large_vehicle,5,313
1582885556878,small_vehicle,3,219
1576968542086,small_vehicle,8,138
1569404588554,small_vehicle,9,274
1584122930560,small_vehicle,0,18
1578695912565,small_vehicle,7,304
1567529841796,small_vehicle,6,72
1568908907547,large_vehicle,3,261
1584196052375,small_vehicle,10,126
1581638507858,large_vehicle,5,265
1567465097820,large_vehicle,8,84
1585781443386,large_vehicle,5,166
1574675566885,large_vehicle,6,204
1566692065346,small_vehicle,3,305
1581597600065,small_vehicle,7,331
1576247747657,large_vehicle,3,327
1580436548038,small_vehicle,4,277
1566799586789,small_vehicle,9,227
1576162344133,large_vehicle,0,193
1573796510062,small_vehicle,10,11
1575273176445,large_vehicle,10,99
1575628489059,small_vehicle,4,94
1584243333110,large_vehicle,1,337
1574305764906,large_vehicle,9,338
1571669818225,small_vehicle,9,224
1582726321940,large_vehicle,0,324
1565647641178,small_vehicle,2,162
1576723909238,large_vehicle,5,237
1569178855466,large_vehicle,6,246
1584462579288,large_vehicle,0,88
1577570822108,large_vehicle,10,45
1576123912568,small_vehicle,2,18
1575363116331,large_vehicle,0,58
1586612507823,large_vehicle,10,253
1573458558226,large_vehicle,1,57
1584895424608,small_vehicle,2,254
1574367276443,small_vehicle,10,281
1585364138931,small_vehicle,0,87
1585159571392,large_vehicle,10,253
1566890082320,small_vehicle,2,138
1577851630381,small_vehicle,8,325
1571850066161,small_vehicle,6,315
1570353638743,small_vehicle,5,271
1580984521619,large_vehicle,6,86
1564898221887,large_vehicle,9,287
1579668766140,small_vehicle,9,58
1584950356601,small_vehicle,1,56
1565724962924,small_vehicle,3,350
1565272458793,large_vehicle,5,106
1582222699319,small_vehicle,0,148
1570631676431,small_vehicle,4,314
1570382435438,large_vehicle,9,151
1582325233731,large_vehicle,2,326
1582585066417,small_vehicle,10,221
1574828295374,large_vehicle,1,169
1582366598662,large_vehicle,2,293
1582743897605,small_vehicle,3,116
1578077993509,small_vehicle,7,174
1569671643646,small_vehicle,6,237
1565877127992,large_vehicle,1,75
1572260354654,small_vehicle,2,210
1577963826899,large_vehicle,8,20
1566051693726,small_vehicle,0,31
1580746972171,large_vehicle,6,244
1585816449587,large_vehicle,0,222
1585527358938,large_vehicle,2,293
1567599435259,large_vehicle,2,290
1572630733614,large_vehicle,7,324
1579946744219,small_vehicle,9,298
1566295958402,large_vehicle,1,45
1585750835830,large_vehicle,7,248
1567184305031,small_vehicle,5,261
1571218132912,large_vehicle,1,261
1569804644691,small_vehicle,8,354
1572095908000,small_vehicle,8,253
1585561315426,large_vehicle,8,170
1579029571831,small_vehicle,6,234
1570935522999,small_vehicle,1,308
1568306020192,small_vehicle,2,5
1569036343235,large_vehicle,6,254
1566141326933,large_vehicle,4,204
1575489880034,large_vehicle,0,129
1578217772787,large_vehicle,6,322
1576196068145,large_vehicle,7,222
1586471004658,large_vehicle,9,69
1582176726700,small_vehicle,4,223
1579043462532,small_vehicle,4,289
1568132001504,small_vehicle,4,43
1567542117109,small_vehicle,6,95
1585242804789,small_vehicle,7,287
1585320444564,large_vehicle,8,215
1574084160049,large_vehicle,3,168
1586404526469,large_vehicle,1,335
1580917548077,small_vehicle,2,189
1568918670684,large_vehicle,2,285
1575372802609,small_vehicle,5,10
1583903251907,small_vehicle,7,116
1585375689557,large_vehicle,1,87
1570708604624,small_vehicle,8,104
1571681763025,small_vehicle,6,65
1585886476137,large_vehicle,1,313
1579979852914,large_vehicle,2,104
1569896293612,small_vehicle,7,351
1567812249394,large_vehicle,2,46
1574644154301,small_vehicle,8,58
1583111275601,large_vehicle,5,71
1574636292595,large_vehicle,9,250
1568228860468,small_vehicle,4,166
1572078777777,small_vehicle,9,98
1570389051882,large_vehicle,10,60
1574195262620,large_vehicle,9,124
1575561341981,small_vehicle,8,234
1567279726502,large_vehicle,6,200
1573117656747,small_vehicle,6,76
1582305038233,large_vehicle,0,243
1566242709307,large_vehicle,1,21
1577556872713,large_vehicle,1,309
1564811310941,large_vehicle,8,311
1585570324412,small_vehicle,6,3
1585737834651,small_vehicle,2,61
1572075330916,small_vehicle,0,23
1571636207432,small_vehicle,1,83
1566651114455,small_vehicle,5,77
1583210865016,small_vehicle,3,305
1572951177199,large_vehicle,9,325
1585791145370,small_vehicle,2,105
1571417659149,large_vehicle,2,26
1568795036815,small_vehicle,5,115
1586117912454,large_vehicle,1,283
1569215552216,small_vehicle,9,300
1582305654961,large_vehicle,10,293
1565684500736,small_vehicle,5,109
1570666624714,small_vehicle,10,186
1565753963464,small_vehicle,1,56
1576951501860,large_vehicle,0,98
1569520937750,small_vehicle,5,181
1573962492922,large_vehicle,6,98
1579668632291,large_vehicle,10,187
1582905506130,large_vehicle,5,347
1576781324590,large_vehicle,4,28
1568071889528,small_vehicle,8,156
1568257808620,large_vehicle,0,7
1564805203055,small_vehicle,2,149
1575010086670,large_vehicle,5,261
1578527771677,small_vehicle,3,153
1569954560283,large_vehicle,9,154
1575809174423,large_vehicle,7,335
1579954252563,small_vehicle,10,5
1569734499492,small_vehicle,10,134
1585787420060,large_vehicle,7,190
1572864192663,large_vehicle,2,3
1566120312309,large_vehicle,9,289
1582054134594,large_vehicle,8,0
1576032339460,large_vehicle,3,233
1574077374752,large_vehicle,4,293
1574003005159,large_vehicle,5,171
1566554325531,large_vehicle,4,233
1575687368066,small_vehicle,9,24
1578702620362,small_vehicle,6,360
1573584157341,large_vehicle,4,220
1575496954772,large_vehicle,3,168
1584301212808,large_vehicle,5,79
1573204699574,large_vehicle,1,41
1571184679387,small_vehicle,5,198
1581605508964,small_vehicle,6,231
1578697118814,large_vehicle,3,281
1578510566489,small_vehicle,2,16
1574499556576,large_vehicle,2,225
1576270384456,large_vehicle,2,52
1582684084747,small_vehicle,0,92
1566205932607,small_vehicle,5,349
1584463065063,large_vehicle,2,243
1577511957757,large_vehicle,3,264
1571797455814,large_vehicle,6,133
1572143904761,large_vehicle,8,149
1578106556364,large_vehicle,8,300
1578830555454,large_vehicle,6,219
1566672813852,large_vehicle,8,230
1573856465466,large_vehicle,6,194
1576876004260,small_vehicle,2,220
1569869542351,large_vehicle,3,178
1579507768673,large_vehicle,1,74
1586234106954,small_vehicle,9,79
1581211549367,small_vehicle,0,173
1581950980334,large_vehicle,6,149
1575458278268,small_vehicle,1,261
1567863194207,small_vehicle,2,145
1575971420839,small_vehicle,1,10
1585411642251,large_vehicle,2,312
1577341412970,small_vehicle,1,9
1582998094278,small_vehicle,6,119
1585005907032,large_vehicle,5,287
1577267689658,small_vehicle,4,148
1580230078802,small_vehicle,4,246
1576445282173,large_vehicle,6,226
1582798752186,small_vehicle,2,117
1571867713164,small_vehicle,0,168
1583080569489,small_vehicle,8,210
1579466645829,small_vehicle,4,312
1569612373447,small_vehicle,10,295
1574573022226,small_vehicle,6,211
1581152929362,small_vehicle,10,252
1573034779433,small_vehicle,4,97
1571962537541,large_vehicle,5,279
1584941068699,small_vehicle,10,251
1580722980542,large_vehicle,2,42
1575765949959,large_vehicle,9,171
1581379006209,large_vehicle,9,79
1576010354416,small_vehicle,8,320
1566724323867,large_vehicle,1,193
1585374649747,large_vehicle,7,297
1568355320342,large_vehicle,9,314
1564814927857,small_vehicle,9,314
1586237650543,large_vehicle,9,116
1573615651897,small_vehicle,4,221
1565160348043,small_vehicle,3,198
1578243692278,small_vehicle,5,234
1585656679320,small_vehicle,10,103
1575122079432,small_vehicle,6,313
1577579229737,small_vehicle,2,287
1583117050121,small_vehicle,1,42
1576633085333,small_vehicle,5,347
1568791269594,large_vehicle,8,77
1579891400378,small_vehicle,8,150
1583287804758,large_vehicle,8,75
1572003298954,large_vehicle,3,136
1566181269188,small_vehicle,9,343
1574690179082,small_vehicle,6,40
1571740778771,small_vehicle,10,71
1573276984550,large_vehicle,10,335
1583940355172,small_vehicle,3,122
1568056533268,small_vehicle,2,160
1567517230162,large_vehicle,1,202
1583669846135,large_vehicle,0,231
1568315743944,small_vehicle,9,35
1577991575468,small_vehicle,2,227
1581360160496,large_vehicle,4,235
1581017742116,small_vehicle,9,184
1586366626008,large_vehicle,2,244
1567566832653,small_vehicle,10,213
1564819094660,large_vehicle,10,95
1586592340056,large_vehicle,7,226
1579119247112,small_vehicle,10,179
1583540591540,large_vehicle,2,247
1583344099818,small_vehicle,1,221
1586722731918,large_vehicle,0,349
1568584995713,small_vehicle,1,105
1582269728335,small_vehicle,3,250
1581555484003,large_vehicle,9,208
1573195424098,small_vehicle,9,12
1584136330711,small_vehicle,5,57
1582012884253,large_vehicle,0,334
1574214190176,large_vehicle,7,19
1565781889057,small_vehicle,9,116
1568006468755,small_vehicle,5,221
1564715032935,large_vehicle,3,312
1571621903787,small_vehicle,10,97
1567872716184,small_vehicle,1,175
1583219269177,small_vehicle,8,155
1572752936754,small_vehicle,4,73
1584486178496,small_vehicle,10,265
1580117680324,large_vehicle,3,255
1569723517407,small_vehicle,7,68
1572487640440,large_vehicle,3,2
1567535667835,small_vehicle,2,67
1573516447167,small_vehicle,0,64
1585829564257,large_vehicle,7,250
1583201892683,large_vehicle,9,176
1573729530882,small_vehicle,4,311
1568264246634,large_vehicle,4,12
1581699323255,large_vehicle,0,14
1570201784933,large_vehicle,1,39
1583180643573,small_vehicle,2,56
1573684305663,large_vehicle,1,221
1575882541382,large_vehicle,0,208
1573920860408,large_vehicle,2,70
1567661543220,large_vehicle,7,72
1580826142505,small_vehicle,6,291
1572587836616,large_vehicle,5,162
1568596848989,large_vehicle,2,166
1583494506325,large_vehicle,2,236
1581183866853,small_vehicle,5,327
1576153952374,large_vehicle,0,146
1569502477617,small_vehicle,7,346
1573597950628,large_vehicle,3,284
1581759636176,large_vehicle,2,173
1578746855751,small_vehicle,2,224
1576329625507,large_vehicle,1,82
1565035915644,large_vehicle,4,357
1580601211510,small_vehicle,1,61
1583983172847,large_vehicle,3,190
1585748276940,large_vehicle,5,232
1586271523507,large_vehicle,2,69
1565739771202,large_vehicle,7,114
1582217972737,small_vehicle,9,66
1585060556113,large_vehicle,1,32
1582519781260,large_vehicle,3,245
1585871396904,small_vehicle,8,262
1576250481750,large_vehicle,2,164
1571048538780,small_vehicle,3,304
1573763841303,large_vehicle,2,14
1572689286290,small_vehicle,0,145
1569102434859,small_vehicle,7,242
