1584027641821,small_vehicle,10,199
1575588300530,small_vehicle,7,303
1571727196347,small_vehicle,10,219
1581250367338,small_vehicle,7,99
1566936336634,small_vehicle,8,222
1580681439365,small_vehicle,1,292
1580459597101,large_vehicle,1,244
1584417062737,small_vehicle,0,253
1577159926502,large_vehicle,10,172
1570321975435,small_vehicle,1,52
1567836718647,large_vehicle,3,50
1586662765639,large_vehicle,8,277
1580190357328,large_vehicle,1,267
1575786535042,small_vehicle,2,292
1586343054003,large_vehicle,4,253
1578529077960,small_vehicle,10,39
1579497271368,large_vehicle,1,276
1583518318501,small_vehicle,6,114
1566349422511,large_vehicle,8,132
1577052666787,small_vehicle,3,172
1564935970516,small_vehicle,4,186
1584440732927,small_vehicle,4,348
1573322800740,small_vehicle,3,125
1578432172338,small_vehicle,7,68
1574122606810,small_vehicle,1,231
1585894815929,small_vehicle,0,323
1583425614151,large_vehicle,8,306
1579583676399,small_vehicle,10,260
1577312007046,large_vehicle,5,282
1571456017497,large_vehicle,5,141
1566986595808,large_vehicle,8,278
1577611261438,small_vehicle,2,196
1573435163039,small_vehicle,3,177
1580536164731,large_vehicle,7,74
1583734013299,large_vehicle,3,326
1571283269904,large_vehicle,6,88
1582185659616,small_vehicle,8,318
1576406526961,large_vehicle,4,132
1568837029678,large_vehicle,6,121
1582809268155,small_vehicle,8,56
1576387637552,large_vehicle,7,107
1575633844552,small_vehicle,7,63
1577644338196,small_vehicle,8,53
1577504780431,small_vehicle,2,218
1575901483212,large_vehicle,3,342
1564976601136,small_vehicle,6,144
1578083558163,small_vehicle,8,177
1577595116473,large_vehicle,5,296
1583319853922,small_vehicle,6,295
1581670981832,small_vehicle,10,220
1567155972728,small_vehicle,0,300
1565094334463,large_vehicle,9,359
1569638484886,large_vehicle,4,234
1577727339871,small_vehicle,0,313
1574786237449,large_vehicle,10,252
1579777917980,large_vehicle,10,198
1569492686375,large_vehicle,1,87
1580253210002,large_vehicle,5,146
1571832451746,small_vehicle,7,355
1577727101851,large_vehicle,9,344
1564821040741,small_vehicle,8,212
1572965318272,large_vehicle,2,59
1584016071801,small_vehicle,10,197
1571543878894,large_vehicle,1,137
1572059410365,large_vehicle,5,328
1578094223993,small_vehicle,6,19
1578533079727,large_vehicle,9,233
1569535427622,large_vehicle,4,15
1571106607263,small_vehicle,1,359
1571789430062,large_vehicle,8,9
1567104331044,small_vehicle,3,121
1584929582189,small_vehicle,5,116
1571496303629,large_vehicle,9,208
1570116674006,small_vehicle,4,99
1583901779811,large_vehicle,1,109
1573948344058,small_vehicle,7,5
1584869952622,small_vehicle,10,10
1582603581104,large_vehicle,0,231
1567000880858,small_vehicle,1,252
1566010019102,small_vehicle,7,94
1585174636831,small_vehicle,4,172
1582131995697,large_vehicle,0,349
1571834111305,small_vehicle,8,298
1567213325292,large_vehicle,7,5
1567325257973,large_vehicle,7,97
1567449706821,small_vehicle,4,229
1578343162092,large_vehicle,3,20
1575392721574,large_vehicle,0,147
1569383053928,small_vehicle,9,211
1566008108276,small_vehicle,4,129
1570016332488,small_vehicle,8,300
1585098323767,small_vehicle,8,351
1582289237232,small_vehicle,7,229
1568608667940,small_vehicle,0,140
1568055208218,small_vehicle,1,27
1584158510938,large_vehicle,3,332
1571537513089,large_vehicle,6,1
1583375965341,large_vehicle,8,164
1581204635449,large_vehicle,10,230
1569155838290,small_vehicle,3,56
1569470765898,large_vehicle,0,107
1572504961714,small_vehicle,3,67
1578105308455,large_vehicle,1,264
1566478250788,small_vehicle,7,165
1570238099073,small_vehicle,7,329
1582152344883,small_vehicle,6,217
1568617051110,large_vehicle,1,129
1569339717460,large_vehicle,4,268
1567540011997,small_vehicle,2,14
1570261868355,small_vehicle,5,221
1577777721488,small_vehicle,6,243
1578814304194,large_vehicle,1,73
1578189722250,large_vehicle,9,184
1582397785963,large_vehicle,6,347
1575901782752,small_vehicle,1,283
1577644107248,large_vehicle,1,342
1574335928498,large_vehicle,0,93
1579135739844,small_vehicle,7,13
1583697201402,small_vehicle,9,119
1578732916260,large_vehicle,0,316
1585945188941,large_vehicle,0,138
1585514358623,large_vehicle,6,164
1567319566134,large_vehicle,0,301
1577149213673,small_vehicle,9,332
1567331949794,small_vehicle,6,271
1582829786987,small_vehicle,10,239
1569348376221,small_vehicle,8,278
1569441245627,large_vehicle,8,19
1566589899633,large_vehicle,10,340
1584955382617,large_vehicle,4,14
1578970274898,small_vehicle,10,135
1577421889424,large_vehicle,8,225
1584924397110,small_vehicle,4,355
1567512432835,small_vehicle,9,84
1570312751788,large_vehicle,3,9
1574786494355,small_vehicle,3,220
1572006871666,small_vehicle,4,140
1570536015049,large_vehicle,10,242
1565344492407,large_vehicle,5,308
1576334958081,small_vehicle,5,2
1569623590572,large_vehicle,6,93
1584125269820,small_vehicle,5,51
1573714373494,small_vehicle,1,167
1564700969083,small_vehicle,2,135
1574366525271,small_vehicle,5,64
1584156168220,small_vehicle,3,316
1570868235858,small_vehicle,6,83
1568581983476,large_vehicle,10,54
1586590084116,large_vehicle,10,129
1579935970267,small_vehicle,3,318
1570090607443,large_vehicle,9,82
1570888691627,large_vehicle,4,56
1581847793434,small_vehicle,5,330
1566941940988,large_vehicle,5,306
1567793536229,large_vehicle,0,336
1575975697911,large_vehicle,7,45
1578440048652,small_vehicle,2,242
1567612957501,large_vehicle,6,345
1576101179837,small_vehicle,7,179
1577932748039,large_vehicle,8,127
1567346536135,small_vehicle,0,41
1583268790409,small_vehicle,6,88
1583773986161,large_vehicle,1,86
1566940172309,small_vehicle,6,50
1571903593438,large_vehicle,3,340
1577795654049,large_vehicle,3,323
1571058707976,large_vehicle,1,52
1579007622762,large_vehicle,2,124
1586056973061,large_vehicle,10,238
1569289514671,small_vehicle,2,158
1583549715448,small_vehicle,3,128
1568799186649,large_vehicle,1,121
1573940962200,large_vehicle,1,109
1568935921075,large_vehicle,0,17
1582538871662,large_vehicle,7,324
1568365286416,small_vehicle,1,43
1569062113312,large_vehicle,2,191
1578087828382,large_vehicle,8,236
1565716007077,large_vehicle,2,316
1578354356965,large_vehicle,2,185
1568875120905,small_vehicle,9,327
1575689062913,large_vehicle,10,139
1581273293214,large_vehicle,8,124
1572758838709,large_vehicle,6,16
1583131968081,small_vehicle,3,325
1580148878834,small_vehicle,9,120
1577751228005,large_vehicle,8,219
1584497014218,small_vehicle,6,133
1583742100085,large_vehicle,3,338
1575713381452,large_vehicle,0,24
1571433445677,large_vehicle,9,119
1568716767068,small_vehicle,8,332
1585737989042,large_vehicle,5,236
1580615664197,small_vehicle,4,325
1579297071197,small_vehicle,10,165
1569129021063,small_vehicle,0,206
1573009622181,large_vehicle,0,226
1578634971491,large_vehicle,7,95
1581650956294,small_vehicle,2,137
1585926992770,large_vehicle,4,194
1584596348681,small_vehicle,5,283
1570142554051,large_vehicle,7,248
1571129693652,small_vehicle,6,62
1582193053344,small_vehicle,4,25
1575252428129,large_vehicle,9,232
1585202107634,large_vehicle,8,71
1575832296296,large_vehicle,9,97
1569746474196,large_vehicle,8,280
1570036259703,small_vehicle,4,342
1567728501498,large_vehicle,10,85
1576406335420,large_vehicle,4,217
1565045718495,large_vehicle,5,353
1577628985644,large_vehicle,2,264
1572973923221,small_vehicle,1,48
1576651627545,large_vehicle,0,251
1579295305179,small_vehicle,9,79
1582922351451,large_vehicle,1,34
1581513514427,large_vehicle,10,94
1582472168254,small_vehicle,5,84
1574207864939,large_vehicle,8,229
1582581494123,small_vehicle,1,165
1579231732438,large_vehicle,1,42
1575054910520,small_vehicle,8,100
1574471179136,small_vehicle,0,292
1581284489400,small_vehicle,3,117
1581635179831,small_vehicle,0,178
1570684821748,small_vehicle,10,197
1566751317272,small_vehicle,3,124
1574837399689,small_vehicle,8,252
1580058590529,small_vehicle,7,168
1576836070916,small_vehicle,9,87
1574332107236,small_vehicle,6,118
1582797207541,large_vehicle,8,276
1566732459851,small_vehicle,10,58
1570112965972,large_vehicle,7,34
1566988438589,large_vehicle,7,264
1584994477746,small_vehicle,0,135
1576490397526,large_vehicle,7,325
1579843996367,small_vehicle,6,180
1574083554514,large_vehicle,5,273
1566483263449,large_vehicle,7,337
1575536367119,large_vehicle,4,51
1581228200390,large_vehicle,2,234
1564680964254,small_vehicle,2,111
1569481870716,large_vehicle,3,240
1568529467180,small_vehicle,8,81
1584709818777,small_vehicle,9,10
1586079837568,small_vehicle,4,53
1579567368935,small_vehicle,4,29
1573635909440,large_vehicle,7,40
1576508341345,small_vehicle,1,72
1575272827687,small_vehicle,8,316
1577091294758,small_vehicle,2,38
1577951555627,small_vehicle,10,158
1571872376782,large_vehicle,8,275
1569968333787,large_vehicle,1,171
1571665892228,large_vehicle,3,161
1566944549354,large_vehicle,1,62
1579699694056,small_vehicle,5,271
1578858334793,small_vehicle,4,331
1581645663244,small_vehicle,9,330
1577716085484,small_vehicle,4,114
1575681017557,small_vehicle,3,79
1582978785187,large_vehicle,9,280
1577383923237,small_vehicle,1,153
1578585251889,large_vehicle,6,218
1567303130287,small_vehicle,6,53
1574676203613,small_vehicle,1,157
1572266533647,small_vehicle,6,259
1580902240330,large_vehicle,2,322
1570786737259,small_vehicle,5,338
1578539536889,large_vehicle,10,170
1575437834869,large_vehicle,2,115
1569278960822,small_vehicle,3,143
1577121631048,large_vehicle,0,76
1568990615786,large_vehicle,4,47
1585489242399,small_vehicle,10,88
1582514217526,small_vehicle,7,281
1572058892611,small_vehicle,2,223
1566745270102,small_vehicle,6,358
1573061370016,small_vehicle,5,128
1585622630639,large_vehicle,1,222
1566282389530,small_vehicle,7,104
1579655325906,small_vehicle,0,330
1582527203760,small_vehicle,7,332
1583733690825,large_vehicle,4,94
1583175617962,large_vehicle,2,342
1570115505876,large_vehicle,5,201
1566669533482,small_vehicle,8,216
1567529232579,large_vehicle,8,27
1579359097529,small_vehicle,2,171
1579308705727,large_vehicle,1,346
1584643054025,small_vehicle,7,233
1569133761732,small_vehicle,9,231
1585038275598,large_vehicle,0,51
1579763973120,large_vehicle,1,181
1568293292102,large_vehicle,7,92
1581264233721,small_vehicle,4,320
1570136148948,small_vehicle,6,240
1569217280997,large_vehicle,8,201
1566076636407,large_vehicle,3,202
1580390326642,small_vehicle,10,197
1576055805097,large_vehicle,7,315
1572647411317,small_vehicle,3,16
1571521468913,large_vehicle,3,317
1585045412643,large_vehicle,0,353
1576839957301,large_vehicle,8,249
1580216157554,small_vehicle,9,348
1583589552864,large_vehicle,7,84
1565725377026,small_vehicle,3,182
1586671474665,large_vehicle,5,241
1584042653820,large_vehicle,7,234
1578292226034,large_vehicle,5,44
1577130282017,large_vehicle,10,178
1568988512966,large_vehicle,8,235
1574084584405,small_vehicle,10,32
1577827760556,large_vehicle,8,215
1580967436653,small_vehicle,2,148
1584078591634,small_vehicle,5,34
1570867713811,small_vehicle,5,85
1577466894076,large_vehicle,3,69
1581408128617,large_vehicle,9,269
1577273281101,large_vehicle,2,296
1581911852662,small_vehicle,2,314
1582451426308,small_vehicle,5,96
1578545482715,small_vehicle,3,73
1576822341769,small_vehicle,5,232
1564966065036,small_vehicle,5,275
1581932474539,large_vehicle,0,63
1566151778013,large_vehicle,8,326
1566585789587,large_vehicle,9,0
1575315288843,small_vehicle,10,327
1583204893117,small_vehicle,2,34
1576379277508,large_vehicle,1,345
1579572178121,large_vehicle,4,249
1570104655357,large_vehicle,8,250
1580441157135,large_vehicle,1,289
1565357392318,large_vehicle,5,227
1577353124546,large_vehicle,1,246
1573562000598,large_vehicle,4,63
1578649923709,large_vehicle,1,27
1566176418350,large_vehicle,6,78
1580355768489,large_vehicle,4,31
1577290809566,small_vehicle,8,38
1584312766080,large_vehicle,8,66
1570712759867,large_vehicle,10,244
1579140986952,large_vehicle,9,219
1583766156478,large_vehicle,3,153
1578471515928,small_vehicle,1,340
1586637732104,small_vehicle,9,346
1570936911970,large_vehicle,8,5
1568510878186,large_vehicle,1,120
1584798275477,large_vehicle,4,130
1577945041104,small_vehicle,7,124
1580977868896,small_vehicle,10,94
1575216423201,small_vehicle,7,281
1578019390524,small_vehicle,2,345
1579361101289,large_vehicle,3,43
1568409412394,large_vehicle,7,271
1586314285039,large_vehicle,3,147
1579967702688,small_vehicle,8,295
1585130208349,large_vehicle,9,30
1571067014831,small_vehicle,8,322
1582008210849,small_vehicle,3,27
1583277039669,small_vehicle,5,110
1583665988846,large_vehicle,8,17
1573833754924,small_vehicle,2,291
1565606037169,small_vehicle,1,77
1585822125034,large_vehicle,3,351
1574898927319,large_vehicle,0,21
1583624780747,small_vehicle,10,182
1585558385456,small_vehicle,8,5
1583677509991,large_vehicle,8,338
1565982399251,large_vehicle,7,86
1581487360467,large_vehicle,4,121
1571820714660,large_vehicle,1,299
1576579859115,large_vehicle,6,296
1569859873852,small_vehicle,2,189
1567028164295,small_vehicle,0,89
1582334862550,small_vehicle,0,229
1577900276580,large_vehicle,5,120
1583266051242,small_vehicle,2,334
1574049679593,small_vehicle,2,3
1585864558712,large_vehicle,9,265
1571952195937,large_vehicle,8,319
1583411810425,small_vehicle,10,92
1569730348503,small_vehicle,10,218
1575427719449,small_vehicle,0,52
1566952076241,large_vehicle,10,94
1580844630713,large_vehicle,4,112
1580682788049,small_vehicle,1,262
1582600408222,small_vehicle,2,154
1578859324665,small_vehicle,4,302
1584378312276,small_vehicle,4,30
1575368977614,small_vehicle,5,324
1582043099824,small_vehicle,2,357
1575654795813,large_vehicle,10,41
1576422150832,large_vehicle,10,270
1583721932437,large_vehicle,9,243
1566793916431,large_vehicle,3,74
1570099477185,large_vehicle,8,76
1584786368881,large_vehicle,10,238
1586216909144,small_vehicle,7,76
1578464533418,small_vehicle,6,256
1567561922938,small_vehicle,1,226
1572343647951,small_vehicle,9,70
1584008931123,small_vehicle,8,155
1566196316179,large_vehicle,1,72
1566142942813,large_vehicle,5,346
1585243986277,large_vehicle,1,152
1570345284696,large_vehicle,10,206
1580277023765,small_vehicle,8,199
1575963574204,large_vehicle,0,40
1575563189754,small_vehicle,9,58
1585585773281,large_vehicle,0,134
1584003157117,large_vehicle,3,13
1572411998144,small_vehicle,5,347
1584008303318,small_vehicle,3,132
1581687171894,small_vehicle,5,52
1584016332076,small_vehicle,4,211
1566489949188,small_vehicle,0,215
1571093499340,small_vehicle,6,69
1585136547074,small_vehicle,6,318
1586183261999,large_vehicle,8,346
1579925203281,small_vehicle,0,233
1570732106657,large_vehicle,2,166
1585920908044,large_vehicle,8,158
1586024619982,small_vehicle,5,279
1586293045622,small_vehicle,2,228
1571692082892,small_vehicle,8,221
1570590601779,small_vehicle,7,177
1567657916682,small_vehicle,1,128
1570723638021,large_vehicle,8,190
1572434274665,large_vehicle,1,65
1573389993221,small_vehicle,8,265
1586585792958,small_vehicle,1,177
1576161636956,small_vehicle,1,296
1578899124161,small_vehicle,4,327
1569038211167,small_vehicle,10,317
1582226168436,large_vehicle,3,78
1586595092503,small_vehicle,7,240
1583495612659,small_vehicle,4,141
1586397168363,large_vehicle,10,118
1578268240688,small_vehicle,1,304
1570776585342,small_vehicle,9,244
1586109732429,large_vehicle,7,302
1578547828786,small_vehicle,8,205
1576961933574,large_vehicle,7,337
1570076316977,small_vehicle,1,230
1566848609360,small_vehicle,6,218
1574163790297,small_vehicle,3,189
1567444226128,small_vehicle,9,347
1578166328950,large_vehicle,6,287
1568339681274,large_vehicle,3,217
1571571655593,small_vehicle,6,274
1580608425992,large_vehicle,1,125
1585561819806,small_vehicle,2,197
1566638118089,large_vehicle,8,56
1577895486135,large_vehicle,8,184
1572099944301,large_vehicle,0,335
1582000865124,small_vehicle,10,358
1565562214660,small_vehicle,2,99
1574673360297,large_vehicle,2,293
1586004551676,large_vehicle,1,170
1577318664177,large_vehicle,1,225
1573999981986,large_vehicle,6,87
1572719322335,small_vehicle,2,242
1571596810980,large_vehicle,3,235
1572879494675,large_vehicle,8,314
1568373402179,small_vehicle,6,221
1582501041923,small_vehicle,1,169
1577395473140,large_vehicle,10,192
1581415653762,small_vehicle,9,152
1578722190858,small_vehicle,7,5
1581269292030,small_vehicle,8,235
1576670102485,small_vehicle,8,315
1572461116882,large_vehicle,0,184
1577802134654,small_vehicle,5,180
1582002520765,small_vehicle,1,287
1584686292408,small_vehicle,5,280
1580434756269,small_vehicle,6,294
1584141755688,large_vehicle,4,230
1570788818602,small_vehicle,4,63
1586530141549,small_vehicle,1,114
1569392367661,small_vehicle,2,59
1569016007625,large_vehicle,5,88
1585280389486,large_vehicle,2,236
1577280795873,small_vehicle,3,157
1583925568680,small_vehicle,2,262
1578649351436,small_vehicle,10,330
1580164181670,large_vehicle,0,341
1567472317284,large_vehicle,3,79
1572438977483,large_vehicle,8,117
1575599362844,large_vehicle,7,84
1566766787187,large_vehicle,9,99
1566744066390,small_vehicle,2,277
1577820438020,small_vehicle,3,24
1580491129406,large_vehicle,6,167
1571371627138,small_vehicle,7,104
1581985855418,large_vehicle,0,237
1579801235824,small_vehicle,6,175
1569640225298,large_vehicle,4,122
1574552631707,large_vehicle,5,67
1584534325533,large_vehicle,8,229
1572260060069,large_vehicle,10,158
1565944117006,large_vehicle,6,289
1574868644301,small_vehicle,5,80
1568708085675,large_vehicle,2,15
1586337248609,large_vehicle,2,222
1574075831233,small_vehicle,7,256
1569479501396,small_vehicle,10,209
1569170311012,small_vehicle,0,140
1580619948909,large_vehicle,6,23
1576827678302,small_vehicle,0,291
1576602710671,small_vehicle,10,189
1570650443950,small_vehicle,9,242
1574562389331,large_vehicle,2,74
1571095755925,large_vehicle,7,235
1569860105387,small_vehicle,4,341
1575044196529,large_vehicle,9,160
1580301122870,small_vehicle,4,285
1581048348484,small_vehicle,1,172
1564817615162,large_vehicle,10,3
1565284891392,small_vehicle,7,211
1566484453291,small_vehicle,1,202
1579506496147,large_vehicle,10,7
1582141444240,small_vehicle,0,65
1574428318073,small_vehicle,5,334
1569665998291,small_vehicle,9,52
1567112279582,large_vehicle,7,38
1576066938007,large_vehicle,8,285
1576077146423,large_vehicle,4,138
1586646410282,large_vehicle,7,258
1567106140559,large_vehicle,4,176
1586588468261,large_vehicle,9,190
1577315966688,large_vehicle,4,204
1571479472532,small_vehicle,3,217
1578240767024,large_vehicle,10,197
1574562929601,small_vehicle,6,183
1574735198854,small_vehicle,0,75
1580359095002,small_vehicle,4,239
1577972145902,small_vehicle,9,52
1572865620691,small_vehicle,9,345
1568462955496,small_vehicle,3,277
1581456586464,small_vehicle,3,91
1583613024022,small_vehicle,7,324
1580030682340,small_vehicle,7,321
1581787110258,large_vehicle,9,164
1586553496240,small_vehicle,4,304
1585858285205,small_vehicle,2,251
1566165360883,small_vehicle,2,300
1577686762767,large_vehicle,8,132
1570258351985,small_vehicle,8,56
1571363917992,large_vehicle,10,104
1565653138098,small_vehicle,0,289
1585985085407,large_vehicle,10,30
1575006987497,large_vehicle,6,251
1566609171484,small_vehicle,6,248
1579070810526,large_vehicle,6,324
1581472235196,small_vehicle,4,193
1564989889730,small_vehicle,2,103
1574938979373,small_vehicle,3,314
1581582639444,small_vehicle,8,54
1573039807156,small_vehicle,2,318
1585394729904,large_vehicle,9,69
1579870985388,large_vehicle,8,240
1585611312224,small_vehicle,4,213
1580839027179,large_vehicle,5,23
1576438707085,small_vehicle,0,261
1569031486269,large_vehicle,9,177
1583397567164,small_vehicle,4,277
1579923540591,large_vehicle,9,216
1571823404552,large_vehicle,5,312
1570212263943,large_vehicle,6,219
1577973896869,large_vehicle,6,60
1583392340934,large_vehicle,3,305
1579767304306,large_vehicle,9,111
1586456646161,large_vehicle,6,207
1571705777992,small_vehicle,1,2
1573150653276,small_vehicle,3,333
1580848429687,small_vehicle,8,206
1585609854179,small_vehicle,6,217
1580690444359,large_vehicle,9,252
1574121722348,large_vehicle,7,219
1568703062201,small_vehicle,10,259
1569634916238,large_vehicle,0,278
1578079957393,small_vehicle,10,255
1576646555736,large_vehicle,10,356
1580490531324,small_vehicle,1,172
1572765340675,large_vehicle,2,12
1573591618367,large_vehicle,4,220
1573059552265,large_vehicle,4,296
1584752272547,large_vehicle,9,31
1586408071936,large_vehicle,5,68
1576695213395,large_vehicle,8,152
1577924425420,small_vehicle,0,111
1584251055258,large_vehicle,7,131
1573034056952,small_vehicle,0,139
1575110221148,large_vehicle,1,335
1582111239456,small_vehicle,5,263
1565409952431,large_vehicle,6,272
1586230734439,small_vehicle,7,69
1576629142798,large_vehicle,5,119
1571969508911,large_vehicle,9,189
1585549976562,small_vehicle,8,78
1576767761142,large_vehicle,3,188
1584639748915,small_vehicle,3,326
1579062136076,large_vehicle,5,71
1577658676673,small_vehicle,5,295
1577790871728,small_vehicle,4,254
1567519471297,large_vehicle,5,102
1570011176801,large_vehicle,4,174
1566055971810,large_vehicle,7,69
1575137498154,large_vehicle,8,288
1565524009789,small_vehicle,2,347
1575648028338,small_vehicle,3,103
1565014621041,small_vehicle,3,122
1570347337125,small_vehicle,2,13
1582402185471,small_vehicle,1,333
1575644901555,large_vehicle,0,21
1581499018460,small_vehicle,8,140
1567550454312,large_vehicle,8,61
1570475700521,large_vehicle,5,48
1583545930357,small_vehicle,10,7
1567774965197,small_vehicle,9,127
1565763775918,large_vehicle,2,187
1582963131779,large_vehicle,1,231
1586454164157,large_vehicle,9,274
1570968547774,large_vehicle,6,297
1585913026597,small_vehicle,0,184
1581193317364,small_vehicle,1,64
1579126163108,large_vehicle,7,87
1576599437944,small_vehicle,1,204
1580543426206,large_vehicle,7,342
1577619927276,small_vehicle,3,309
1582177185446,small_vehicle,2,184
1575648490888,small_vehicle,9,213
1580611950168,small_vehicle,6,319
1571603844203,large_vehicle,2,147
1565210707187,small_vehicle,10,283
1566087832266,large_vehicle,9,4
1583444677076,large_vehicle,8,187
1571237187946,small_vehicle,0,312
1583855040696,small_vehicle,7,46
1569224665556,small_vehicle,9,127
1583494184378,small_vehicle,6,297
1578794504637,large_vehicle,10,278
1568367658918,small_vehicle,1,293
1583644891715,small_vehicle,2,287
1574831214498,large_vehicle,8,70
1579857189919,small_vehicle,4,332
1585468045731,small_vehicle,7,85
1582309906320,large_vehicle,8,358
1574576374281,large_vehicle,4,108
1581037525116,small_vehicle,2,48
1571083597139,large_vehicle,2,261
1578116947118,large_vehicle,4,160
1580153520650,small_vehicle,5,358
1586392523884,large_vehicle,4,314
1582380624971,large_vehicle,5,103
1584017079321,small_vehicle,9,306
1577438966065,large_vehicle,7,242
1575342885944,small_vehicle,4,329
1572068492220,large_vehicle,6,8
1583390013928,large_vehicle,3,4
1569007523338,small_vehicle,8,276
1586188267883,small_vehicle,10,162
1569408152275,small_vehicle,3,89
1583237447710,small_vehicle,6,360
1584620199610,small_vehicle,7,76
1574778541866,large_vehicle,1,260
1573047087918,large_vehicle,8,75
1585737770461,small_vehicle,7,280
1579387219810,small_vehicle,5,163
1583995792166,large_vehicle,4,213
1577088560526,large_vehicle,4,290
1569438455271,large_vehicle,4,64
1572389377146,large_vehicle,4,260
1573980348746,small_vehicle,10,357
1566537933358,large_vehicle,8,338
1568855604348,small_vehicle,4,118
1584120422549,large_vehicle,1,0
1570834927153,large_vehicle,5,92
1566468704912,small_vehicle,2,230
1584384346515,small_vehicle,0,83
1571290905462,large_vehicle,4,298
1579575642394,large_vehicle,1,91
1584520483938,large_vehicle,1,159
1572673056266,large_vehicle,8,28
1578830522793,small_vehicle,9,7
1569312664891,small_vehicle,7,18
1571584502180,small_vehicle,8,290
1570180338791,small_vehicle,7,299
1577772325129,large_vehicle,10,226
1584682460580,large_vehicle,0,232
1580042850309,small_vehicle,8,157
1575215825698,small_vehicle,9,148
1568191843493,large_vehicle,2,319
1581657145062,small_vehicle,5,326
1584728058972,small_vehicle,4,347
1585021718890,large_vehicle,1,111
1568789218421,small_vehicle,8,260
1584409264758,large_vehicle,9,194
1572193125396,large_vehicle,7,54
1586640210100,small_vehicle,2,29
1574816092700,small_vehicle,5,135
1574043018078,large_vehicle,9,73
1565700755058,large_vehicle,0,104
1577993444875,large_vehicle,1,236
1572573542955,small_vehicle,8,230
1577059793605,large_vehicle,1,249
1567775480391,large_vehicle,7,180
1573724587237,large_vehicle,1,62
1568363159781,small_vehicle,4,45
1582439903473,large_vehicle,9,312
1582142641854,small_vehicle,0,0
1571785532828,large_vehicle,9,87
1566289087917,small_vehicle,5,184
1572104203797,large_vehicle,5,25
1566164365696,large_vehicle,5,73
1581263219369,small_vehicle,3,153
1584497967666,small_vehicle,2,334
1573421911591,small_vehicle,6,105
1571260668991,large_vehicle,9,188
1571679996145,small_vehicle,6,41
1566400521061,large_vehicle,10,167
1569212349319,large_vehicle,4,153
1571949443058,small_vehicle,6,317
1565198949751,large_vehicle,9,168
1572584756635,large_vehicle,8,239
1568461102260,small_vehicle,3,319
1574182763887,large_vehicle,8,233
1577083340549,large_vehicle,10,123
1583044280727,small_vehicle,9,218
1573024407067,large_vehicle,4,253
1574271385761,small_vehicle,2,35
1566807339058,large_vehicle,5,15
1566171619830,large_vehicle,7,215
1575964546400,large_vehicle,9,263
1578389338773,large_vehicle,4,210
1565490242631,small_vehicle,5,289
1579367835466,small_vehicle,6,354
1569902406315,large_vehicle,6,101
1574242074275,small_vehicle,0,231
1582883070141,small_vehicle,8,334
1581684992472,large_vehicle,1,316
1582196716187,small_vehicle,9,23
1579572472803,large_vehicle,10,358
1571508665304,large_vehicle,0,145
1586201202087,small_vehicle,9,70
1565550965428,large_vehicle,5,304
1574171330688,large_vehicle,8,0
1580118517602,large_vehicle,8,255
1568525377301,small_vehicle,6,112
1569099712645,small_vehicle,8,339
1565269040998,large_vehicle,5,182
1565034533938,large_vehicle,6,102
1565842530304,small_vehicle,5,281
1565309999627,small_vehicle,8,26
1574630228394,large_vehicle,0,70
1573102512824,small_vehicle,8,285
1586002708048,small_vehicle,1,48
1575798875707,small_vehicle,6,54
1586455286151,small_vehicle,9,82
1571840921714,small_vehicle,4,320
1579253918395,small_vehicle,9,294
1571941114059,small_vehicle,10,44
1569769157684,small_vehicle,5,294
1583121702447,small_vehicle,7,300
1578047905651,small_vehicle,10,104
1580822572616,small_vehicle,7,215
1568557729258,large_vehicle,2,158
1584215072518,small_vehicle,4,277
1581153098888,small_vehicle,2,1
1565934696278,small_vehicle,3,351
1569091844555,small_vehicle,6,114
1565581308704,small_vehicle,4,27
1582466153123,large_vehicle,9,331
1583287411058,small_vehicle,7,81
1575057490800,small_vehicle,2,115
1584521919734,small_vehicle,7,249
1585545800005,small_vehicle,1,186
1570762965397,large_vehicle,1,142
1565681028102,small_vehicle,4,96
1586285576474,large_vehicle,5,118
1581208166600,large_vehicle,10,154
1581751414846,small_vehicle,0,33
1572306303807,small_vehicle,4,0
1569426673555,large_vehicle,10,103
1573633954863,large_vehicle,9,6
1567214414423,small_vehicle,2,48
1580573093037,large_vehicle,10,61
1567223031987,small_vehicle,2,336
1572814333090,large_vehicle,6,87
1570840754399,large_vehicle,8,14
1567431914747,large_vehicle,9,149
1580124291145,small_vehicle,6,247
1582319794308,small_vehicle,4,294
1574101193599,large_vehicle,1,23
1586334749965,small_vehicle,6,291
1569112525580,small_vehicle,10,32
1565182385083,large_vehicle,10,217
1579307425165,large_vehicle,2,178
1566704872585,small_vehicle,1,203
1575783969570,small_vehicle,4,144
1585544636499,large_vehicle,8,25
1570670432071,large_vehicle,1,172
1578243502381,large_vehicle,5,223
1583604232862,large_vehicle,5,345
1585897823971,small_vehicle,3,165
1567268563675,small_vehicle,2,11
1575994880642,large_vehicle,1,285
1565966040226,large_vehicle,10,53
1583686826877,large_vehicle,5,198
1570532696906,large_vehicle,6,308
1572620491043,small_vehicle,7,58
1569917467264,large_vehicle,6,3
1567297015731,large_vehicle,7,24
1584335308854,small_vehicle,5,45
1580239211752,small_vehicle,5,279
1564875836982,large_vehicle,6,319
1570658226288,large_vehicle,1,222
1576027199027,large_vehicle,9,199
1567050285595,small_vehicle,8,304
1573231113643,large_vehicle,6,132
1579541324706,large_vehicle,1,195
1568386639742,small_vehicle,5,28
1578437428537,small_vehicle,5,22
1567806264305,large_vehicle,6,249
1566393670650,large_vehicle,10,211
1565734782138,small_vehicle,0,254
1571237454021,small_vehicle,1,154
1577826231211,large_vehicle,8,36
1565179394105,large_vehicle,7,89
1576885795496,small_vehicle,5,329
1573008490628,small_vehicle,3,275
1582242281892,large_vehicle,0,143
1566506361990,small_vehicle,4,90
1579355405072,large_vehicle,8,295
1579224125239,small_vehicle,1,265
1572467410368,small_vehicle,4,149
1572388270027,small_vehicle,7,344
1568964605374,large_vehicle,2,181
1585713284433,small_vehicle,7,151
1573220740327,small_vehicle,7,3
1585848036933,large_vehicle,6,149
1572910519070,small_vehicle,4,148
1585842703498,small_vehicle,10,203
1580358631279,large_vehicle,6,302
1570380671868,large_vehicle,2,246
1585204806832,small_vehicle,0,70
1580951251953,small_vehicle,1,349
1579693300053,small_vehicle,1,259
1573405999688,large_vehicle,6,212
1584081803140,large_vehicle,4,335
1566764727835,large_vehicle,9,119
1570188349045,small_vehicle,5,271
1579191411539,large_vehicle,10,38
1583216332814,small_vehicle,10,231
1565709365794,large_vehicle,7,107
1577470557694,large_vehicle,8,322
1566331511985,small_vehicle,8,344
1573936045154,small_vehicle,0,269
1570205116027,large_vehicle,4,189
1583265502021,small_vehicle,5,134
1574532223282,large_vehicle,5,336
1582188592661,small_vehicle,6,86
1586043150500,small_vehicle,6,269
1574019069774,small_vehicle,8,316
1578630654067,large_vehicle,0,254
1573977851628,large_vehicle,5,173
1583509464883,large_vehicle,8,19
1578077606280,large_vehicle,1,94
1569239381483,large_vehicle,5,352
1579770696566,small_vehicle,5,274
1586298050287,large_vehicle,0,98
1585873907020,large_vehicle,7,32
1582820271824,large_vehicle,9,115
1580402262752,small_vehicle,2,145
1585652938331,small_vehicle,0,45
1571825009040,small_vehicle,3,153
1564958564347,small_vehicle,2,106
1583620156651,small_vehicle,8,294
1577648627028,small_vehicle,7,298
1578551693909,large_vehicle,2,337
1566993170172,large_vehicle,7,221
1574877751706,small_vehicle,4,2
1567540516797,large_vehicle,3,316
1569156801664,large_vehicle,3,20
1586096625142,small_vehicle,10,307
1582948356890,large_vehicle,8,11
1576392553210,small_vehicle,6,257
1577455862821,small_vehicle,8,333
1572405778672,small_vehicle,7,283
1571463197085,large_vehicle,10,121
1575798942851,small_vehicle,3,258
1566448567891,large_vehicle,4,125
1570736590854,large_vehicle,0,94
1580238377762,small_vehicle,3,175
1576910532578,small_vehicle,2,216
1578729220569,large_vehicle,8,74
1568287914731,small_vehicle,0,96
1582281673695,small_vehicle,8,210
1575371490452,small_vehicle,10,76
1569824072846,large_vehicle,5,162
1575314924836,large_vehicle,9,316
1580927174550,small_vehicle,4,289
1569596699552,small_vehicle,2,41
1566458728243,small_vehicle,3,29
1581458674318,large_vehicle,3,230
1581769788226,small_vehicle,5,192
1564982016407,small_vehicle,8,295
1579728035706,small_vehicle,4,220
1578535010702,small_vehicle,2,336
1581620039049,large_vehicle,6,319
1574323454598,small_vehicle,7,30
1581020655435,large_vehicle,4,349
1568487082616,small_vehicle,5,115
1569128811645,large_vehicle,2,241
1568008001631,large_vehicle,4,96
1570187511326,large_vehicle,8,158
1583280897660,small_vehicle,5,53
1566530887781,large_vehicle,10,196
1570814720183,large_vehicle,5,55
1585212576123,large_vehicle,6,81
1586337247079,small_vehicle,3,154
1578620859945,large_vehicle,7,266
1575094813202,small_vehicle,6,171
1572337937834,small_vehicle,3,330
1565097681262,large_vehicle,9,66
1568287103636,small_vehicle,5,236
1584253334435,small_vehicle,2,134
1575003511339,large_vehicle,8,243
1578782014874,large_vehicle,4,193
1580505642003,large_vehicle,5,316
1567771014234,large_vehicle,10,55
1582387862937,small_vehicle,9,237
1583726397584,large_vehicle,1,21
1565570702085,small_vehicle,4,20
1577882838138,large_vehicle,10,41
1574884596877,large_vehicle,7,38
1568985548450,large_vehicle,1,280
1584115570542,large_vehicle,1,23
1572428912026,small_vehicle,9,158
1580868915082,large_vehicle,0,87
1568337273183,large_vehicle,1,356
1568835581491,large_vehicle,10,220
1584412751620,large_vehicle,7,315
1578386171805,small_vehicle,7,244
1566472614226,small_vehicle,10,59
1576158805164,large_vehicle,2,112
1569247958250,small_vehicle,4,293
1583560738596,large_vehicle,8,269
1567948893769,small_vehicle,7,163
1567892262065,small_vehicle,3,317
1583868001344,large_vehicle,4,240
1576389954316,small_vehicle,4,66
1579148602243,small_vehicle,6,22
1575317342781,small_vehicle,4,32
1574997864255,small_vehicle,3,73
1577661745419,large_vehicle,1,225
1573209197780,large_vehicle,9,238
1582359051735,large_vehicle,6,260
1582744669453,small_vehicle,9,104
1570045783814,small_vehicle,5,27
1575113883813,small_vehicle,5,247
1575888246366,large_vehicle,0,79
1584457787264,large_vehicle,0,134
1572590256140,small_vehicle,9,163
1584209053141,large_vehicle,7,269
1568600423770,small_vehicle,2,203
1575289388997,large_vehicle,10,108
1569994554635,small_vehicle,7,75
1569583720976,large_vehicle,6,310
1572181139786,large_vehicle,0,213
1569015004911,small_vehicle,1,165
1564930929152,large_vehicle,0,213
1578714339863,small_vehicle,4,24
1568170700905,large_vehicle,8,283
1568287085184,small_vehicle,3,355
1572226951115,large_vehicle,2,317
1581432809978,large_vehicle,8,265
1581766513988,large_vehicle,0,2
1566382267279,large_vehicle,8,351
1573042125350,large_vehicle,7,257
1576672699305,small_vehicle,7,152
1565693629383,large_vehicle,1,3
1578933409751,large_vehicle,1,144
1581583689907,large_vehicle,4,221
1568854826548,small_vehicle,7,21
1578328162000,large_vehicle,1,288
1579525090613,small_vehicle,6,13
1565083792465,small_vehicle,9,224
1573998936147,large_vehicle,7,173
1576043761807,large_vehicle,0,174
1580506724552,small_vehicle,5,311
1565422168123,small_vehicle,7,350
1584067625276,large_vehicle,4,134
1585260329606,large_vehicle,3,233
1567407491685,large_vehicle,7,212
