1579592791696,small_vehicle,1,102
1582008575973,large_vehicle,7,271
1585445567424,large_vehicle,8,159
1574864577682,large_vehicle,3,288
1567573762520,large_vehicle,3,358
1583305544513,small_vehicle,4,122
1575018998919,small_vehicle,8,238
1571851370673,small_vehicle,10,319
1565400720514,large_vehicle,6,213
1580565144863,small_vehicle,1,275
1566694063991,small_vehicle,8,0
1572725268912,large_vehicle,4,59
1584133756785,small_vehicle,5,221
1568186296011,small_vehicle,7,314
1565059116987,large_vehicle,7,187
1582626904526,small_vehicle,2,169
1566817365955,small_vehicle,5,243
1582581912422,large_vehicle,6,82
1575341547503,large_vehicle,8,109
1576722718917,small_vehicle,7,240
1577712586116,small_vehicle,3,280
1575182411580,small_vehicle,10,122
1578705103453,small_vehicle,5,56
1574288784768,small_vehicle,1,110
1585612949153,small_vehicle,9,147
1581672474953,small_vehicle,2,3
1568978284267,small_vehicle,5,142
1578634924644,small_vehicle,2,1
1578378531758,small_vehicle,1,41
1581319354616,large_vehicle,6,277
1571467736024,large_vehicle,10,319
1576566084180,large_vehicle,9,327
1567965384592,large_vehicle,8,230
1570604393076,small_vehicle,7,136
1570240540419,large_vehicle,1,342
1568622422007,large_vehicle,9,334
1568295749687,large_vehicle,6,324
1567224314692,large_vehicle,4,336
1571670349113,large_vehicle,2,352
1572819483338,small_vehicle,6,200
1579750359143,small_vehicle,2,105
1586085046354,small_vehicle,6,115
1571718475725,small_vehicle,0,156
1582366146526,small_vehicle,1,85
1577034970312,small_vehicle,1,209
1585085339300,large_vehicle,7,329
1584138127616,small_vehicle,9,187
1573051047579,small_vehicle,1,351
1575042490239,small_vehicle,10,291
1584882410103,small_vehicle,2,186
1582682246148,small_vehicle,7,336
1579509358322,small_vehicle,7,28
1577715301593,large_vehicle,0,250
1569894611291,large_vehicle,3,50
1570461000447,small_vehicle,6,62
1570269453559,large_vehicle,1,73
1575172014491,large_vehicle,2,20
1580480623267,large_vehicle,6,129
1566536416046,small_vehicle,6,305
1586202483426,small_vehicle,10,87
1573767624397,small_vehicle,8,20
1577062177038,large_vehicle,3,349
1566687405875,large_vehicle,9,58
1579334976627,large_vehicle,2,15
1581553319379,small_vehicle,6,284
1577156253746,large_vehicle,5,92
1572744635619,small_vehicle,8,272
1579330539837,large_vehicle,7,273
1564976116722,large_vehicle,9,12
1570738570297,small_vehicle,7,317
1570001128445,large_vehicle,6,355
1571805379936,small_vehicle,3,71
1581335400480,small_vehicle,3,99
1582609301061,small_vehicle,5,128
1582003104331,large_vehicle,6,81
1572270088767,large_vehicle,4,276
1586500002886,small_vehicle,1,330
1581422333378,large_vehicle,1,312
1575482565609,large_vehicle,2,318
1579291206600,small_vehicle,3,300
1571112011878,small_vehicle,5,204
1566342790454,large_vehicle,7,217
1585929906938,small_vehicle,6,275
1567441757640,small_vehicle,2,325
1566188276076,large_vehicle,10,292
1564796061609,large_vehicle,7,6
1569119718206,small_vehicle,9,180
1580768722663,small_vehicle,10,35
1575995815334,small_vehicle,0,90
1580103913184,small_vehicle,4,49
1570672468006,small_vehicle,7,244
1571024360789,large_vehicle,7,93
1586493266738,small_vehicle,5,264
1579711043475,large_vehicle,4,350
1567781263865,large_vehicle,9,325
1580715866183,large_vehicle,10,40
1578342392118,small_vehicle,4,110
1570977347097,large_vehicle,10,216
1582566333006,small_vehicle,7,5
1568294039997,small_vehicle,3,253
1570872676344,small_vehicle,8,298
1567147075323,large_vehicle,10,322
1566390628591,large_vehicle,0,153
1569642947396,large_vehicle,1,196
1583449003900,small_vehicle,2,34
1582212248486,small_vehicle,6,134
1579863385669,large_vehicle,6,75
1576761212618,small_vehicle,7,351
1584689019477,small_vehicle,1,28
1566960786334,small_vehicle,1,246
1586222249806,large_vehicle,9,119
1567571745107,large_vehicle,0,132
1579251092200,small_vehicle,3,353
1577992111262,large_vehicle,2,310
1567865457788,large_vehicle,8,38
1567031335214,small_vehicle,0,36
1573834639762,small_vehicle,9,87
1573810267713,small_vehicle,1,26
1582856823600,small_vehicle,4,146
1572698094072,large_vehicle,7,346
1569922244958,large_vehicle,10,312
1569597056490,large_vehicle,7,156
1570193615595,small_vehicle,9,32
1576124214530,large_vehicle,0,343
1576347899274,large_vehicle,2,347
1569408919473,large_vehicle,5,3
1570661955151,large_vehicle,5,52
1568097533888,large_vehicle,9,53
1573702922150,large_vehicle,6,84
1576523870732,large_vehicle,6,149
1566895443509,small_vehicle,1,139
1569521777349,large_vehicle,2,35
1567960428259,large_vehicle,9,292
1566869298256,small_vehicle,2,295
1568153209497,small_vehicle,4,200
1575890084038,large_vehicle,8,347
1578766847302,small_vehicle,6,170
1575595576847,small_vehicle,3,29
1584450752085,large_vehicle,0,20
1576768987106,small_vehicle,9,39
1579849962466,large_vehicle,10,142
1571833838530,large_vehicle,2,61
1584456972996,large_vehicle,3,341
1572468940670,large_vehicle,2,39
1584530687705,large_vehicle,10,73
1570735918544,large_vehicle,6,137
1572875064308,small_vehicle,9,290
1579370570188,large_vehicle,0,76
1576295503990,large_vehicle,6,19
1565359487223,large_vehicle,0,50
1571101723692,large_vehicle,2,173
1577745445766,small_vehicle,3,80
1583929969607,small_vehicle,7,309
1565843743286,small_vehicle,4,228
1569485036525,small_vehicle,5,23
1577077181486,large_vehicle,5,259
1583981502125,large_vehicle,0,216
1574309006829,large_vehicle,9,241
1570379292068,large_vehicle,7,350
1583511894390,large_vehicle,3,253
1569309580611,large_vehicle,6,50
1579277028532,large_vehicle,2,360
1578757218770,small_vehicle,3,4
1573544320968,small_vehicle,2,250
1580481935665,small_vehicle,1,71
1577714378709,large_vehicle,3,355
1584760054404,large_vehicle,5,43
1583707550591,large_vehicle,1,74
1570977994742,large_vehicle,2,356
1568731912873,small_vehicle,4,273
1568548464546,small_vehicle,1,92
1576520103232,small_vehicle,0,139
1576806551589,large_vehicle,2,125
1581384282433,small_vehicle,2,7
1570534960652,small_vehicle,4,37
1586451321698,small_vehicle,1,69
1579726254764,large_vehicle,10,267
1569573259175,large_vehicle,0,176
1574593233760,large_vehicle,7,3
1568628094234,large_vehicle,1,39
1569385624365,small_vehicle,0,17
1577897433656,small_vehicle,9,226
1569163061196,large_vehicle,1,116
1585983318673,small_vehicle,6,191
1576524929418,large_vehicle,1,96
1579404276088,small_vehicle,5,313
1581351910519,large_vehicle,4,80
1582977935267,large_vehicle,0,214
1585566106979,small_vehicle,0,111
1573277688743,large_vehicle,8,219
1584663667769,large_vehicle,10,158
1582987389627,small_vehicle,8,256
1582087793607,large_vehicle,3,309
1575302011259,small_vehicle,3,340
1567415465987,small_vehicle,5,218
1568962109351,large_vehicle,6,138
1577426637456,large_vehicle,6,87
1579523984977,large_vehicle,2,72
1565287316747,large_vehicle,3,103
1564939231197,large_vehicle,9,218
1581021155727,large_vehicle,3,69
1580657084860,large_vehicle,0,13
1567300400952,small_vehicle,10,355
1566200045470,small_vehicle,6,309
1569411438846,large_vehicle,8,88
1573386321903,large_vehicle,5,233
1579345275575,small_vehicle,5,55
1579303395997,small_vehicle,1,86
1584559847382,small_vehicle,7,117
1578994122700,small_vehicle,7,20
1581449589189,small_vehicle,0,329
1581680234147,large_vehicle,9,334
1576092070014,small_vehicle,5,245
1577266576868,large_vehicle,8,134
1582648206571,small_vehicle,8,253
1573534682594,large_vehicle,5,94
1566443987425,small_vehicle,8,40
1564739961074,small_vehicle,5,82
1582166105986,large_vehicle,5,344
1572468493220,small_vehicle,1,172
1580117345044,large_vehicle,5,101
1577803786601,small_vehicle,9,67
1576148079561,large_vehicle,6,97
1565851144668,large_vehicle,9,38
1569650289091,large_vehicle,0,306
1570208058836,small_vehicle,9,194
1572570425524,small_vehicle,3,154
1565483482964,small_vehicle,5,12
1586156062239,large_vehicle,7,84
1579868470740,small_vehicle,5,258
1570940413059,small_vehicle,6,156
1565157397276,small_vehicle,1,349
1573163984467,large_vehicle,9,116
1583835245682,small_vehicle,8,53
1580260907113,large_vehicle,6,341
1578704830892,small_vehicle,2,213
1566359314925,large_vehicle,2,44
1565406415812,small_vehicle,4,215
1585683319619,small_vehicle,8,18
1569247684641,large_vehicle,0,270
1567655076918,small_vehicle,10,271
1580426153363,large_vehicle,6,167
1569869231656,small_vehicle,10,115
1566547145199,small_vehicle,0,142
1581850929957,small_vehicle,7,318
1579147161415,small_vehicle,8,214
1568377687085,large_vehicle,7,318
1566770082165,small_vehicle,4,286
1577652444211,small_vehicle,2,184
1579881110517,large_vehicle,9,118
1585513749936,small_vehicle,6,244
1573470691600,small_vehicle,3,57
1565948859174,small_vehicle,8,43
1565426885858,large_vehicle,6,241
1583204616121,large_vehicle,0,235
1575763834472,small_vehicle,8,273
1577734627386,large_vehicle,8,212
1579811342192,large_vehicle,3,23
1577956011331,small_vehicle,10,196
1564829528160,small_vehicle,8,99
1576121605004,large_vehicle,7,147
1585308030693,small_vehicle,4,227
1580995128438,large_vehicle,8,197
1579900205149,small_vehicle,8,121
1585941800308,small_vehicle,2,73
1581620724163,small_vehicle,1,37
1572488701352,large_vehicle,4,318
1573173515216,small_vehicle,5,78
1568842532207,large_vehicle,8,290
1572456107022,large_vehicle,2,43
1566923548454,large_vehicle,10,22
1582017943677,large_vehicle,1,47
1576295630810,large_vehicle,3,41
1581384101328,small_vehicle,1,295
1575053435160,large_vehicle,5,282
1569582723340,large_vehicle,4,141
1573175262376,large_vehicle,5,277
1574897958634,small_vehicle,7,142
1574237201091,large_vehicle,10,289
1572205261396,small_vehicle,6,107
1579953466855,large_vehicle,9,64
1580361093295,large_vehicle,8,16
1571731586787,large_vehicle,9,32
1570190268950,large_vehicle,6,124
1575382448134,small_vehicle,4,203
1571933199337,large_vehicle,1,232
1570495041232,small_vehicle,8,316
1581225967991,small_vehicle,3,121
1576228673958,small_vehicle,8,220
1569353489239,large_vehicle,6,291
1569175089474,small_vehicle,9,344
1576523022689,large_vehicle,9,59
1564950910902,small_vehicle,5,124
1573791095558,small_vehicle,10,110
1578083145042,large_vehicle,1,240
1569112628951,large_vehicle,5,57
1565143860365,large_vehicle,3,112
1577894916386,small_vehicle,10,322
1568577203218,large_vehicle,0,79
1566203676841,large_vehicle,1,279
1574248252571,large_vehicle,1,107
1575643813321,small_vehicle,3,267
1570904085545,small_vehicle,9,175
1565477034131,large_vehicle,6,131
1570121757420,large_vehicle,10,291
1573732631615,large_vehicle,3,91
1585162474927,small_vehicle,8,359
1568667821839,small_vehicle,5,49
1575477589321,small_vehicle,10,254
1569642179470,small_vehicle,6,271
1572570102707,large_vehicle,5,158
1577152194506,small_vehicle,2,117
1567783704227,large_vehicle,10,294
1577999250638,large_vehicle,10,115
1569526725318,small_vehicle,8,60
1573699540462,large_vehicle,0,200
1578359466140,large_vehicle,5,352
1576732105786,small_vehicle,3,222
1570242986165,small_vehicle,10,157
1574895556696,small_vehicle,8,220
1575921568108,small_vehicle,3,311
1578231392960,small_vehicle,2,32
1579984222895,large_vehicle,10,168
1568838884041,small_vehicle,10,153
1582226285365,large_vehicle,7,174
1576809621435,small_vehicle,0,107
1569427335638,small_vehicle,5,44
1569942952491,large_vehicle,2,146
1577836256017,small_vehicle,10,329
1568480452252,large_vehicle,3,196
1564912102088,small_vehicle,6,272
1579018702934,small_vehicle,0,27
1583400346757,small_vehicle,0,352
1586661544517,large_vehicle,10,161
1576768690525,large_vehicle,0,186
1573577578784,small_vehicle,2,199
1585653476549,small_vehicle,9,321
1585575569860,small_vehicle,2,96
1583498916223,large_vehicle,7,133
1576103270859,small_vehicle,5,61
1582705474011,small_vehicle,4,289
1584478636332,large_vehicle,0,39
1584854868981,large_vehicle,2,5
1574684137965,large_vehicle,3,219
1569651022330,large_vehicle,4,103
1576847119300,small_vehicle,0,267
1579678351294,large_vehicle,4,303
1585955266373,large_vehicle,9,168
1564900380726,small_vehicle,5,90
1573047479190,small_vehicle,0,32
1577644939456,small_vehicle,8,48
1568831597176,large_vehicle,1,338
1579863605897,small_vehicle,0,340
1569006632129,small_vehicle,3,10
1565157430320,large_vehicle,10,296
1578595586738,small_vehicle,9,234
1582260787145,large_vehicle,8,276
1569891191664,large_vehicle,2,53
1586450392270,small_vehicle,7,15
1579352328228,small_vehicle,4,56
1578183203955,small_vehicle,1,123
1586460889330,large_vehicle,9,271
1579419291642,large_vehicle,5,302
1586303270554,small_vehicle,10,326
1585533192992,large_vehicle,3,61
1565824235750,small_vehicle,0,333
1579965505599,small_vehicle,5,229
1566340800258,small_vehicle,4,267
1580140327295,large_vehicle,3,187
1581420889475,large_vehicle,8,49
1577906826296,large_vehicle,5,124
1580323904248,small_vehicle,7,299
1566011369571,small_vehicle,8,234
1586239529623,small_vehicle,0,342
1569983612815,large_vehicle,2,281
1580505178782,small_vehicle,9,210
1568085929717,small_vehicle,7,283
1583173891229,large_vehicle,1,164
1569006206698,small_vehicle,1,219
1585990498988,large_vehicle,4,91
1581144799479,large_vehicle,8,67
1576035385457,small_vehicle,2,109
1573898813572,small_vehicle,5,352
1568314025699,large_vehicle,8,113
1580514598189,large_vehicle,9,247
1574376096346,large_vehicle,8,97
1566174292179,small_vehicle,4,186
1583071688108,large_vehicle,9,306
1571614009168,small_vehicle,5,325
1579960613422,large_vehicle,2,101
1566081782105,small_vehicle,10,179
1573989090186,small_vehicle,0,295
1581042229569,large_vehicle,6,226
1579732457374,small_vehicle,7,188
1567287068262,large_vehicle,0,5
1565839187965,small_vehicle,10,129
1578534986554,large_vehicle,7,352
1581745559702,large_vehicle,5,344
1567220980513,small_vehicle,1,148
1567404393879,large_vehicle,10,186
1582575077710,large_vehicle,8,258
1577554604291,large_vehicle,5,351
1568856783708,large_vehicle,4,131
1584240257022,small_vehicle,10,5
1581756445503,large_vehicle,0,27
1566900450744,small_vehicle,1,178
1570767354833,large_vehicle,3,341
1564922504538,small_vehicle,6,257
1580553952663,small_vehicle,0,144
1584308031347,large_vehicle,4,292
1580507000298,small_vehicle,3,114
1575565041302,large_vehicle,5,158
1583529878590,small_vehicle,7,314
1581618976093,small_vehicle,0,258
1575629693655,small_vehicle,5,296
1573491381504,large_vehicle,8,280
1564983837634,large_vehicle,4,141
1577085666571,small_vehicle,1,11
1581911016156,large_vehicle,5,89
1577922436584,large_vehicle,4,7
1577483325420,small_vehicle,5,93
1585761024604,small_vehicle,4,213
1566573297684,large_vehicle,3,232
1578502909394,small_vehicle,6,189
1572646108353,small_vehicle,0,46
1577937737508,large_vehicle,8,143
1578838758718,small_vehicle,1,76
1584784544489,large_vehicle,1,52
1564900177891,large_vehicle,7,214
1566487082187,large_vehicle,6,61
1578335651915,large_vehicle,5,287
1574856253593,large_vehicle,3,167
1576179182227,large_vehicle,5,34
1571035774099,large_vehicle,7,94
1582902177009,small_vehicle,5,239
1576319898946,small_vehicle,10,155
1565070895727,large_vehicle,6,235
1573208425222,small_vehicle,8,187
1568799522150,small_vehicle,1,217
1584706867440,large_vehicle,3,356
1565798459836,large_vehicle,10,148
1576890073339,small_vehicle,0,170
1567623749021,small_vehicle,10,253
1581332744238,large_vehicle,5,25
1575369342194,small_vehicle,4,187
1580047912259,small_vehicle,1,54
1584503218355,small_vehicle,7,309
1574364490790,small_vehicle,7,36
1571996889024,large_vehicle,0,203
1585438217557,small_vehicle,5,323
1571568086142,large_vehicle,2,235
1580787404628,large_vehicle,0,137
1585654497755,large_vehicle,5,160
1568597473392,small_vehicle,6,146
1575495051929,small_vehicle,0,82
1578230315925,large_vehicle,4,18
1570100489644,large_vehicle,4,117
1581757342494,small_vehicle,4,110
1565068228858,large_vehicle,9,289
1569113335334,large_vehicle,3,216
1571102692743,large_vehicle,8,339
1569249069090,small_vehicle,3,326
1575196284800,small_vehicle,10,257
1568265972206,large_vehicle,6,2
1568649910965,small_vehicle,1,239
1585300386536,small_vehicle,1,90
1585829626562,small_vehicle,6,163
1565289830592,large_vehicle,6,295
1583653706225,large_vehicle,5,221
1569364868980,small_vehicle,2,214
1580980723408,large_vehicle,9,46
1580761448021,large_vehicle,3,313
1572393122541,small_vehicle,2,268
1576220119104,large_vehicle,6,323
1584695442217,small_vehicle,10,281
1585217352087,small_vehicle,5,136
1570244086600,small_vehicle,4,103
1573838615770,large_vehicle,8,120
1569562663074,large_vehicle,9,83
1566002116076,large_vehicle,5,170
1575981562523,small_vehicle,5,241
1571589870035,large_vehicle,3,173
1583483126430,small_vehicle,3,215
1564680669463,large_vehicle,2,226
1572889481946,small_vehicle,1,245
1575430720063,small_vehicle,3,196
1580673256630,large_vehicle,7,316
1571702903839,large_vehicle,0,102
1572243004687,small_vehicle,8,351
1574168785777,large_vehicle,10,277
1569637587737,large_vehicle,2,5
1575950950099,large_vehicle,7,181
1574349453723,large_vehicle,2,31
1579404816446,small_vehicle,9,150
1565398116066,large_vehicle,10,339
1576225239124,small_vehicle,10,151
1577830677517,large_vehicle,6,161
1582383073176,small_vehicle,5,113
1570261248730,large_vehicle,0,220
1585881193811,large_vehicle,9,118
1569625554638,small_vehicle,6,278
1572445804728,large_vehicle,5,173
1572138157059,large_vehicle,2,206
1568222694739,large_vehicle,7,129
1585308869308,small_vehicle,0,274
1569460578138,large_vehicle,5,216
1564792422464,small_vehicle,4,289
1565473477767,large_vehicle,8,15
1580571461843,large_vehicle,7,162
1574479399014,large_vehicle,1,51
1570013663617,large_vehicle,6,309
1575013143271,small_vehicle,0,268
1564837710182,large_vehicle,1,111
1586590251479,small_vehicle,8,5
1566735718017,large_vehicle,9,98
1578344442746,small_vehicle,1,166
1580733271655,large_vehicle,4,274
1583731780054,small_vehicle,0,345
1567979235516,large_vehicle,6,78
1574837730045,small_vehicle,1,205
1572984395198,large_vehicle,9,128
1576497144058,small_vehicle,0,73
1582832438631,large_vehicle,3,196
1571678084785,small_vehicle,3,18
1578555779021,small_vehicle,10,183
1582546619417,small_vehicle,9,149
1573099387487,small_vehicle,8,93
1580932308908,large_vehicle,1,298
1573585417254,small_vehicle,10,302
1565193846040,small_vehicle,9,167
1577739202909,large_vehicle,7,194
1582824207570,large_vehicle,9,204
1573737087566,small_vehicle,1,355
1566078676671,small_vehicle,0,304
1583527728851,large_vehicle,10,225
1584032485210,large_vehicle,6,170
1585812947088,small_vehicle,2,120
1570388705774,large_vehicle,7,151
1578173722523,small_vehicle,4,6
1581434847432,small_vehicle,4,95
1575319294838,large_vehicle,5,75
1565371065486,large_vehicle,1,8
1573739717456,small_vehicle,10,145
1572946098786,small_vehicle,2,174
1565782874542,large_vehicle,6,64
1571897493570,large_vehicle,8,329
1571329953996,small_vehicle,7,76
1580453336421,large_vehicle,1,116
1572756146003,large_vehicle,3,236
1573150476947,large_vehicle,8,50
1565895822417,large_vehicle,2,343
1566900626630,small_vehicle,1,253
1583834447158,small_vehicle,9,125
1569272474949,small_vehicle,3,230
1583348396527,large_vehicle,4,348
1579927147291,large_vehicle,10,341
1584407354434,large_vehicle,2,192
1582337892512,large_vehicle,0,343
1568997299303,large_vehicle,6,267
1585787531245,small_vehicle,6,58
1575484794014,large_vehicle,9,38
1571357076411,large_vehicle,10,16
1583881058190,small_vehicle,5,125
1573032405921,small_vehicle,0,95
1565446728473,small_vehicle,10,119
1581186984254,small_vehicle,2,77
1578937460383,small_vehicle,2,207
1574936658493,small_vehicle,6,336
1569662809959,large_vehicle,3,275
1583542854520,small_vehicle,3,55
1568420728206,large_vehicle,9,14
1575537013258,large_vehicle,5,164
1573559389958,small_vehicle,2,349
1574868737437,small_vehicle,8,299
1573556702636,large_vehicle,6,85
1574550275037,large_vehicle,4,207
1583535165222,small_vehicle,4,125
1582870307538,large_vehicle,8,232
1574471543756,small_vehicle,1,91
1586078880218,large_vehicle,4,347
1577926538674,small_vehicle,7,56
1569880767206,small_vehicle,9,237
1574860943302,large_vehicle,2,46
1583414799741,small_vehicle,7,346
1566728633144,large_vehicle,4,71
1583223239533,large_vehicle,3,351
1566754484396,small_vehicle,2,135
1568773315753,small_vehicle,7,295
1566709219252,large_vehicle,6,20
1570573513722,small_vehicle,0,19
1571237741622,small_vehicle,2,15
1569123214856,large_vehicle,2,279
1565941561787,small_vehicle,5,311
1570978717693,large_vehicle,8,120
1569337531819,small_vehicle,9,57
1572440899727,small_vehicle,6,68
1583055045716,large_vehicle,7,125
1575332355946,small_vehicle,5,230
1575275782552,large_vehicle,3,272
1584708730582,large_vehicle,4,351
1583723732559,small_vehicle,10,26
1567127472472,small_vehicle,10,112
1581520336805,large_vehicle,4,35
1585791465445,small_vehicle,2,99
1568710254518,large_vehicle,0,101
1572164662269,small_vehicle,7,111
1572182551195,small_vehicle,1,125
1572392001917,large_vehicle,7,149
1570779370387,large_vehicle,4,190
1573221514447,large_vehicle,9,93
1573683935968,large_vehicle,5,226
1569227225366,large_vehicle,2,219
1571041635883,large_vehicle,3,354
1579809834888,small_vehicle,9,94
1580150734835,large_vehicle,3,129
1583857145663,large_vehicle,10,159
1583317950268,small_vehicle,5,66
1574903028144,large_vehicle,9,356
1574977909178,small_vehicle,0,346
1573530693153,small_vehicle,7,109
1568593677883,large_vehicle,9,240
1583986390201,large_vehicle,3,138
1576824375345,small_vehicle,3,238
1566044998605,large_vehicle,3,235
1575473819859,small_vehicle,4,166
1573802528642,large_vehicle,1,132
1566844720372,large_vehicle,3,236
1575287286110,small_vehicle,5,122
1570580051921,small_vehicle,7,2
1566184293209,large_vehicle,5,207
1568265637757,small_vehicle,9,179
1569282238592,large_vehicle,8,7
1581256648868,small_vehicle,5,29
1583053580204,small_vehicle,2,221
1566099731992,small_vehicle,9,118
1585541746138,small_vehicle,2,16
1567934074404,small_vehicle,10,81
1573301077178,small_vehicle,7,96
1572974061409,small_vehicle,3,211
1575788910656,small_vehicle,0,284
1578211309284,large_vehicle,4,88
1569221608931,large_vehicle,5,5
1574738611089,large_vehicle,7,311
1583621634053,small_vehicle,4,178
1582496994262,large_vehicle,4,317
1578128312884,large_vehicle,4,70
1570949948356,large_vehicle,7,335
1583673430277,large_vehicle,3,240
1573258181855,large_vehicle,9,222
1578139016808,small_vehicle,10,163
1576438867125,small_vehicle,1,153
1568276825868,large_vehicle,7,67
1580898283764,large_vehicle,5,124
1580084751711,large_vehicle,8,178
1576422475201,large_vehicle,4,58
1574400977233,small_vehicle,10,217
1573428386316,large_vehicle,7,322
1573303765509,small_vehicle,3,288
1574743598993,large_vehicle,7,81
1578161120586,large_vehicle,5,45
1571715497928,small_vehicle,1,348
1585380859341,large_vehicle,3,34
1582110142050,small_vehicle,0,207
1575177193649,large_vehicle,10,357
1585034220481,small_vehicle,0,112
1565068052514,small_vehicle,5,314
1572564399386,small_vehicle,2,269
1566901189808,large_vehicle,7,49
1566892059115,large_vehicle,0,43
1578331152833,small_vehicle,5,100
1572980554926,small_vehicle,4,228
1572212122015,large_vehicle,8,26
1567047082750,small_vehicle,6,335
1576258771910,small_vehicle,9,124
1586260915322,small_vehicle,4,114
1576621562700,large_vehicle,1,75
1567950530585,small_vehicle,10,54
1578773849136,small_vehicle,7,271
1579742425009,small_vehicle,2,33
1582662516559,small_vehicle,10,19
1567516661990,small_vehicle,7,318
1583754453315,small_vehicle,7,12
1584515557746,small_vehicle,10,116
1566897465923,large_vehicle,5,314
1569898315009,small_vehicle,2,344
1581455912141,large_vehicle,0,61
1570210635507,large_vehicle,0,349
1577993685053,small_vehicle,1,133
1583679402481,large_vehicle,0,246
1576738507766,small_vehicle,10,81
1575231107436,small_vehicle,5,173
1576595308020,small_vehicle,10,178
1566016896824,large_vehicle,5,192
1572079516619,small_vehicle,5,200
1581801517315,small_vehicle,5,271
1577566678719,small_vehicle,4,196
1586322562428,small_vehicle,1,52
1576951706375,small_vehicle,4,267
1567282734638,small_vehicle,9,16
1577415065061,small_vehicle,1,237
1565184460217,large_vehicle,6,340
1583962042395,small_vehicle,0,136
1569492118896,small_vehicle,2,307
1581953224056,large_vehicle,2,91
1584049703084,small_vehicle,3,13
1577231279226,small_vehicle,3,220
1570948206669,large_vehicle,3,330
1584579041588,large_vehicle,2,248
1579014932912,small_vehicle,1,220
1585296758497,large_vehicle,7,181
1568166935309,large_vehicle,8,262
1576642858292,large_vehicle,6,269
1568899378655,small_vehicle,6,246
1571398126075,small_vehicle,10,322
1576618814887,large_vehicle,5,252
1573755584594,large_vehicle,9,179
1567274014953,large_vehicle,10,208
1576598986651,large_vehicle,4,151
1570367554901,large_vehicle,5,65
1575850141455,small_vehicle,7,150
1577865941819,small_vehicle,8,281
1585756669136,small_vehicle,9,164
1570534574243,large_vehicle,7,309
1577549281068,small_vehicle,3,10
1581493314853,large_vehicle,8,282
1583390945555,small_vehicle,5,304
1572615173299,small_vehicle,0,134
1576968327804,small_vehicle,7,145
1580195333118,small_vehicle,0,32
1584234261058,large_vehicle,5,156
1569090905069,small_vehicle,5,320
1586516227383,small_vehicle,9,19
1583514995809,small_vehicle,1,351
1566760504389,small_vehicle,8,27
1566515607050,large_vehicle,7,95
1569248396482,small_vehicle,8,193
1573597604925,large_vehicle,5,115
1584080658293,small_vehicle,3,233
1576854618286,small_vehicle,6,208
1568872309007,large_vehicle,4,255
1575011472145,small_vehicle,3,200
1585995741315,small_vehicle,9,185
1581621036080,large_vehicle,1,267
1582605921971,small_vehicle,6,53
1579000042447,small_vehicle,1,33
1585907138764,small_vehicle,3,211
1585397211467,large_vehicle,5,180
1581535037309,large_vehicle,2,116
1581240616212,large_vehicle,2,334
1584172044801,large_vehicle,4,223
1585918958848,large_vehicle,5,199
1584617213613,small_vehicle,0,207
1574615463568,large_vehicle,8,188
1575240852751,large_vehicle,1,334
1568633039347,small_vehicle,7,75
1583547214930,large_vehicle,9,152
1570357912878,small_vehicle,2,232
1579710616852,small_vehicle,0,176
1580808519867,small_vehicle,1,246
1572180979546,small_vehicle,3,325
1569768477761,large_vehicle,1,331
1572492536208,small_vehicle,7,275
1565479662586,small_vehicle,3,39
1582540709955,large_vehicle,8,53
1572551914948,large_vehicle,4,31
1578041313058,large_vehicle,1,238
1582908134822,small_vehicle,2,33
1571946601557,large_vehicle,9,140
1582770896419,large_vehicle,4,288
1568013644985,small_vehicle,7,18
1580543605584,large_vehicle,10,265
1581309442532,small_vehicle,7,48
1584637607719,large_vehicle,7,313
1585339520639,small_vehicle,1,154
1567670136687,small_vehicle,7,4
1565789574699,large_vehicle,3,24
1569073834939,large_vehicle,2,325
1582250784066,small_vehicle,0,167
1568216867477,small_vehicle,9,84
1573868462704,large_vehicle,5,43
1568415983591,large_vehicle,7,320
1574169387106,large_vehicle,1,249
1574673663747,large_vehicle,4,104
1571146663619,small_vehicle,2,247
1580206419078,small_vehicle,8,329
1565952336201,large_vehicle,9,175
1575295366062,large_vehicle,10,255
1566923729684,large_vehicle,2,320
1580904591205,small_vehicle,7,175
1581016478491,large_vehicle,2,146
1579095333095,small_vehicle,4,9
1566303418520,small_vehicle,6,359
1582077287771,small_vehicle,9,175
1579855280941,small_vehicle,3,276
1579160451326,small_vehicle,6,168
1581008901393,large_vehicle,2,252
1583872323379,small_vehicle,9,35
1578069043393,small_vehicle,9,85
1572253214091,large_vehicle,7,211
1581145358138,small_vehicle,7,267
1565998883029,small_vehicle,4,304
1581076228076,small_vehicle,8,207
1582423314836,small_vehicle,0,358
1571138296283,small_vehicle,5,127
1568094256992,small_vehicle,0,208
1582855183649,small_vehicle,5,235
1582486846620,small_vehicle,10,180
1569036633302,small_vehicle,10,143
1572761037014,small_vehicle,5,99
1566531745846,small_vehicle,9,304
1577989690226,large_vehicle,4,321
1570976539904,small_vehicle,7,271
1570882614504,large_vehicle,1,44
1574091939125,small_vehicle,2,296
1570670463650,large_vehicle,8,275
1575122824920,small_vehicle,9,266
1574547108693,large_vehicle,3,105
1573715544712,large_vehicle,1,287
1568907312765,small_vehicle,3,101
1568299183180,small_vehicle,4,240
1565598744768,large_vehicle,10,15
1572859425995,small_vehicle,8,261
1583353497111,small_vehicle,8,54
1572207315559,large_vehicle,7,335
1573151953788,small_vehicle,9,212
1581409446944,small_vehicle,2,52
1581824838358,small_vehicle,6,253
1568916873353,small_vehicle,1,144
1584188881677,small_vehicle,9,270
1585272961087,large_vehicle,5,34
1567556093484,large_vehicle,9,341
1577577837341,large_vehicle,3,76
1582347732509,large_vehicle,4,34
1573934118801,large_vehicle,3,12
1572493381826,small_vehicle,10,330
1576757593718,large_vehicle,6,4
1571544631275,large_vehicle,8,7
1580550933889,large_vehicle,10,146
1581693255274,small_vehicle,2,199
1585096461643,small_vehicle,5,117
1565173119515,large_vehicle,6,148
1569790225952,small_vehicle,1,182
1584027685120,large_vehicle,2,134
1576038796082,large_vehicle,10,305
1569151653316,large_vehicle,1,144
1582206670715,small_vehicle,10,183
1586372857677,large_vehicle,8,144
1578070931863,large_vehicle,3,296
1570961278776,large_vehicle,9,325
1571048804453,small_vehicle,10,175
1574470256491,small_vehicle,7,109
1573891543258,large_vehicle,9,59
1585799980142,large_vehicle,10,271
1575289862708,large_vehicle,10,241
1577856578328,large_vehicle,3,65
1573920674337,large_vehicle,5,253
1567155693526,large_vehicle,9,102
1570189341666,small_vehicle,1,240
1577878426287,large_vehicle,6,300
1567436339020,large_vehicle,4,176
1584993781851,large_vehicle,7,46
1578365981883,large_vehicle,2,261
1572658398378,large_vehicle,2,184
1575048738211,small_vehicle,10,86
1583944709846,large_vehicle,7,250
1576681561448,large_vehicle,7,321
1576000157847,large_vehicle,2,98
1568206272437,small_vehicle,9,303
1580178033664,small_vehicle,9,210
1577632196637,small_vehicle,8,123
1586055241022,small_vehicle,7,348
1583472732241,large_vehicle,10,15
1583326051791,large_vehicle,4,75
1576455902431,small_vehicle,0,94
1574634405036,large_vehicle,5,208
1568659204761,large_vehicle,7,296
1578427747482,small_vehicle,0,319
1566611425103,small_vehicle,6,137
1584435213812,small_vehicle,9,332
1578145449158,small_vehicle,8,141
1567892973977,small_vehicle,4,150
1577397491655,small_vehicle,10,48
1585082095871,large_vehicle,3,261
1586697985738,small_vehicle,4,37
1567219584810,large_vehicle,7,99
1580550226117,large_vehicle,1,199
1570599575795,large_vehicle,4,345
1582412587271,small_vehicle,4,210
1570130394490,small_vehicle,1,342
1585343142085,large_vehicle,5,275
1573810321591,small_vehicle,5,154
1585645217175,large_vehicle,9,96
1569582909971,large_vehicle,10,77
1570411188609,small_vehicle,0,249
1573450113276,large_vehicle,1,296
1574018623175,large_vehicle,7,65
1581829956522,large_vehicle,3,127
1575238131782,small_vehicle,1,133
1585456932472,large_vehicle,0,76
1584405071722,small_vehicle,3,0
1580767543535,small_vehicle,4,316
1582950140628,small_vehicle,6,256
1586382168695,large_vehicle,2,48
1578513137415,small_vehicle,8,270
1580698085673,small_vehicle,4,66
1581620484782,small_vehicle,6,147
1568040553696,large_vehicle,10,312
1565479720355,large_vehicle,0,162
1581806994756,small_vehicle,9,353
1566558342990,small_vehicle,10,91
1586426704682,small_vehicle,10,155
1571923262998,large_vehicle,0,242
1585598385890,small_vehicle,10,249
1580730760142,small_vehicle,4,199
1577468055443,small_vehicle,8,128
1569335726764,small_vehicle,10,30
1574191879346,large_vehicle,3,298
1575861101308,small_vehicle,1,196
1579822732868,small_vehicle,6,232
1565524845635,large_vehicle,8,307
1585108746148,large_vehicle,3,340
1567795454201,large_vehicle,7,94
1571741881455,small_vehicle,9,152
1577260901098,large_vehicle,2,199
1585220826106,large_vehicle,4,205
1582516752323,large_vehicle,10,350
1576445369843,small_vehicle,7,207
1585335279576,large_vehicle,9,296
1565145399234,large_vehicle,8,358
1570281152507,small_vehicle,9,334
1584323696375,large_vehicle,5,164
1572586296297,small_vehicle,8,123
1570241386921,large_vehicle,3,238
1584232501852,small_vehicle,10,26
1579220965575,large_vehicle,4,3
1571182338000,small_vehicle,7,280
1580234727541,small_vehicle,7,333
1583582585761,small_vehicle,2,188
1574767890884,small_vehicle,8,293
1577843480503,small_vehicle,10,303
1584314178241,large_vehicle,2,7
1579824823087,large_vehicle,6,24
1575879715239,small_vehicle,7,110
1570743929035,small_vehicle,0,106
1585614392923,small_vehicle,5,226
1578052106155,small_vehicle,5,283
1575230676958,large_vehicle,3,278
1585171847882,large_vehicle,7,65
1584748423888,small_vehicle,10,90
1567190206049,small_vehicle,3,321
1577257442559,small_vehicle,10,45
1568744998774,large_vehicle,1,172
1581394900445,small_vehicle,3,338
1584292564777,large_vehicle,5,94
1586333781507,large_vehicle,2,347
1566214992843,large_vehicle,1,266
1577121893988,large_vehicle,9,22
1574366433382,large_vehicle,6,225
1580265150012,small_vehicle,1,25
1574760747402,small_vehicle,8,123
1575487456138,large_vehicle,10,312
1577066083878,small_vehicle,8,221
1584429352630,large_vehicle,9,158
1574691737644,large_vehicle,9,307
1579765614740,small_vehicle,5,356
1582284630993,small_vehicle,1,305
1571175432131,small_vehicle,8,206
1584039202480,small_vehicle,6,328
1577356891896,large_vehicle,5,123
1572986327368,small_vehicle,1,82
1568609924688,small_vehicle,8,237
1578542858476,small_vehicle,2,283
1571945576437,small_vehicle,7,20
1571723715980,large_vehicle,8,188
1569604747356,large_vehicle,5,136
1580788165060,large_vehicle,0,313
1584930266709,large_vehicle,1,311
1573544399491,small_vehicle,8,88
1576897745212,large_vehicle,8,347
1575158211890,large_vehicle,8,293
1584221050343,large_vehicle,1,246
1584730724445,small_vehicle,6,317
1585686078636,large_vehicle,4,11
1571168437976,small_vehicle,9,240
1583765383847,small_vehicle,9,36
1579934243114,large_vehicle,4,306
1582440763290,small_vehicle,10,141
1582558947947,small_vehicle,2,220
1568415268196,small_vehicle,1,243
1572890120755,small_vehicle,7,216
1585216271385,small_vehicle,5,197
1569927348166,large_vehicle,10,246
1571399729519,large_vehicle,3,343
1580757499017,small_vehicle,3,330
1577830370374,small_vehicle,8,318
1576400701207,large_vehicle,3,292
1565062574165,small_vehicle,7,310
1573756376783,small_vehicle,1,36
1577759064359,small_vehicle,4,349
1582162067620,large_vehicle,1,305
