1570638079475,small_vehicle,9,291
1572289784080,large_vehicle,0,316
1578215099420,small_vehicle,0,48
1576265603078,large_vehicle,8,43
1578187800267,small_vehicle,10,255
1579499855708,small_vehicle,7,236
1573857829623,large_vehicle,1,288
1578757918849,small_vehicle,1,143
1573941264333,large_vehicle,2,269
1583289666322,large_vehicle,5,66
1585987852579,large_vehicle,0,70
1567987046311,large_vehicle,0,42
1579522659221,small_vehicle,8,261
1582276298902,small_vehicle,9,64
1572248012597,small_vehicle,4,304
1571413878692,small_vehicle,2,167
1573908038411,small_vehicle,4,318
1585985070457,large_vehicle,3,275
1578368681331,small_vehicle,6,70
1586391242992,large_vehicle,7,301
1584146846735,large_vehicle,2,358
1578897492271,small_vehicle,10,67
1567256069906,small_vehicle,6,296
1566962985754,large_vehicle,8,196
1567232423894,small_vehicle,3,141
1578632748456,small_vehicle,4,101
1583642639039,large_vehicle,9,10
1577283914675,small_vehicle,10,118
1580204940326,small_vehicle,2,271
1583316615887,large_vehicle,10,2
1568020668995,large_vehicle,6,353
1581647117380,small_vehicle,0,326
1574959936611,small_vehicle,7,139
1571463664260,small_vehicle,9,51
1584456868586,small_vehicle,0,115
1585431838693,large_vehicle,10,140
1583272422110,small_vehicle,1,96
1583374858298,large_vehicle,6,245
1574328384405,large_vehicle,0,190
1580390984498,large_vehicle,0,121
1573158995207,large_vehicle,3,16
1577391637828,small_vehicle,5,175
1568526553172,large_vehicle,8,130
1574693934619,large_vehicle,0,112
1578197590438,large_vehicle,8,71
1569005778932,small_vehicle,4,189
1565277637641,large_vehicle,10,220
1576792374395,small_vehicle,4,123
1574609272037,small_vehicle,3,208
1568084645501,large_vehicle,0,333
1582650535252,small_vehicle,7,153
1567147158149,small_vehicle,3,352
1579363949102,small_vehicle,9,40
1584120726673,small_vehicle,6,274
1567058049670,small_vehicle,4,308
1584484940790,small_vehicle,0,127
1571629463196,small_vehicle,3,47
1571256931159,large_vehicle,0,97
1579674403887,small_vehicle,6,248
1582028138689,small_vehicle,1,211
1566202064536,large_vehicle,6,170
1564888035870,large_vehicle,1,237
1584596386797,small_vehicle,2,125
1573202847893,small_vehicle,9,264
1565537984072,large_vehicle,5,336
1569467129887,small_vehicle,10,197
1564697890148,large_vehicle,8,185
1567903424036,large_vehicle,2,9
1583957672103,large_vehicle,6,245
1578792979889,small_vehicle,0,303
1566785506353,small_vehicle,4,334
1566264453441,small_vehicle,2,147
1577165300309,large_vehicle,8,193
1574353459967,small_vehicle,6,329
1582183071064,large_vehicle,5,67
1577967876759,large_vehicle,3,216
1575577092143,small_vehicle,9,192
1581019388047,small_vehicle,2,54
1573004367986,large_vehicle,6,197
1581292506079,large_vehicle,4,167
1585864058248,small_vehicle,1,128
1569941549990,small_vehicle,8,300
1576636186540,large_vehicle,2,182
1567117018840,large_vehicle,1,167
1583402822981,small_vehicle,3,284
1567784226966,small_vehicle,5,226
1575906364484,small_vehicle,0,351
1583989102990,large_vehicle,7,59
1579003252263,small_vehicle,9,93
1576711995560,large_vehicle,7,65
1573212565284,large_vehicle,0,137
1573877400458,small_vehicle,3,30
1583521196679,large_vehicle,4,16
1579371386378,large_vehicle,3,170
1576969403228,large_vehicle,10,140
1583741288115,small_vehicle,4,59
1582992813428,small_vehicle,10,292
1580626820297,large_vehicle,5,126
1580005117264,small_vehicle,1,233
1580040084428,large_vehicle,10,160
1570651971805,large_vehicle,1,137
1567602730732,large_vehicle,5,13
1580004011238,large_vehicle,5,305
1584434676593,small_vehicle,0,179
1568108940859,large_vehicle,2,310
1570646998396,large_vehicle,5,54
1568337368179,large_vehicle,8,289
1572327127881,small_vehicle,6,14
1570738687465,large_vehicle,6,220
1569910057824,large_vehicle,4,315
1578682545362,small_vehicle,6,54
1567653506839,small_vehicle,6,202
1573178230531,large_vehicle,1,223
1573246588993,small_vehicle,1,60
1583387070540,small_vehicle,4,184
1583622352715,large_vehicle,9,47
1573866188048,large_vehicle,8,89
1582401916426,large_vehicle,1,249
1564659790643,large_vehicle,10,208
1581757422641,large_vehicle,8,119
1564694532182,small_vehicle,5,10
1569163468355,small_vehicle,9,171
1566306361494,large_vehicle,10,297
1585276989186,large_vehicle,5,307
1575123049381,large_vehicle,1,332
1568156783865,large_vehicle,9,279
1581117327287,small_vehicle,3,26
1586037135551,small_vehicle,10,284
1574568682704,small_vehicle,2,157
1580111093758,small_vehicle,1,165
1574703037486,small_vehicle,2,12
1574642985952,small_vehicle,10,266
1574129354939,small_vehicle,5,305
1573395072250,large_vehicle,2,76
1584142443416,large_vehicle,6,213
1564859657689,large_vehicle,1,123
1584419707271,small_vehicle,5,76
1576665636653,large_vehicle,9,239
1582320830942,small_vehicle,5,250
1579317243506,small_vehicle,0,59
1569636867977,large_vehicle,5,129
1572212307868,small_vehicle,5,292
1579396301525,large_vehicle,9,228
1575757536144,large_vehicle,10,21
1567507757184,large_vehicle,8,188
1583286506321,large_vehicle,3,83
1579172298482,small_vehicle,1,110
1576868624676,small_vehicle,7,83
1574580585425,small_vehicle,3,31
1566077583385,small_vehicle,7,36
1574074033080,small_vehicle,9,135
1567394899300,small_vehicle,7,87
1571116894135,large_vehicle,1,82
1583203352310,large_vehicle,9,57
1567504232464,large_vehicle,2,129
1568390731052,small_vehicle,0,211
1572508709205,small_vehicle,8,19
1584439826807,small_vehicle,6,19
1566201991338,large_vehicle,1,114
1574889011434,small_vehicle,7,203
1584735803656,small_vehicle,6,204
1572983702937,small_vehicle,9,39
1584861844789,large_vehicle,3,80
1572820572164,small_vehicle,7,24
1586152989568,small_vehicle,3,316
1580078642990,large_vehicle,10,213
1565788561342,large_vehicle,6,195
1577058574088,small_vehicle,3,158
1577068816529,large_vehicle,7,246
1576071819985,large_vehicle,4,279
1573148592769,small_vehicle,2,29
1586259719343,small_vehicle,3,161
1574847740136,large_vehicle,4,221
1577624444375,small_vehicle,8,144
1565955292688,large_vehicle,4,242
1586148347882,large_vehicle,9,207
1583943776823,large_vehicle,7,159
1586354913772,small_vehicle,5,226
1571069283828,large_vehicle,7,250
1567713000281,large_vehicle,3,254
1575041917509,large_vehicle,7,355
1568043006730,small_vehicle,5,104
1573433747232,large_vehicle,2,323
1582838382757,large_vehicle,5,60
1566827476332,small_vehicle,4,355
1570398950110,small_vehicle,4,169
1573434816993,small_vehicle,7,42
1570866101821,small_vehicle,5,190
1575118317603,small_vehicle,7,8
1572714807291,small_vehicle,6,180
1567359194752,small_vehicle,0,7
1573519913191,large_vehicle,5,249
1566041286017,small_vehicle,3,26
1582113965445,small_vehicle,4,351
1570855930711,small_vehicle,1,28
1579353210006,small_vehicle,5,294
1586681360262,small_vehicle,8,77
1569339132795,small_vehicle,4,300
1573753142262,small_vehicle,1,120
1575582921782,small_vehicle,7,336
1566879614997,small_vehicle,8,273
1571320871059,large_vehicle,0,302
1565229480144,large_vehicle,4,208
1582622118287,small_vehicle,6,216
1575702002293,small_vehicle,10,46
1570220571687,large_vehicle,5,258
1566873997079,large_vehicle,6,131
1567751774612,large_vehicle,3,246
1580461649447,large_vehicle,9,48
1584354840046,small_vehicle,0,78
1582016780919,large_vehicle,0,75
1585824357344,large_vehicle,6,157
1573240866219,large_vehicle,8,329
1585105744465,large_vehicle,3,131
1572109462186,large_vehicle,8,274
1576858324490,large_vehicle,1,319
1566039418308,large_vehicle,10,145
1585019286426,small_vehicle,0,131
1565014656242,small_vehicle,4,151
1576369440197,small_vehicle,1,142
1576029392670,large_vehicle,7,224
1569753697143,small_vehicle,1,166
1567545060970,large_vehicle,2,305
1584468922074,large_vehicle,9,86
1582915670001,small_vehicle,9,233
1568780816048,large_vehicle,7,312
1577258657577,large_vehicle,5,59
1577445473167,small_vehicle,9,358
1576628398547,small_vehicle,9,242
1567252225693,large_vehicle,1,139
1580308974691,small_vehicle,9,29
1584434024255,small_vehicle,1,190
1581630856994,large_vehicle,10,29
1574582726546,small_vehicle,2,90
1578966002790,small_vehicle,2,111
1585259709403,large_vehicle,3,290
1574199040271,small_vehicle,4,168
1580307794690,large_vehicle,8,291
1566179692719,small_vehicle,10,271
1568230028882,small_vehicle,8,263
1578006967315,large_vehicle,4,145
1585198017521,large_vehicle,5,334
1565748382291,small_vehicle,3,30
1570178827705,large_vehicle,10,100
1565333333789,small_vehicle,5,141
1581619429491,large_vehicle,0,235
1577006599893,large_vehicle,1,116
1584613839918,large_vehicle,2,32
1565883283577,small_vehicle,3,187
1571212751679,large_vehicle,3,77
1583558632061,large_vehicle,4,206
1569217994557,large_vehicle,0,245
1580223102848,large_vehicle,0,211
1566280784939,small_vehicle,7,6
1571650435982,large_vehicle,1,203
1585516041212,large_vehicle,6,10
1581371976543,large_vehicle,10,115
1570316637973,small_vehicle,4,198
1576733853675,large_vehicle,5,223
1576730046046,large_vehicle,1,112
1585368428277,small_vehicle,10,37
1570852184617,large_vehicle,0,302
1578855713480,large_vehicle,2,345
1569871713438,small_vehicle,6,7
1579222905677,large_vehicle,2,26
1579227376886,small_vehicle,9,174
1585566098089,small_vehicle,7,62
1582632226006,large_vehicle,10,167
1566022556478,large_vehicle,8,0
1577860590083,large_vehicle,2,80
1566567756344,large_vehicle,1,261
1578574575776,small_vehicle,6,308
1584127029478,large_vehicle,4,242
1573229997221,large_vehicle,4,275
1580691009422,large_vehicle,10,2
1565086761480,large_vehicle,10,318
1572744308434,small_vehicle,5,4
1586605550397,large_vehicle,10,233
1570902226734,small_vehicle,8,142
1565863399571,small_vehicle,2,354
1585125224587,large_vehicle,9,336
1569732969703,small_vehicle,7,69
1583587609789,small_vehicle,9,224
1567956555989,large_vehicle,5,75
1575274019671,large_vehicle,4,257
1585381504717,large_vehicle,0,8
1579014503235,large_vehicle,10,157
1582179576473,large_vehicle,10,152
1574601452228,small_vehicle,3,319
1570468685031,small_vehicle,6,239
1580559108391,small_vehicle,8,247
1569541788143,small_vehicle,6,110
1565774396687,small_vehicle,10,204
1568484587393,small_vehicle,4,56
1567761160328,large_vehicle,4,192
1571751528346,small_vehicle,9,307
1584108665209,large_vehicle,3,53
1564903793136,large_vehicle,4,78
1571576064282,large_vehicle,8,22
1572770277872,large_vehicle,3,51
1585098133847,small_vehicle,9,8
1580926235019,large_vehicle,8,161
1584708339847,small_vehicle,10,356
1584493552300,large_vehicle,5,86
1571826234088,large_vehicle,1,135
1581801314706,large_vehicle,4,223
1573073632976,small_vehicle,8,67
1572548635147,large_vehicle,7,10
1570053676097,large_vehicle,2,48
1567654767964,small_vehicle,4,319
1568797756193,large_vehicle,3,216
1577592280440,small_vehicle,7,219
1565008112330,large_vehicle,6,227
1578625258503,small_vehicle,0,232
1583640746048,small_vehicle,8,77
1577677324369,small_vehicle,0,302
1566826482947,small_vehicle,7,333
1578404603675,small_vehicle,2,217
1583417514896,small_vehicle,10,135
1582091995281,small_vehicle,1,317
1564941978474,large_vehicle,5,248
1572955823029,small_vehicle,8,294
1585907020652,small_vehicle,10,185
1566555431262,large_vehicle,5,102
1564979125240,small_vehicle,10,266
1580843300017,large_vehicle,7,342
1577766826610,large_vehicle,6,41
1571567176861,large_vehicle,3,100
1584021757539,small_vehicle,0,85
1579883494872,large_vehicle,6,159
1578163907006,small_vehicle,6,15
1580819590373,large_vehicle,2,59
1577956115791,small_vehicle,5,359
1586696642639,small_vehicle,4,265
1586547690528,small_vehicle,8,235
1582237984763,large_vehicle,10,320
1577541663604,large_vehicle,2,267
1572189400139,small_vehicle,10,66
1576599301332,small_vehicle,3,173
1579194140481,large_vehicle,5,352
1569932358291,small_vehicle,8,198
1579781119527,large_vehicle,2,331
1581116302233,large_vehicle,0,260
1570761769847,small_vehicle,2,266
1585409680599,large_vehicle,8,266
1572608346430,small_vehicle,4,29
1586319751024,small_vehicle,8,78
1586351345929,large_vehicle,9,62
1567298566152,large_vehicle,4,351
1567205671634,small_vehicle,10,325
1576353701122,large_vehicle,6,97
1572211152587,large_vehicle,8,337
1566674542035,small_vehicle,3,336
1584213453586,large_vehicle,1,345
1575968351853,large_vehicle,4,150
1584215286049,large_vehicle,0,128
1576226428970,large_vehicle,7,75
1569780958707,small_vehicle,3,244
1576453551564,large_vehicle,9,244
1565937631789,small_vehicle,0,264
1565798930544,large_vehicle,10,339
1578357894539,small_vehicle,7,94
1566167054417,small_vehicle,7,4
1577422791953,small_vehicle,6,67
1566411114484,large_vehicle,10,184
1576732318694,large_vehicle,9,62
1575515852979,small_vehicle,7,347
1565863270024,small_vehicle,7,67
1571750231925,small_vehicle,4,323
1571226072042,large_vehicle,1,337
1571172691104,small_vehicle,0,82
1575646141909,large_vehicle,1,63
1577172651042,small_vehicle,2,2
1585739974496,small_vehicle,1,9
1570633999892,large_vehicle,8,291
1573305405353,large_vehicle,10,340
1569117671496,large_vehicle,3,335
1576642710149,large_vehicle,7,162
1569779030278,small_vehicle,7,242
1584220617422,large_vehicle,10,208
1565534719050,small_vehicle,10,357
1574724687004,large_vehicle,5,101
1573778058572,large_vehicle,8,250
1565865017791,large_vehicle,10,203
1569021472205,large_vehicle,5,219
1577269028611,small_vehicle,0,51
1573461672220,large_vehicle,7,254
1577596294128,small_vehicle,10,21
1580895595591,large_vehicle,1,182
1565772914010,large_vehicle,1,63
1577098230252,small_vehicle,8,185
1586649264353,small_vehicle,2,299
1565347405942,large_vehicle,5,71
1582852374313,small_vehicle,0,358
1575543243656,small_vehicle,7,296
1576453508741,small_vehicle,2,70
1583113356005,small_vehicle,9,313
1585436045297,large_vehicle,6,214
1575345335484,large_vehicle,1,198
1569911373719,small_vehicle,2,245
1578953347045,large_vehicle,5,230
1573812614900,large_vehicle,1,301
1580438609189,small_vehicle,10,241
1568855444459,large_vehicle,9,66
1566607636644,small_vehicle,7,139
1571693797109,small_vehicle,0,190
1568174387420,small_vehicle,2,330
1585327920204,large_vehicle,5,153
1568215103346,large_vehicle,6,140
1572499981253,small_vehicle,3,170
1579699128723,large_vehicle,1,320
1571835442831,small_vehicle,7,123
1581297440398,large_vehicle,5,345
1571877979667,small_vehicle,5,351
1570064398712,small_vehicle,5,87
1571531691210,large_vehicle,6,32
1573266095359,large_vehicle,4,252
1585933647607,small_vehicle,0,80
1578751775251,large_vehicle,9,54
1577018269130,large_vehicle,6,41
1576081046103,small_vehicle,4,222
1571028429277,small_vehicle,0,197
1577591381302,small_vehicle,1,269
1582488685890,large_vehicle,4,338
1567359901883,large_vehicle,6,19
1585636581534,large_vehicle,4,278
1570551234427,large_vehicle,5,113
1583786458445,small_vehicle,5,354
1566389351194,large_vehicle,10,177
1579463154495,small_vehicle,1,346
1585439185754,large_vehicle,7,106
1569353293438,small_vehicle,9,216
1573776175487,small_vehicle,10,351
1577434755854,small_vehicle,10,208
1577110639373,large_vehicle,10,223
1566178182112,small_vehicle,2,70
1573252177790,large_vehicle,9,317
1576697713489,small_vehicle,2,297
1576353165833,large_vehicle,7,30
1582281766069,large_vehicle,10,284
1578564052235,small_vehicle,1,257
1569222159885,small_vehicle,3,279
1569523554794,small_vehicle,6,343
1573001793204,large_vehicle,7,129
1573925870264,small_vehicle,9,58
1564690975406,large_vehicle,0,35
1584085721077,large_vehicle,7,354
1571196592380,large_vehicle,0,36
1575576497028,small_vehicle,4,297
1578591575097,large_vehicle,4,246
1576247951395,large_vehicle,3,178
1581758816567,small_vehicle,5,335
1584077881109,large_vehicle,1,208
1570910913748,small_vehicle,9,136
1580626609244,small_vehicle,5,100
1582344525911,large_vehicle,7,96
1577560186731,small_vehicle,8,88
1564923838387,large_vehicle,9,224
1584972496021,small_vehicle,5,319
1572020383531,large_vehicle,7,300
1582697431347,small_vehicle,5,233
1564671055124,large_vehicle,2,102
1580392896987,small_vehicle,5,254
1585717135708,small_vehicle,2,90
1576817760472,large_vehicle,10,171
1576606106642,small_vehicle,8,357
1565183458581,large_vehicle,2,275
1565657523460,large_vehicle,3,177
1585349390954,large_vehicle,6,200
1578504378729,small_vehicle,8,19
1577286498516,small_vehicle,10,157
1582686313003,large_vehicle,8,303
1574315827124,large_vehicle,9,177
1569089706465,small_vehicle,4,258
1579322362464,small_vehicle,8,127
1586568026258,small_vehicle,1,358
1570794264683,small_vehicle,5,137
1577422460114,large_vehicle,0,356
1567673228217,small_vehicle,10,200
1573717761263,small_vehicle,5,176
1580336015663,small_vehicle,6,268
1578406257289,small_vehicle,1,139
1570974009791,small_vehicle,10,302
1583156497010,large_vehicle,6,66
1575486018327,small_vehicle,3,276
1586182029796,large_vehicle,7,128
1571697310365,large_vehicle,3,327
1571370991720,large_vehicle,4,169
1582574903873,large_vehicle,5,167
1579058369560,large_vehicle,3,357
1575204502437,small_vehicle,0,163
1577358523735,large_vehicle,5,315
1583490951569,large_vehicle,10,322
1564682186594,large_vehicle,5,80
1571220039224,large_vehicle,8,349
1575295146078,large_vehicle,7,21
1582304501125,small_vehicle,0,319
1574324683898,large_vehicle,5,172
1565116292420,large_vehicle,6,344
1568388609249,small_vehicle,1,82
1567712853230,large_vehicle,5,168
1574418892820,large_vehicle,0,108
1571472793938,large_vehicle,0,194
1582924845460,small_vehicle,6,16
1570681877932,small_vehicle,10,156
1569067827055,large_vehicle,5,148
1584781958638,small_vehicle,8,2
1583686234579,large_vehicle,7,64
1583486781477,large_vehicle,10,5
1580384252982,large_vehicle,9,35
1571869532538,large_vehicle,0,108
1571751016294,large_vehicle,3,117
1577678638667,large_vehicle,2,159
1581881447486,large_vehicle,0,323
1564851703571,large_vehicle,8,267
1568573994075,large_vehicle,5,240
1572993616948,small_vehicle,9,157
1586475600742,small_vehicle,1,7
1575802509945,large_vehicle,8,262
1585095874999,small_vehicle,6,16
1568098804353,large_vehicle,10,271
1578701137344,small_vehicle,3,242
1564791977278,large_vehicle,2,86
1573941578900,small_vehicle,1,230
1570974080264,small_vehicle,5,89
1578139388297,small_vehicle,5,208
1585696062653,large_vehicle,5,331
1576506778811,large_vehicle,1,162
1571291467245,small_vehicle,2,262
1578101129577,small_vehicle,10,183
1586617261444,large_vehicle,0,144
1569041377287,small_vehicle,4,328
1582155230336,small_vehicle,3,73
1584449810036,large_vehicle,1,244
1572830807382,small_vehicle,7,121
1568641103069,small_vehicle,8,275
1581418855050,large_vehicle,1,189
1586098272380,small_vehicle,1,21
1576493614019,small_vehicle,9,234
1565888686288,small_vehicle,6,79
1582546160050,small_vehicle,3,217
1570552959676,small_vehicle,1,137
1581104447569,small_vehicle,10,112
1585698053043,large_vehicle,3,270
1575672558697,small_vehicle,10,191
1586432408443,small_vehicle,7,228
1584162788080,large_vehicle,6,143
1575476171915,small_vehicle,1,318
1567133999814,small_vehicle,1,196
1579316569319,small_vehicle,6,284
1566931183362,large_vehicle,3,169
1575068179450,large_vehicle,2,87
1582806449419,small_vehicle,3,193
1576948901725,small_vehicle,0,257
1567160192073,small_vehicle,9,305
1585018504347,large_vehicle,2,26
1575336126863,large_vehicle,3,3
1575469998513,large_vehicle,10,11
1570242913922,small_vehicle,4,89
1582799263822,small_vehicle,7,195
1572685416575,small_vehicle,8,142
1579154454478,large_vehicle,6,335
1568966579414,large_vehicle,8,155
1579818554621,small_vehicle,8,176
1579739420385,large_vehicle,8,131
1584670465596,large_vehicle,8,355
1581769089670,large_vehicle,8,287
1568039130208,small_vehicle,9,298
1581206450601,large_vehicle,3,94
1583563692633,large_vehicle,7,242
1568612451552,small_vehicle,2,52
1572506071934,large_vehicle,0,244
1584634030358,large_vehicle,5,247
1574976215357,small_vehicle,8,4
1575403033261,large_vehicle,8,114
1574404629482,small_vehicle,3,306
1585059445402,small_vehicle,9,328
1565283284808,large_vehicle,5,139
1583226785366,small_vehicle,5,320
1585957166622,small_vehicle,1,60
1584182420340,large_vehicle,3,259
1566580683709,large_vehicle,4,273
1571505813092,large_vehicle,0,291
1565199661661,large_vehicle,2,195
1569151434796,small_vehicle,3,12
1585563995372,small_vehicle,9,200
1565542531521,large_vehicle,1,156
1569488644152,small_vehicle,6,274
1565685922554,large_vehicle,3,17
1576689451817,large_vehicle,3,273
1578718686134,large_vehicle,4,101
1585381906473,large_vehicle,8,77
1586560825318,large_vehicle,8,41
1576794038332,large_vehicle,8,93
1585042964458,large_vehicle,9,158
1569146813118,small_vehicle,1,280
1583252200805,large_vehicle,5,335
1569790331129,small_vehicle,4,164
1568119781761,large_vehicle,8,271
1579006420457,large_vehicle,9,6
1585521729583,small_vehicle,4,320
1575843642333,small_vehicle,0,133
1564933738730,small_vehicle,1,345
1575715858016,small_vehicle,8,340
1575476817705,large_vehicle,7,123
1568223817740,large_vehicle,7,98
1585824777337,small_vehicle,10,193
1579295438112,small_vehicle,6,304
1582639646749,large_vehicle,0,211
1569705237708,small_vehicle,8,150
1575732035445,large_vehicle,4,324
1580717447166,small_vehicle,6,211
1568937283577,large_vehicle,9,290
1568340812632,large_vehicle,9,305
1581408984463,large_vehicle,7,219
1568517663727,small_vehicle,1,109
1585233682024,large_vehicle,9,240
1570246522943,large_vehicle,1,90
1571831975237,small_vehicle,5,52
1574790879128,large_vehicle,4,273
1576686883681,small_vehicle,1,151
1579350383018,large_vehicle,10,326
1579299293665,small_vehicle,6,291
1584929132753,small_vehicle,9,114
1571717255091,small_vehicle,4,205
1571451968208,small_vehicle,4,123
1574307401575,small_vehicle,5,93
1573930826014,large_vehicle,4,138
1583925462827,small_vehicle,2,29
1573580511672,large_vehicle,4,156
1580183860377,large_vehicle,5,33
1584206278031,large_vehicle,1,337
1566086791367,small_vehicle,1,239
1577973496345,small_vehicle,8,158
1572347329254,large_vehicle,10,29
1581659378695,large_vehicle,8,319
1585805905891,small_vehicle,10,115
1567700221764,small_vehicle,7,28
1568125002620,large_vehicle,10,269
1577695451583,large_vehicle,0,93
1583716301258,small_vehicle,6,355
1574606444298,large_vehicle,2,309
1580693682726,small_vehicle,10,246
1584547525342,small_vehicle,7,292
1578705027706,small_vehicle,7,216
1580535395088,large_vehicle,8,17
1572772411650,large_vehicle,6,26
1580428927950,large_vehicle,6,100
1577563888908,large_vehicle,9,13
1567245541474,small_vehicle,0,288
1579508111245,large_vehicle,6,340
1581799392685,small_vehicle,5,222
1570023371383,large_vehicle,2,56
1576289340222,small_vehicle,6,159
1579084717501,large_vehicle,10,95
1583751713949,large_vehicle,0,227
1585082385751,large_vehicle,8,360
1577160083977,large_vehicle,6,23
1566179237323,small_vehicle,5,14
1580507515540,large_vehicle,7,232
1572142081632,small_vehicle,0,278
1566257368366,large_vehicle,1,35
1581655236430,small_vehicle,7,156
1581014123752,small_vehicle,10,201
1571850184797,large_vehicle,8,335
1567966141423,small_vehicle,6,49
1580041413039,large_vehicle,5,235
1575679939861,large_vehicle,0,234
1572862007036,small_vehicle,0,78
1583410203364,small_vehicle,6,343
1575518527191,large_vehicle,6,321
1568697432542,small_vehicle,6,289
1582234809681,large_vehicle,6,47
1574880000339,small_vehicle,3,88
1569521817609,small_vehicle,0,206
1582019406620,large_vehicle,4,112
1575120254851,small_vehicle,1,32
1580811456326,small_vehicle,1,237
1577649309870,small_vehicle,5,135
1574913369234,small_vehicle,0,160
1567652689853,small_vehicle,2,93
1582521174180,large_vehicle,0,268
1575061621075,large_vehicle,1,322
1574313879684,large_vehicle,5,9
1585918758053,small_vehicle,1,222
1572343438378,large_vehicle,6,10
1578310712129,small_vehicle,10,170
1582354578857,small_vehicle,4,21
1566809210578,large_vehicle,9,90
1584681976584,large_vehicle,10,227
1570384761423,large_vehicle,10,46
1570794949283,small_vehicle,6,236
1570597078833,large_vehicle,10,261
1573555682887,large_vehicle,0,331
1576190179179,small_vehicle,9,220
1582457193746,large_vehicle,5,115
1564666952130,small_vehicle,10,247
1568532428660,small_vehicle,9,281
1565310599800,small_vehicle,2,83
1579217638896,large_vehicle,6,275
1583413310727,large_vehicle,2,190
1577524516683,small_vehicle,10,24
1581481247958,large_vehicle,7,281
1565620644170,large_vehicle,0,164
1584420555513,large_vehicle,4,346
1578743893882,small_vehicle,5,247
1570726352658,large_vehicle,1,101
1577186574131,large_vehicle,8,111
1582144285078,small_vehicle,2,91
1567965881368,small_vehicle,1,318
1577927807053,large_vehicle,9,244
1581216105496,large_vehicle,2,59
1571886264216,small_vehicle,8,180
1568035148198,small_vehicle,6,282
1575652572583,large_vehicle,1,348
1567318643837,large_vehicle,10,319
1568991719715,large_vehicle,6,289
1566745870312,large_vehicle,8,264
1583069645717,small_vehicle,2,141
1573715123243,large_vehicle,1,242
1565184971449,small_vehicle,7,166
1569470158955,small_vehicle,1,104
1568871151876,small_vehicle,4,232
1577317679513,small_vehicle,6,253
1573060754326,small_vehicle,1,27
1576172599451,small_vehicle,4,81
1583357680142,large_vehicle,6,143
1574354264338,small_vehicle,2,313
1566603452628,small_vehicle,2,120
1565944268754,small_vehicle,8,288
1573049480806,large_vehicle,4,187
1586533353133,small_vehicle,1,301
1565223493433,large_vehicle,8,275
1570130288046,large_vehicle,10,28
1584313820484,large_vehicle,1,43
1581074757749,large_vehicle,6,0
1581430780814,large_vehicle,2,355
1579767720750,large_vehicle,10,139
1565086476869,small_vehicle,4,54
1574702057065,large_vehicle,1,164
1581677692239,large_vehicle,10,260
1567373868220,small_vehicle,3,16
1579931760560,large_vehicle,6,50
1575979281025,small_vehicle,4,123
1578950247313,large_vehicle,4,250
1572276136586,small_vehicle,8,224
1574489939321,small_vehicle,2,124
1568323807563,small_vehicle,10,355
1585193354074,small_vehicle,3,226
1585731828900,small_vehicle,6,138
1576182392485,small_vehicle,1,138
1578465241059,large_vehicle,2,64
1583694112383,large_vehicle,9,267
1570926452841,small_vehicle,4,76
1571797252042,small_vehicle,5,36
1581554529650,small_vehicle,2,344
1576668634423,large_vehicle,4,271
1568986570165,small_vehicle,7,346
1570638802176,small_vehicle,7,177
1574278263930,large_vehicle,1,165
1582402208761,large_vehicle,8,352
1573864186161,small_vehicle,8,237
1566328450241,large_vehicle,5,342
1585293932850,large_vehicle,4,218
1579447572933,small_vehicle,4,336
1572630739316,small_vehicle,2,297
1572117673610,large_vehicle,9,260
1568421301190,large_vehicle,4,54
1579216843168,large_vehicle,1,294
1577582107520,large_vehicle,2,87
1577254854234,small_vehicle,5,16
1576607221820,small_vehicle,3,305
1582761196227,small_vehicle,0,314
1570584473427,large_vehicle,8,11
1567753719348,large_vehicle,4,196
1581573978432,large_vehicle,5,66
1581027698975,large_vehicle,10,335
1579632725986,large_vehicle,8,78
1575492838126,small_vehicle,0,214
1581047597842,large_vehicle,0,264
1570933621644,small_vehicle,8,183
1574000303468,large_vehicle,9,33
1566964456767,large_vehicle,7,190
1576094832489,large_vehicle,8,98
1576451996091,small_vehicle,5,51
1577078443984,large_vehicle,7,160
1585797517711,small_vehicle,3,84
1567865441984,small_vehicle,7,257
1571012065825,large_vehicle,0,266
1564843856335,large_vehicle,10,174
1582632159868,large_vehicle,3,222
1569027843242,large_vehicle,9,292
1574919192336,small_vehicle,1,306
1569794442044,large_vehicle,10,82
1581314169135,large_vehicle,6,74
1586186388765,large_vehicle,5,87
1574663443266,small_vehicle,5,247
1570269914921,large_vehicle,5,161
1568722908675,large_vehicle,3,9
1583802384431,large_vehicle,1,313
1584139875918,small_vehicle,2,46
1568936659786,large_vehicle,8,348
1574141521824,small_vehicle,2,271
1586061679800,small_vehicle,0,355
1572762777234,large_vehicle,3,287
1581960038709,small_vehicle,10,238
1564988444235,small_vehicle,0,56
1565253937269,small_vehicle,9,57
1566755201212,small_vehicle,9,66
1577138212671,small_vehicle,0,278
1579862934069,large_vehicle,9,307
1566912661526,large_vehicle,5,359
1576087764705,small_vehicle,8,96
1566302433680,large_vehicle,7,312
1569952860020,small_vehicle,0,76
1564724651184,small_vehicle,0,69
1573992584522,large_vehicle,0,105
1578215467303,large_vehicle,7,291
1566305768733,small_vehicle,0,192
1566579190514,small_vehicle,9,125
1571570071537,large_vehicle,3,185
1578785695349,small_vehicle,2,303
1580670916147,large_vehicle,5,124
1571213452753,small_vehicle,3,45
1568412466344,large_vehicle,8,253
1576133192632,small_vehicle,8,228
1580648520287,small_vehicle,10,331
1573136377986,large_vehicle,4,244
1586198110906,small_vehicle,5,53
1584099097028,small_vehicle,9,206
1581540223470,small_vehicle,0,345
1578676575011,small_vehicle,3,291
1585177873583,small_vehicle,7,172
1582941008423,large_vehicle,3,104
1576598926801,small_vehicle,3,94
1584452579000,large_vehicle,3,34
1581121854877,small_vehicle,0,166
1577845830146,small_vehicle,6,222
1572821993383,large_vehicle,7,59
1565661780688,small_vehicle,6,280
1568521357459,small_vehicle,5,28
1586187436261,small_vehicle,2,229
1571379765592,large_vehicle,8,333
1570199812639,small_vehicle,2,324
1585871441738,large_vehicle,8,125
1583995122570,small_vehicle,0,154
1586572783411,large_vehicle,0,105
1583617166817,small_vehicle,4,331
1579415716540,small_vehicle,4,171
1566171953763,large_vehicle,7,12
1581098215512,large_vehicle,3,233
1575009563812,large_vehicle,8,159
1568953770891,large_vehicle,8,89
1583776685438,large_vehicle,5,236
1583123022969,small_vehicle,7,101
1581407574503,small_vehicle,10,264
1568431063333,large_vehicle,7,43
1578183995022,large_vehicle,0,140
1567343172860,small_vehicle,0,55
1568367412321,large_vehicle,7,6
1583517304643,small_vehicle,0,26
1577582849303,large_vehicle,10,51
1566362651775,large_vehicle,3,14
1576574703166,small_vehicle,10,153
1570637718463,small_vehicle,7,43
1576399704423,large_vehicle,9,145
1569614618358,small_vehicle,3,172
1576798722145,large_vehicle,7,134
1574197388477,small_vehicle,2,7
1574220080659,large_vehicle,4,223
1571266542853,large_vehicle,6,38
1578754603641,large_vehicle,2,285
1576078714149,small_vehicle,7,217
1585477423465,small_vehicle,5,246
1566860040922,small_vehicle,7,15
1580553806580,large_vehicle,0,246
1566957432979,large_vehicle,5,89
1585632734379,large_vehicle,4,185
1566868927609,small_vehicle,7,148
1565011239117,small_vehicle,2,19
1566326216505,small_vehicle,1,44
1582267457638,large_vehicle,1,223
1568343937121,large_vehicle,4,112
1585447064993,large_vehicle,4,111
1580108459275,large_vehicle,6,10
1572212577727,large_vehicle,4,60
1578058475321,small_vehicle,5,323
1585619032638,large_vehicle,5,246
1566049592105,small_vehicle,7,236
1583260306933,small_vehicle,3,69
1572524887160,large_vehicle,4,292
1581993261990,large_vehicle,2,326
1572906379058,large_vehicle,6,217
1570738856861,small_vehicle,3,18
1586289739610,large_vehicle,9,232
1584899191199,small_vehicle,6,103
1569541447837,large_vehicle,1,90
1581187217859,large_vehicle,4,10
1567010587539,large_vehicle,8,278
1573767108717,small_vehicle,3,179
1579886271133,large_vehicle,9,61
1577706959436,large_vehicle,6,31
1581364309708,small_vehicle,10,316
1568310563505,large_vehicle,2,195
1564717673403,large_vehicle,0,167
1585005344743,small_vehicle,4,18
1569244985298,small_vehicle,3,303
1576158549151,large_vehicle,1,28
1571127575617,large_vehicle,1,264
1585646313341,large_vehicle,6,38
1575237566470,large_vehicle,6,318
1566864297412,large_vehicle,8,196
1583787655993,small_vehicle,2,273
1583289631434,small_vehicle,2,102
1566641863220,small_vehicle,9,211
1571869090857,large_vehicle,7,47
1568430845744,small_vehicle,8,2
1574642702619,small_vehicle,6,214
1578763841388,large_vehicle,0,75
1573754768441,small_vehicle,7,110
1576647228265,small_vehicle,4,150
1571392667308,large_vehicle,2,249
1569691320750,small_vehicle,4,212
1586485510447,small_vehicle,4,222
1575813200024,small_vehicle,10,277
1584514166715,large_vehicle,9,243
1571351181591,small_vehicle,2,42
1570332517588,large_vehicle,9,313
1573709150666,large_vehicle,2,155
1582059888985,small_vehicle,3,281
1575043488193,small_vehicle,10,337
1580155650465,small_vehicle,10,323
1583368913154,small_vehicle,4,222
1581180837244,large_vehicle,7,109
1573416501290,large_vehicle,8,210
1582716166834,small_vehicle,7,153
1573537824867,small_vehicle,1,6
1576182037612,small_vehicle,3,359
1573364337740,small_vehicle,7,52
1579377269414,large_vehicle,10,17
1568080434340,large_vehicle,8,157
1575915983461,large_vehicle,5,15
1580092116675,small_vehicle,4,70
1575413449329,small_vehicle,3,24
1567845551437,large_vehicle,8,238
1565998662098,small_vehicle,1,346
1579764001303,small_vehicle,8,77
1574693725987,small_vehicle,6,105
1583441485357,large_vehicle,5,103
1581341624629,large_vehicle,7,131
1565721477262,small_vehicle,5,171
1576544019929,large_vehicle,5,0
1577539691442,small_vehicle,2,97
1579435572259,large_vehicle,2,354
1567609169240,small_vehicle,7,7
1579158710458,large_vehicle,4,153
1566499027532,small_vehicle,2,342
1569725600459,large_vehicle,0,260
1578572948434,large_vehicle,0,37
1577508656001,large_vehicle,5,132
1576049176946,large_vehicle,3,331
1566417294518,large_vehicle,5,340
1566282287325,small_vehicle,3,31
1570098474358,small_vehicle,5,170
1575939318098,large_vehicle,0,193
1568480051713,large_vehicle,10,173
1583593060514,large_vehicle,0,317
1565286401411,large_vehicle,8,357
1582424071886,small_vehicle,9,63
1586017401579,large_vehicle,4,8
1580377700043,large_vehicle,9,299
1573921146990,large_vehicle,10,347
1565417233361,small_vehicle,10,74
1582993283618,small_vehicle,5,255
1566688433165,small_vehicle,7,331
1575516697723,small_vehicle,8,185
1576318301748,large_vehicle,1,240
1583066521113,large_vehicle,0,285
1585035725437,large_vehicle,6,225
1568094266508,small_vehicle,10,70
1574138043972,large_vehicle,9,200
1583118025473,large_vehicle,2,46
1568295728211,small_vehicle,4,289
1578842968344,small_vehicle,8,231
1571565759016,small_vehicle,6,20
1574963044356,small_vehicle,10,347
1566715934764,large_vehicle,4,4
1575963810766,large_vehicle,3,326
1578582539277,large_vehicle,4,352
1568579382079,large_vehicle,5,288
1570334944715,small_vehicle,4,106
1568671322999,small_vehicle,8,136
1569390441436,large_vehicle,8,278
1575967648520,small_vehicle,7,171
1577714031458,large_vehicle,6,129
1567755254452,small_vehicle,0,345
1571312267303,large_vehicle,0,262
1569556926534,large_vehicle,9,45
1570614861769,small_vehicle,1,172
1577145940746,large_vehicle,4,339
