1584465025131,large_vehicle,1,56
1580720640717,large_vehicle,0,267
1578660696720,large_vehicle,10,233
1579460877635,large_vehicle,3,133
1576521138662,large_vehicle,1,46
1580252308459,small_vehicle,6,10
1581159805150,large_vehicle,8,275
1564657638479,small_vehicle,9,278
1565801153707,small_vehicle,4,149
1566257490880,large_vehicle,3,231
1580794206658,small_vehicle,0,5
1581003127182,small_vehicle,4,340
1567121339301,small_vehicle,0,90
1580421554137,small_vehicle,6,303
1582712285111,small_vehicle,8,147
1585548969643,large_vehicle,7,9
1577815762798,small_vehicle,5,211
1578476633969,small_vehicle,10,81
1574026326328,small_vehicle,4,30
1580877717144,small_vehicle,3,313
1567735669764,small_vehicle,4,151
1567796060492,large_vehicle,10,198
1578410657841,large_vehicle,7,131
1565824801252,large_vehicle,8,280
1573957158842,large_vehicle,2,312
1567521143168,small_vehicle,6,217
1576632134780,large_vehicle,7,217
1570936195962,small_vehicle,4,244
1564785534747,small_vehicle,0,146
1568941572901,large_vehicle,5,144
1586289743188,large_vehicle,9,134
1580203974017,large_vehicle,4,85
1579459576124,small_vehicle,6,141
1572400087762,large_vehicle,3,239
1578099814783,small_vehicle,1,116
1584216610435,small_vehicle,3,22
1564930247528,small_vehicle,8,96
1570457501878,small_vehicle,8,319
1573010514414,large_vehicle,8,161
1574819939972,large_vehicle,5,100
1584711031507,small_vehicle,9,303
1568501605442,small_vehicle,8,50
1581438062222,large_vehicle,6,101
1573490046508,large_vehicle,6,294
1568424132940,large_vehicle,7,148
1573782031944,large_vehicle,7,130
1564907324996,small_vehicle,8,72
1573560597358,small_vehicle,1,205
1569397421765,large_vehicle,4,49
1579207625221,large_vehicle,0,116
1568092970370,small_vehicle,4,341
1566679389816,small_vehicle,8,242
1566980912708,large_vehicle,1,233
1567156093901,large_vehicle,0,133
1578823833708,small_vehicle,5,164
1582501501650,small_vehicle,4,346
1582629897775,small_vehicle,4,292
1581457514841,small_vehicle,7,86
1583512210048,small_vehicle,6,115
1577321887569,small_vehicle,8,37
1579038026211,small_vehicle,8,117
1565659559093,small_vehicle,0,267
1581341386354,small_vehicle,9,315
1582029988014,small_vehicle,3,295
1565487454774,large_vehicle,3,285
1577198071871,small_vehicle,7,137
1573104595352,small_vehicle,4,342
1583524078025,small_vehicle,8,298
1583085805431,small_vehicle,4,111
1578788928002,large_vehicle,2,216
1575274083191,small_vehicle,2,334
1579944467215,small_vehicle,3,236
1570384537974,large_vehicle,1,89
1568515038005,large_vehicle,3,80
1583479254464,large_vehicle,8,2
1571827984318,large_vehicle,2,316
1580931920017,small_vehicle,5,278
1577235140718,large_vehicle,10,345
1580321978242,large_vehicle,5,99
1585541758076,large_vehicle,6,39
1571334076524,small_vehicle,10,334
1571367659492,small_vehicle,2,144
1577157217622,small_vehicle,7,61
1575683211187,large_vehicle,1,178
1576917347681,large_vehicle,0,326
1584284789451,small_vehicle,6,224
1574879987996,large_vehicle,5,229
1579255117467,large_vehicle,1,349
1571564910838,large_vehicle,0,93
1578504769338,small_vehicle,10,260
1579512693700,small_vehicle,7,101
1579407252628,large_vehicle,7,233
1576829618483,large_vehicle,5,15
1576670704002,small_vehicle,10,160
1568161139915,small_vehicle,6,61
1574495552539,large_vehicle,9,155
1571450952655,small_vehicle,4,137
1574915144288,large_vehicle,8,220
1586387508908,large_vehicle,6,151
1573061612918,large_vehicle,8,80
1571210141431,large_vehicle,3,179
1566933203702,large_vehicle,4,327
1575045145697,large_vehicle,1,156
1581509103363,small_vehicle,3,91
1580537725117,small_vehicle,6,171
1585848666487,large_vehicle,3,82
1582319312527,small_vehicle,1,73
1582978048321,small_vehicle,9,266
1580521962592,large_vehicle,2,64
1584049480306,large_vehicle,4,5
1568609245260,small_vehicle,2,274
1582299348545,small_vehicle,9,313
1586068949083,small_vehicle,10,253
1579920837617,large_vehicle,0,244
1585826220192,large_vehicle,9,358
1583989460359,small_vehicle,1,266
1578773454094,large_vehicle,4,248
1576051601967,small_vehicle,10,321
1580188850245,small_vehicle,9,193
1584424280256,large_vehicle,2,137
1581682299607,large_vehicle,1,66
1575347373599,large_vehicle,8,3
1579690384186,small_vehicle,9,298
1577740527934,small_vehicle,4,126
1579196783204,small_vehicle,3,247
1574542439488,small_vehicle,4,267
1580186972606,small_vehicle,8,19
1570116494337,small_vehicle,0,171
1577793753466,small_vehicle,10,271
1577283582409,small_vehicle,3,90
1567358348830,large_vehicle,7,282
1583884588404,small_vehicle,4,196
1570245883820,small_vehicle,0,101
1583686922281,small_vehicle,10,141
1577682924870,large_vehicle,8,292
1575344489433,small_vehicle,0,169
1580593070889,small_vehicle,5,28
1585752006957,large_vehicle,8,230
1578710962029,small_vehicle,9,16
1565312523850,large_vehicle,2,261
1575962243732,small_vehicle,2,78
1576598145141,large_vehicle,0,17
1565605763366,large_vehicle,3,275
1577585001642,large_vehicle,7,261
1569637051185,small_vehicle,2,75
1576211488672,large_vehicle,0,50
1581643559488,small_vehicle,4,243
1583001039226,large_vehicle,7,100
1581652781016,large_vehicle,10,289
1566557994579,large_vehicle,2,57
1578715235791,large_vehicle,8,162
1570620982733,small_vehicle,5,172
1585541374568,small_vehicle,7,185
1585566440449,large_vehicle,1,163
1580189710432,small_vehicle,8,273
1575034297459,large_vehicle,2,116
1570943369569,large_vehicle,3,254
1573747992864,large_vehicle,0,300
1584334977163,small_vehicle,9,90
1581793210909,large_vehicle,9,152
1574868837866,large_vehicle,2,91
1570411583116,small_vehicle,1,0
1577292923137,large_vehicle,4,258
1566250281058,small_vehicle,9,247
1565391807539,small_vehicle,9,212
1581806387973,small_vehicle,8,218
1576186389984,large_vehicle,6,221
1582963385197,small_vehicle,5,170
1585916623276,small_vehicle,9,134
1583033856641,small_vehicle,10,190
1580050447142,small_vehicle,2,37
1572999241144,small_vehicle,4,322
1585684532905,small_vehicle,6,218
1568408983509,large_vehicle,7,188
1576872940108,small_vehicle,1,228
1578334377160,small_vehicle,5,106
1580490261998,large_vehicle,2,224
1581381787819,small_vehicle,7,76
1566279611896,small_vehicle,7,80
1570985864023,large_vehicle,2,311
1586665647896,small_vehicle,0,234
1579242312303,large_vehicle,9,196
1578654632359,small_vehicle,8,19
1569200641333,large_vehicle,6,76
1581594237353,small_vehicle,5,167
1575443115811,large_vehicle,6,326
1576917786092,large_vehicle,2,160
1585207803686,large_vehicle,2,339
1583121278813,large_vehicle,3,208
1567606779046,small_vehicle,5,155
1568693818104,large_vehicle,3,284
1581239844459,large_vehicle,8,46
1571107684133,large_vehicle,4,284
1570149257319,small_vehicle,3,147
1570254877342,small_vehicle,2,79
1565465437533,small_vehicle,0,42
1574555641517,large_vehicle,9,246
1567055109402,large_vehicle,6,68
1583139156701,small_vehicle,3,141
1583318237014,large_vehicle,1,324
1571044275296,large_vehicle,1,307
1586575780032,large_vehicle,6,71
1584701318685,large_vehicle,7,305
1577390791603,small_vehicle,2,315
1572982104614,large_vehicle,7,161
1582856154593,large_vehicle,1,141
1577490320577,small_vehicle,0,97
1565350961806,small_vehicle,3,352
1579406329886,small_vehicle,8,251
1580303051142,small_vehicle,1,12
1585562634269,large_vehicle,10,29
1582675549935,small_vehicle,4,48
1586583266756,small_vehicle,5,215
1575900103853,small_vehicle,4,194
1584993515569,large_vehicle,3,173
1579933001409,small_vehicle,7,85
1570352568711,small_vehicle,5,35
1579587662504,large_vehicle,9,95
1579424847393,small_vehicle,3,10
1581166018701,large_vehicle,8,146
1568648544417,large_vehicle,9,332
1575131124219,small_vehicle,7,281
1567557981954,large_vehicle,1,70
1576240371840,large_vehicle,10,93
1582130539706,small_vehicle,10,360
1567518306889,small_vehicle,0,295
1568414584923,large_vehicle,10,45
1567149118836,large_vehicle,6,303
1581588444468,small_vehicle,2,267
1568672023316,small_vehicle,7,131
1584121775483,small_vehicle,0,109
1571475594191,large_vehicle,2,143
1577356068657,large_vehicle,2,177
1575087565592,small_vehicle,4,20
1566772605156,large_vehicle,10,45
1574710939849,small_vehicle,3,141
1571628023910,small_vehicle,7,207
1586538532347,small_vehicle,9,137
1578113131324,large_vehicle,10,161
1565631047621,small_vehicle,9,260
1583705597724,large_vehicle,10,27
1580757842426,small_vehicle,10,119
1572512432889,large_vehicle,7,215
1568629627365,large_vehicle,7,147
1582472522288,large_vehicle,4,291
1584809565119,large_vehicle,0,86
1582262405478,large_vehicle,8,139
1564904036681,small_vehicle,9,93
1576441934875,small_vehicle,1,241
1582170662577,small_vehicle,2,221
1582950128965,small_vehicle,4,0
1586411989334,small_vehicle,5,113
1572717912223,small_vehicle,6,261
1583804898520,large_vehicle,9,154
1571563252045,large_vehicle,1,104
1569983689178,small_vehicle,3,136
1586369059861,large_vehicle,2,153
1567011925400,large_vehicle,10,78
1572826052721,small_vehicle,7,121
1572171093458,large_vehicle,6,209
1578670797077,small_vehicle,7,250
1585934850601,large_vehicle,2,204
1581678543258,small_vehicle,4,97
1581058215995,small_vehicle,8,328
1572329022048,small_vehicle,4,157
1586440701067,large_vehicle,10,221
1579998806608,small_vehicle,5,96
1577005372968,large_vehicle,8,346
1586512060969,small_vehicle,6,206
1586305632475,large_vehicle,0,81
1574530502700,small_vehicle,1,210
1570578488201,small_vehicle,2,157
1575039635215,large_vehicle,10,26
1572735070111,small_vehicle,9,41
1566867680234,large_vehicle,7,278
1585416127194,large_vehicle,10,278
1578211781137,small_vehicle,1,138
1573446784279,small_vehicle,10,62
1571467013788,large_vehicle,7,110
1568903768742,small_vehicle,9,245
1575478168187,small_vehicle,6,243
1584327679231,small_vehicle,6,210
1578567436501,small_vehicle,10,257
1569354371014,large_vehicle,4,290
1570260356444,small_vehicle,8,294
1567091475625,small_vehicle,3,142
1569605875634,large_vehicle,3,310
1567220338483,small_vehicle,4,11
1583036128429,large_vehicle,7,86
1581340949983,small_vehicle,6,322
1582612332241,large_vehicle,6,275
1573673388425,small_vehicle,4,346
1575346375896,small_vehicle,8,143
1570054456314,small_vehicle,4,240
1571701438838,small_vehicle,3,294
1582095690538,large_vehicle,6,335
1578484308112,small_vehicle,6,89
1564856139312,small_vehicle,2,259
1577163974462,small_vehicle,5,334
1584109692182,small_vehicle,7,262
1570265962388,small_vehicle,4,109
1583111891175,large_vehicle,7,62
1574705747238,large_vehicle,7,114
1586239931821,small_vehicle,10,29
1576834832979,large_vehicle,10,143
1578413116171,large_vehicle,0,6
1576248956636,large_vehicle,1,341
1585541821410,large_vehicle,10,144
1576240508253,large_vehicle,1,16
1575921167636,large_vehicle,8,147
1570613285795,large_vehicle,0,352
1583125433678,small_vehicle,2,137
1580486348493,small_vehicle,1,148
1577180528083,small_vehicle,9,356
1582069742181,large_vehicle,1,83
1574487032769,small_vehicle,5,229
1572623554190,small_vehicle,8,232
1575342226506,large_vehicle,3,283
1566380254492,large_vehicle,3,53
1581901633996,large_vehicle,10,206
1574657587779,large_vehicle,8,90
1584875695521,large_vehicle,8,117
1570670119261,small_vehicle,7,125
1574671221169,large_vehicle,4,127
1568780919450,small_vehicle,2,208
1572094231030,large_vehicle,1,131
1567243609256,large_vehicle,8,217
1584351789430,small_vehicle,2,258
1583014568195,small_vehicle,0,96
1574645564870,large_vehicle,6,185
1574679069743,large_vehicle,4,68
1571075138397,small_vehicle,3,203
1574253776298,large_vehicle,10,58
1582558222554,large_vehicle,2,204
1581640916972,small_vehicle,0,217
1571701501136,large_vehicle,2,87
1582223395313,large_vehicle,3,77
1570125091591,large_vehicle,3,66
1572782268340,large_vehicle,4,142
1582400702806,small_vehicle,6,338
1577867798377,small_vehicle,9,55
1586440758466,small_vehicle,5,278
1575765905343,small_vehicle,8,205
1581971033469,large_vehicle,9,359
1566743466226,large_vehicle,3,94
1576626371362,large_vehicle,9,246
1578727940930,small_vehicle,8,68
1573123623154,large_vehicle,6,110
1574611984687,small_vehicle,3,109
1583497803100,small_vehicle,6,289
1582679654935,small_vehicle,5,345
1572210405073,large_vehicle,8,73
1570073549626,small_vehicle,5,175
1585491195846,large_vehicle,4,321
1571845122679,small_vehicle,7,64
1566342846387,large_vehicle,1,343
1579784999080,large_vehicle,1,343
1570525103207,small_vehicle,10,227
1567801452567,small_vehicle,9,221
1566195419390,small_vehicle,3,289
1566699080893,large_vehicle,9,168
1565971691070,small_vehicle,8,306
1571039071782,large_vehicle,4,11
1583341499290,small_vehicle,1,165
1573748029094,large_vehicle,10,272
1580092696602,small_vehicle,10,265
1581029974403,small_vehicle,6,226
1575893791475,large_vehicle,4,139
1570811430526,large_vehicle,8,1
1572938566560,small_vehicle,2,40
1580171351989,large_vehicle,2,310
1585270933471,small_vehicle,5,57
1576604886418,large_vehicle,0,344
1584976473545,small_vehicle,1,6
1576993189350,large_vehicle,4,148
1572794350724,large_vehicle,4,335
1575924288545,small_vehicle,4,319
1577647194466,small_vehicle,9,88
1583951527619,small_vehicle,2,270
1583845623890,small_vehicle,4,284
1576191541085,small_vehicle,10,81
1577320732755,small_vehicle,5,240
1582187975905,large_vehicle,2,308
1578324755986,large_vehicle,2,320
1577908635031,large_vehicle,1,52
1584534690688,small_vehicle,3,257
1572156905892,small_vehicle,6,193
1566295736586,small_vehicle,5,97
1580536852679,small_vehicle,9,131
1586404782910,small_vehicle,8,267
1583239165323,large_vehicle,10,312
1574055711732,small_vehicle,7,24
1565567458768,large_vehicle,1,25
1573386728013,large_vehicle,5,178
1578505888549,large_vehicle,4,258
1567266947765,large_vehicle,7,97
1567223119360,small_vehicle,10,188
1565815428402,small_vehicle,4,114
1574935101351,small_vehicle,1,282
1573982841691,small_vehicle,1,181
1579015190449,large_vehicle,6,225
1570522133917,small_vehicle,8,194
1584595569937,small_vehicle,8,54
1565315711087,large_vehicle,9,111
1583418662416,large_vehicle,4,43
1569218767022,small_vehicle,10,164
1573046387877,large_vehicle,10,72
1579236571946,large_vehicle,4,85
1577701761342,large_vehicle,4,329
1565669052858,small_vehicle,7,302
1576666939625,large_vehicle,3,134
1576631132207,large_vehicle,5,83
1576864888564,small_vehicle,1,188
1568692847413,small_vehicle,5,322
1578373063200,large_vehicle,3,290
1577072933988,small_vehicle,6,149
1580819742642,small_vehicle,2,275
1580532060173,large_vehicle,7,216
1568824636555,small_vehicle,4,39
1579498307669,small_vehicle,9,106
1569829103780,small_vehicle,2,303
1578334508515,large_vehicle,3,288
1581894924514,large_vehicle,2,148
1566801217677,large_vehicle,6,351
1572548537395,small_vehicle,3,304
1583760699991,large_vehicle,1,104
1583345163088,small_vehicle,5,242
1577086749996,large_vehicle,7,56
1576472327505,small_vehicle,5,345
1582891943428,small_vehicle,10,208
1585066619372,small_vehicle,8,177
1567323833705,large_vehicle,6,192
1583939459252,small_vehicle,7,241
1564681689256,small_vehicle,8,233
1584598727413,large_vehicle,1,144
1575737141261,large_vehicle,9,324
1571686402795,large_vehicle,6,169
1578948692062,large_vehicle,7,168
1568471153660,small_vehicle,8,78
1567753212450,large_vehicle,7,331
1578641486299,small_vehicle,0,282
1574308716891,small_vehicle,4,337
1579117700066,small_vehicle,3,70
1585598916995,small_vehicle,5,304
1585204111046,small_vehicle,7,271
1565475492773,small_vehicle,0,146
1582315873542,large_vehicle,7,18
1572502350055,small_vehicle,0,260
1579008931901,large_vehicle,5,340
1583857127099,large_vehicle,5,228
1567589947834,small_vehicle,10,354
1571982074457,small_vehicle,1,206
1577715071402,large_vehicle,0,319
1580535830401,small_vehicle,3,250
1566842895395,large_vehicle,8,69
1570036939492,large_vehicle,4,167
1582352215645,large_vehicle,3,337
1582380164171,small_vehicle,4,105
1582424235370,small_vehicle,3,175
1578681945956,small_vehicle,10,294
1581778248464,small_vehicle,4,327
1583135414142,large_vehicle,9,35
1582307987839,small_vehicle,3,160
1565590985155,large_vehicle,10,342
1576506814179,large_vehicle,0,238
1582239222164,large_vehicle,0,215
1570086053490,small_vehicle,10,101
1572480334690,small_vehicle,1,176
1569393902012,small_vehicle,1,3
1571245668858,large_vehicle,4,313
1571449475865,large_vehicle,5,58
1567240112795,large_vehicle,10,8
1568989713297,large_vehicle,6,173
1585903724672,large_vehicle,9,37
1572367135677,large_vehicle,4,71
1567434007686,small_vehicle,0,122
1580873678140,small_vehicle,4,247
1582270651597,large_vehicle,1,209
1577195452865,small_vehicle,2,257
1580745600620,large_vehicle,6,194
1581119199245,small_vehicle,1,9
1585147211347,small_vehicle,6,14
1576321956375,large_vehicle,8,144
1570737724959,large_vehicle,2,321
1576016812028,large_vehicle,10,74
1585594521053,large_vehicle,10,131
1574597366007,large_vehicle,7,59
1576422402336,small_vehicle,3,325
1566890799168,small_vehicle,0,53
1577828365615,small_vehicle,7,310
1582470951833,large_vehicle,7,301
1571263835076,small_vehicle,0,33
1565359885598,small_vehicle,5,112
1578549313338,large_vehicle,9,44
1571378182381,large_vehicle,8,329
1576112967843,small_vehicle,4,346
1579499114239,small_vehicle,3,128
1574348765733,large_vehicle,7,272
1566228488602,small_vehicle,1,31
1583240957441,large_vehicle,3,230
1565605465099,small_vehicle,2,297
1578511802787,large_vehicle,0,344
1580911903207,small_vehicle,6,255
1570854265469,small_vehicle,5,352
1566484325801,large_vehicle,5,178
1574183389082,large_vehicle,4,272
1578255810995,small_vehicle,0,3
1569021790251,small_vehicle,6,122
1579799892528,large_vehicle,1,234
1573653253064,small_vehicle,8,144
1578803342597,small_vehicle,2,324
1573428722150,small_vehicle,0,36
1572073819887,small_vehicle,7,151
1570741798968,large_vehicle,4,238
1577831725280,large_vehicle,1,10
1573009839699,small_vehicle,7,279
1569340705321,small_vehicle,10,234
1573025024598,large_vehicle,0,234
1571466492674,small_vehicle,7,249
1570187717704,small_vehicle,2,271
1571545620061,small_vehicle,5,314
1566252347677,small_vehicle,5,173
1572047698637,small_vehicle,1,250
1570625035605,small_vehicle,1,100
1580880323070,large_vehicle,5,53
1564906540104,small_vehicle,5,163
1586433156499,small_vehicle,9,309
1566990994866,large_vehicle,1,300
1577300187245,large_vehicle,3,340
1572643679342,large_vehicle,2,111
1585706101983,small_vehicle,9,9
1565829263984,large_vehicle,5,198
1568427615190,small_vehicle,4,85
1571487502674,large_vehicle,1,108
1569564873300,small_vehicle,9,117
1579492412981,large_vehicle,9,124
1565498551113,large_vehicle,5,349
1581417856133,large_vehicle,0,201
1586556325682,large_vehicle,8,285
1568363339042,large_vehicle,10,320
1570830852178,large_vehicle,0,6
1577923523537,large_vehicle,1,325
1575733667454,large_vehicle,8,201
1565155263640,small_vehicle,3,187
1583485164471,small_vehicle,10,325
1577641085772,small_vehicle,9,166
1570666120452,large_vehicle,7,56
1571519960672,small_vehicle,6,273
1577867252429,small_vehicle,10,130
1576567576093,small_vehicle,9,194
1576113662954,small_vehicle,9,103
1577810599061,small_vehicle,0,13
1576425401839,small_vehicle,2,77
1575139050732,small_vehicle,2,42
1565275430328,large_vehicle,9,254
1569697487913,small_vehicle,9,78
1581899314789,large_vehicle,4,30
1569111752318,large_vehicle,10,28
1580372240546,small_vehicle,10,223
1578204115741,large_vehicle,1,68
1580532073633,large_vehicle,0,111
1579173724279,small_vehicle,10,327
1575418838557,small_vehicle,9,99
1566475673378,large_vehicle,9,256
1586302076337,large_vehicle,10,75
1585450602327,large_vehicle,10,265
1571150295323,small_vehicle,5,352
1575876651922,small_vehicle,7,297
1579916070698,small_vehicle,8,38
1578871994197,small_vehicle,10,349
1571057312192,large_vehicle,3,117
1586607274956,large_vehicle,6,274
1565594747760,small_vehicle,7,64
1565131909984,large_vehicle,2,235
1571439150758,large_vehicle,10,105
1574833074888,large_vehicle,9,307
1579695994370,small_vehicle,0,92
1582341434106,small_vehicle,9,314
1567358042959,large_vehicle,6,151
1565755217304,small_vehicle,3,350
1576205176298,large_vehicle,4,199
1584590657297,large_vehicle,5,250
1574716717657,small_vehicle,7,352
1568347518941,large_vehicle,6,189
1569551626413,large_vehicle,3,271
1584374972418,large_vehicle,0,343
1569653727283,small_vehicle,2,68
1571357529366,large_vehicle,3,6
1576319459253,large_vehicle,7,106
1568974415239,large_vehicle,10,339
1572886795973,large_vehicle,0,147
1584241597881,large_vehicle,7,23
1585860219313,small_vehicle,6,334
1577562529006,small_vehicle,3,171
1569903012035,large_vehicle,6,292
1579504162114,small_vehicle,6,127
1566482790430,large_vehicle,6,320
1567017451068,small_vehicle,2,217
1570670112113,small_vehicle,4,165
1584502912192,large_vehicle,5,299
1582821177881,large_vehicle,9,281
1582279471089,large_vehicle,4,33
1574382705674,small_vehicle,3,344
1570190151222,small_vehicle,5,234
1583426472409,small_vehicle,2,198
1578725783776,large_vehicle,8,330
1575421527829,large_vehicle,8,102
1586708124755,small_vehicle,3,58
1570151731689,large_vehicle,2,283
1571102688245,small_vehicle,8,140
1584309809197,small_vehicle,5,342
1565873672053,large_vehicle,0,347
1565936845699,large_vehicle,8,278
1567786985429,large_vehicle,9,223
1582293082321,small_vehicle,7,117
1570373415118,large_vehicle,10,338
1574716054072,large_vehicle,6,10
1584689214636,large_vehicle,4,116
1566103622374,large_vehicle,9,279
1571376897670,large_vehicle,7,19
1580986503275,small_vehicle,2,147
1583990663068,large_vehicle,10,144
1585205907700,large_vehicle,10,165
1565461821233,large_vehicle,1,339
1583407662427,small_vehicle,0,185
1571266335725,large_vehicle,1,158
1583404456018,small_vehicle,9,217
1585663062789,small_vehicle,2,228
1580753476563,large_vehicle,6,206
1580394030826,large_vehicle,4,294
1564900151917,large_vehicle,6,62
1584759488901,large_vehicle,1,324
1578509799967,large_vehicle,10,38
1582797909613,large_vehicle,5,69
1576881350658,small_vehicle,9,287
1570360484609,large_vehicle,6,293
1567848933041,large_vehicle,10,208
1573837994572,small_vehicle,9,91
1586118539963,small_vehicle,10,316
1573126774518,large_vehicle,3,222
1566568119068,large_vehicle,2,315
1572923875862,large_vehicle,2,351
1580932948300,large_vehicle,10,105
1575301893368,small_vehicle,10,44
1572154656585,small_vehicle,2,310
1584581839627,large_vehicle,8,219
1567358122968,large_vehicle,4,302
1578535638745,small_vehicle,2,44
1582604669182,large_vehicle,5,88
1579752452691,large_vehicle,7,131
1586125179415,large_vehicle,2,126
1576389001480,small_vehicle,10,84
1565464311609,small_vehicle,2,28
1565914067267,small_vehicle,7,187
1565884952861,large_vehicle,0,131
1585895147536,large_vehicle,0,58
1566074596494,large_vehicle,3,151
1569681277632,large_vehicle,4,68
1568277424422,small_vehicle,6,66
1566051005121,small_vehicle,9,79
1583852387473,large_vehicle,7,204
1572450861022,large_vehicle,1,237
1574194517826,small_vehicle,0,60
1574848018492,small_vehicle,5,19
1569216912158,small_vehicle,0,215
1580502392201,large_vehicle,7,316
1569209193995,large_vehicle,1,70
1577382682813,small_vehicle,10,245
1572079774313,large_vehicle,1,281
1576636670239,small_vehicle,7,265
1582274438675,large_vehicle,3,314
1576087051607,small_vehicle,2,195
1577450001971,large_vehicle,8,57
1572320225558,small_vehicle,8,13
1575689100125,small_vehicle,0,291
1586647726926,small_vehicle,10,136
1575545124932,small_vehicle,8,293
1564839250716,large_vehicle,2,174
1582102429805,large_vehicle,2,319
1567140607426,large_vehicle,1,122
1571670053717,small_vehicle,5,342
1567692157615,small_vehicle,2,216
1586198596009,small_vehicle,6,160
1568546903251,large_vehicle,3,211
1571730851589,large_vehicle,4,25
1567054006038,small_vehicle,5,99
1583470232921,large_vehicle,7,268
1574713779515,large_vehicle,8,306
1585113782708,small_vehicle,1,296
1567129290441,large_vehicle,7,287
1569327718327,large_vehicle,2,173
1580937412188,small_vehicle,10,268
1584177714510,large_vehicle,1,299
1566428362802,large_vehicle,9,324
1573899092348,small_vehicle,8,198
1578595232561,large_vehicle,8,126
1583677925265,large_vehicle,2,325
1570808317098,small_vehicle,1,79
1565267305818,large_vehicle,7,19
1584247799564,large_vehicle,4,237
1566699867935,small_vehicle,2,61
1579257254429,small_vehicle,0,320
1568926897148,small_vehicle,9,281
1570822192245,large_vehicle,10,262
1577542446547,small_vehicle,5,158
1564921977771,large_vehicle,4,93
1583367125042,small_vehicle,3,235
1570021275601,large_vehicle,10,181
1570503351524,large_vehicle,2,137
1583645907031,large_vehicle,8,155
1585931559406,small_vehicle,3,348
1568726343126,large_vehicle,0,249
1573263765690,small_vehicle,10,54
1575588773033,large_vehicle,3,234
1584602259493,large_vehicle,1,15
1575278865186,large_vehicle,9,290
1568495098449,small_vehicle,1,128
1569627048333,small_vehicle,6,137
1575759566971,small_vehicle,5,140
1565303207756,large_vehicle,3,184
1574678993618,small_vehicle,9,348
1578572738423,small_vehicle,0,141
1578037935829,large_vehicle,3,327
1569447359718,small_vehicle,10,14
1576603794039,large_vehicle,6,351
1575129125683,small_vehicle,3,263
1574403701968,small_vehicle,5,310
1581967770744,small_vehicle,2,174
1569891323547,small_vehicle,7,95
1571088966926,small_vehicle,1,85
1567359666268,large_vehicle,7,305
1579712774423,large_vehicle,6,240
1575709602880,small_vehicle,4,287
1569008045334,small_vehicle,0,316
1569652712456,small_vehicle,0,184
1578409571183,large_vehicle,3,193
1581567432154,small_vehicle,3,229
1585504158298,large_vehicle,5,41
1574513110083,large_vehicle,5,21
1585729105605,small_vehicle,10,359
1575843549437,small_vehicle,6,100
1575059907351,large_vehicle,4,194
1573118894486,large_vehicle,3,249
1565271727225,small_vehicle,4,63
1573410361483,small_vehicle,6,274
1565205374884,small_vehicle,8,327
1581133688769,large_vehicle,0,28
1568556228609,small_vehicle,2,52
1570753645893,small_vehicle,8,254
1583415912645,small_vehicle,3,68
1576655941875,large_vehicle,1,298
1583747844672,small_vehicle,8,291
1584850685695,small_vehicle,7,59
1568284829992,large_vehicle,1,231
1575056342857,large_vehicle,7,243
1570868841037,large_vehicle,0,353
1572889886328,small_vehicle,8,183
1569095816539,small_vehicle,8,219
1570886453728,large_vehicle,0,119
1574580471378,large_vehicle,2,337
1567483083758,small_vehicle,8,348
1578821133543,large_vehicle,6,68
1580247998040,small_vehicle,4,270
1580719659453,small_vehicle,4,33
1586712257966,large_vehicle,7,16
1583025717970,large_vehicle,9,3
1564972588048,small_vehicle,4,38
1578851591369,small_vehicle,1,346
1565019051620,large_vehicle,7,228
1582041485665,large_vehicle,0,273
1581850810231,large_vehicle,8,106
1570403480289,small_vehicle,6,137
1580011868260,small_vehicle,8,259
1572556025767,small_vehicle,6,46
1581986227459,small_vehicle,10,209
1572369213262,small_vehicle,6,193
1573676208624,small_vehicle,9,167
1585592636681,small_vehicle,10,271
1574220712782,small_vehicle,6,222
1566426912314,small_vehicle,5,150
1582572025561,small_vehicle,4,300
1581911700975,small_vehicle,4,158
1584646551302,small_vehicle,7,213
1570899628811,large_vehicle,9,159
1581081243992,small_vehicle,10,94
1575663831054,small_vehicle,9,86
1582596015233,large_vehicle,5,63
1581282884833,small_vehicle,10,252
1566664116947,small_vehicle,5,61
1572464597250,small_vehicle,0,153
1564710367965,large_vehicle,4,84
1584895213560,large_vehicle,3,9
1572483740898,small_vehicle,5,325
1573992606889,small_vehicle,6,41
1584716335908,small_vehicle,5,34
1565387485300,large_vehicle,10,335
1583303596032,small_vehicle,4,188
1575336234667,large_vehicle,10,264
1566714939608,small_vehicle,6,359
1573434317733,small_vehicle,1,159
1566430092369,large_vehicle,6,68
1569802090036,small_vehicle,0,236
1568795084963,large_vehicle,4,47
1573993284505,small_vehicle,4,87
1569001969558,large_vehicle,6,156
1585993966063,small_vehicle,6,286
1584241085157,large_vehicle,4,201
1578893311294,small_vehicle,0,349
1586496282087,small_vehicle,9,2
1572724158258,large_vehicle,5,221
1571199583461,small_vehicle,0,121
1579663918828,large_vehicle,10,18
1582866814823,large_vehicle,9,63
1566768755475,small_vehicle,4,246
1574532477291,large_vehicle,10,231
1585667249674,small_vehicle,4,40
1568939572659,small_vehicle,4,292
1569043484750,small_vehicle,5,134
1585571481243,large_vehicle,5,239
1581109005528,large_vehicle,8,129
1567360670441,small_vehicle,6,212
1575544675617,large_vehicle,7,49
1574950894607,small_vehicle,2,219
1570213534624,small_vehicle,3,226
1573476888469,small_vehicle,8,232
1572877421020,large_vehicle,8,125
1567817403377,large_vehicle,9,219
1581675341190,small_vehicle,1,355
1578451017591,small_vehicle,8,315
1579515619208,small_vehicle,1,58
1571539153918,small_vehicle,3,332
1574981802921,small_vehicle,0,207
1570140064529,small_vehicle,1,117
1585886800936,small_vehicle,7,339
1565344327365,small_vehicle,0,69
1570493119688,small_vehicle,8,140
1585831753186,small_vehicle,4,185
1579151237495,large_vehicle,6,252
1565564153227,small_vehicle,5,88
1564708003198,large_vehicle,3,86
1571166339716,small_vehicle,7,116
1569698232438,large_vehicle,8,1
1565172686323,large_vehicle,7,274
1564881370846,large_vehicle,4,295
1572506456727,large_vehicle,10,52
1572998132144,large_vehicle,8,211
1577659435911,small_vehicle,10,294
1573454002861,large_vehicle,10,34
1583510368415,small_vehicle,1,248
1566847171442,small_vehicle,3,124
1572869706817,small_vehicle,2,210
1573436744120,small_vehicle,1,13
1570348514798,large_vehicle,3,57
1565276604958,large_vehicle,9,124
1576213436386,large_vehicle,4,112
1584178524693,small_vehicle,4,267
1578591088857,large_vehicle,1,94
1574327268884,small_vehicle,8,110
1567336692565,small_vehicle,2,256
1567990922418,large_vehicle,4,205
1576262364888,small_vehicle,3,285
1565065580420,small_vehicle,1,192
1578996956007,small_vehicle,9,317
1582115565461,large_vehicle,8,9
1581141936766,small_vehicle,0,174
1565159628033,large_vehicle,3,116
1568499051834,small_vehicle,4,40
1580308319275,large_vehicle,1,260
1579709805225,large_vehicle,6,222
1565442214788,small_vehicle,9,301
1585483793352,large_vehicle,2,15
1582949358808,small_vehicle,6,351
1581422561824,small_vehicle,8,87
1574193341017,large_vehicle,4,293
1571000004334,small_vehicle,5,205
1568453241769,large_vehicle,6,273
1577577782008,large_vehicle,9,243
1565773826153,small_vehicle,2,161
1565399562069,small_vehicle,9,266
1583117415171,large_vehicle,5,258
1581144614263,small_vehicle,8,322
1571210643771,small_vehicle,7,284
1573289499419,small_vehicle,9,304
1573870386066,small_vehicle,2,268
1586382240324,small_vehicle,8,37
1576329190932,small_vehicle,10,320
1585996922292,large_vehicle,4,270
1574793425563,small_vehicle,2,123
1585107244614,large_vehicle,10,183
1580425424193,small_vehicle,1,167
1567592742511,large_vehicle,8,30
1573180057725,large_vehicle,8,185
1574889001773,large_vehicle,5,63
1569001648034,small_vehicle,0,273
1567995347586,large_vehicle,0,184
1570051840038,large_vehicle,0,314
1571971878473,large_vehicle,8,347
1575524866686,large_vehicle,0,179
1585543871042,large_vehicle,0,40
1564682871625,large_vehicle,3,188
1574193568732,large_vehicle,7,115
1580726890877,small_vehicle,1,265
1576854475010,large_vehicle,7,32
1572304996154,small_vehicle,4,2
1577290404399,small_vehicle,0,261
1565922799214,small_vehicle,2,241
1572225558204,large_vehicle,1,127
1570241271704,large_vehicle,6,146
1577438799128,small_vehicle,8,249
1576353323089,large_vehicle,1,59
1581272686675,small_vehicle,1,155
1586628360684,large_vehicle,0,230
1577963695544,large_vehicle,4,221
1572511546866,small_vehicle,4,244
1586040497593,small_vehicle,1,351
1568914961348,small_vehicle,1,225
1568820231903,small_vehicle,4,275
1576152723274,small_vehicle,1,80
1580049035103,small_vehicle,1,215
1566502752274,small_vehicle,4,44
1583353668507,small_vehicle,7,146
1579899099586,small_vehicle,3,289
1568185054788,small_vehicle,9,270
1569932238720,large_vehicle,3,36
1582155914621,small_vehicle,6,204
1585863204372,large_vehicle,10,317
1571629475436,small_vehicle,4,210
1579279427459,small_vehicle,1,127
1567808505024,small_vehicle,2,93
1578527036507,small_vehicle,5,186
1565773773385,small_vehicle,8,358
1577544783142,large_vehicle,1,159
1569699000953,small_vehicle,8,166
1582514161218,large_vehicle,10,206
1566914455274,small_vehicle,7,263
1576275029288,small_vehicle,4,342
1586206040231,small_vehicle,2,34
1574740369211,small_vehicle,4,94
1568709346639,small_vehicle,1,331
1565641426951,small_vehicle,1,143
1582171749596,large_vehicle,0,261
1573799011041,large_vehicle,0,1
1576603399351,large_vehicle,9,127
1573407034664,large_vehicle,5,57
1577260440410,large_vehicle,3,41
1579192911822,large_vehicle,8,353
1584312212376,large_vehicle,7,357
1575210746071,large_vehicle,1,341
1578376570835,large_vehicle,9,166
1568958690819,small_vehicle,1,338
1573963789033,small_vehicle,6,209
1565443278318,large_vehicle,9,271
1575610328998,large_vehicle,8,111
1566189714278,small_vehicle,3,212
1584289416224,large_vehicle,2,144
1570642567384,small_vehicle,5,198
1580854391978,small_vehicle,4,210
1570278208223,small_vehicle,1,225
1585077652342,large_vehicle,10,145
1565191252051,large_vehicle,8,205
1575847309750,large_vehicle,10,335
1580539020993,large_vehicle,0,101
1584863526129,large_vehicle,6,212
1565211492828,large_vehicle,9,349
1581360719099,large_vehicle,4,159
1585177228523,large_vehicle,5,31
1569051307812,small_vehicle,1,356
1577673155407,large_vehicle,0,79
1584959606002,large_vehicle,10,330
1578854559289,large_vehicle,9,133
1564899208833,large_vehicle,4,33
1574932437285,large_vehicle,1,191
1572677333416,small_vehicle,3,177
1585461157379,small_vehicle,7,239
1570167621059,small_vehicle,4,316
1567464199354,small_vehicle,8,32
1566531789153,large_vehicle,2,232
1569492001699,small_vehicle,8,310
1582001519509,large_vehicle,10,60
1578825664103,large_vehicle,5,22
1567119423703,small_vehicle,2,166
1569178359904,small_vehicle,6,46
1569247186273,large_vehicle,4,112
1577960719682,large_vehicle,2,79
1586332498086,large_vehicle,0,34
1566958992775,small_vehicle,2,75
1572469062519,large_vehicle,3,167
1571066052016,small_vehicle,3,63
1569299527803,large_vehicle,2,137
1574358955467,large_vehicle,8,12
1577587215062,small_vehicle,8,294
1583511278582,small_vehicle,5,36
1576698517185,small_vehicle,8,246
1571452863774,small_vehicle,0,116
1579434934828,small_vehicle,6,359
1565357425913,large_vehicle,10,135
1568563694169,small_vehicle,1,140
1576456694675,large_vehicle,0,283
1584566836307,small_vehicle,6,230
1579759486846,large_vehicle,9,113
