1582472215786,large_vehicle,7,221
1574563434291,large_vehicle,1,50
1577465431518,small_vehicle,7,43
1586600776356,large_vehicle,4,75
1581713284916,large_vehicle,4,293
1565010359199,large_vehicle,2,48
1577090048231,small_vehicle,3,233
1571982136969,small_vehicle,7,120
1579991695537,small_vehicle,10,250
1576296213891,small_vehicle,10,99
1583642352330,large_vehicle,7,143
1574505458019,small_vehicle,6,340
1565611299961,small_vehicle,4,45
1575477933619,large_vehicle,10,40
1584441144184,large_vehicle,7,105
1573777440189,small_vehicle,5,281
1585861154481,large_vehicle,7,67
1578116024447,large_vehicle,7,165
1574106269854,large_vehicle,8,210
1577304435027,large_vehicle,10,257
1570589563291,small_vehicle,7,123
1569410987442,large_vehicle,6,87
1567231486399,small_vehicle,5,119
1568336377030,large_vehicle,1,197
1583525999212,large_vehicle,3,230
1585220257938,small_vehicle,3,3
1570586436918,small_vehicle,10,265
1573366548863,small_vehicle,8,235
1566262934376,large_vehicle,0,76
1567503541730,small_vehicle,6,84
1572440883468,large_vehicle,3,259
1582206037023,small_vehicle,6,246
1575356722034,small_vehicle,2,343
1569848164312,small_vehicle,1,74
1582972771137,small_vehicle,6,340
1580290648988,large_vehicle,5,264
1586138925383,large_vehicle,8,134
1578867309425,small_vehicle,3,135
1577966499400,large_vehicle,10,191
1566841192662,large_vehicle,0,9
1575899094147,small_vehicle,4,257
1578411005837,small_vehicle,4,117
1573787759908,small_vehicle,8,41
1581425381585,small_vehicle,4,35
1579347860925,large_vehicle,0,227
1572157944460,large_vehicle,4,139
1576951502934,large_vehicle,3,319
1586457154049,small_vehicle,4,85
1572757485957,small_vehicle,10,102
1565371593134,large_vehicle,5,13
1578753137876,large_vehicle,5,64
1582309273608,large_vehicle,8,302
1569636334711,small_vehicle,7,329
1571072303370,large_vehicle,8,96
1568641120048,small_vehicle,10,111
1573616298357,small_vehicle,7,236
1581130229207,small_vehicle,3,212
1581882885986,small_vehicle,9,143
1584167849403,large_vehicle,6,278
1568334709776,large_vehicle,10,166
1572436798356,small_vehicle,9,236
1584900217480,large_vehicle,0,196
1579632893234,small_vehicle,1,115
1586727419041,small_vehicle,5,271
1567648983766,small_vehicle,10,210
1585214525327,small_vehicle,2,12
1578585757944,large_vehicle,9,198
1580521982080,large_vehicle,4,341
1565225578002,large_vehicle,7,87
1576729955532,small_vehicle,0,93
1586680433660,small_vehicle,9,8
1581540186064,large_vehicle,3,261
1581566189787,large_vehicle,2,136
1567803119059,small_vehicle,2,202
1581250975648,large_vehicle,0,138
1576025221236,large_vehicle,0,262
1568405500324,large_vehicle,6,326
1577348341956,small_vehicle,10,61
1565622632423,large_vehicle,7,24
1583864552154,large_vehicle,6,266
1572000727115,small_vehicle,10,180
1566665476718,large_vehicle,2,45
1576381184222,small_vehicle,6,324
1579401952308,small_vehicle,4,11
1586159909872,small_vehicle,3,244
1576940687345,small_vehicle,10,317
1571331523984,large_vehicle,5,108
1576223076850,large_vehicle,5,279
1584794264524,small_vehicle,10,247
1569211085401,small_vehicle,6,167
1570240905932,large_vehicle,10,163
1572300757835,small_vehicle,8,156
1564683802852,small_vehicle,6,146
1565405968779,large_vehicle,7,68
1574219037832,small_vehicle,6,125
1575235790044,small_vehicle,10,136
1583619528889,large_vehicle,0,123
1580436877337,large_vehicle,3,189
1569877256475,small_vehicle,3,202
1565376033199,large_vehicle,4,222
1583832739053,large_vehicle,6,136
1565371917467,large_vehicle,8,186
1568333731889,large_vehicle,2,127
1568629091843,small_vehicle,9,171
1584172434546,small_vehicle,5,281
1585226165600,large_vehicle,2,18
1586023978558,large_vehicle,0,210
1567558926614,large_vehicle,3,134
1569898651593,large_vehicle,4,208
1585374217515,large_vehicle,7,203
1584324455963,large_vehicle,5,114
1581022317081,small_vehicle,0,43
1571440418745,small_vehicle,7,29
1579336831407,small_vehicle,8,91
1577389772365,large_vehicle,9,285
1569091274143,small_vehicle,0,184
1569601595548,large_vehicle,0,2
1571062034565,small_vehicle,8,179
1585776102577,large_vehicle,1,174
1569398533915,large_vehicle,5,165
1571949380425,small_vehicle,5,170
1575766182346,large_vehicle,9,264
1568315942634,small_vehicle,10,262
1581673025402,large_vehicle,9,246
1586526909306,large_vehicle,2,162
1566371673421,large_vehicle,9,315
1584578756214,small_vehicle,9,348
1576674674120,small_vehicle,4,357
1568389255678,large_vehicle,5,249
1580766491186,large_vehicle,5,113
1579665660730,small_vehicle,4,172
1582752846975,small_vehicle,7,214
1566178467661,small_vehicle,8,142
1572972861670,small_vehicle,1,102
1566983073816,small_vehicle,9,40
1586644414424,small_vehicle,1,84
1568507517757,large_vehicle,6,88
1573885011041,small_vehicle,1,309
1571443149077,large_vehicle,2,287
1576971141050,large_vehicle,0,43
1567701423305,small_vehicle,1,164
1578889553291,small_vehicle,0,143
1579845613125,small_vehicle,1,246
1584632770471,small_vehicle,8,112
1565832783162,large_vehicle,7,260
1577262251821,large_vehicle,8,262
1584436058721,large_vehicle,0,82
1582605464217,large_vehicle,5,354
1575459883945,large_vehicle,3,301
1578719567011,large_vehicle,8,136
1572423379797,small_vehicle,2,191
1570187164683,small_vehicle,8,247
1570515149644,large_vehicle,10,29
1564882979603,small_vehicle,10,264
1578930092682,large_vehicle,0,36
1565695874946,large_vehicle,9,293
1573112069185,small_vehicle,3,8
1567059665422,large_vehicle,9,268
1566142692365,large_vehicle,8,296
1582388908971,large_vehicle,3,291
1575853776499,large_vehicle,1,67
1586461315778,large_vehicle,10,165
1572848658295,large_vehicle,9,331
1575869811073,large_vehicle,3,129
1565605620480,large_vehicle,4,52
1572360069880,small_vehicle,7,83
1572069315930,small_vehicle,5,99
1567487447496,small_vehicle,7,10
1586575071518,large_vehicle,9,74
1574280288647,small_vehicle,6,176
1577507182886,small_vehicle,5,179
1572902993229,small_vehicle,4,344
1576716236381,small_vehicle,5,292
1566485755226,small_vehicle,9,103
1575065789862,small_vehicle,8,313
1574165501935,small_vehicle,8,298
1569696637938,small_vehicle,0,312
1583508798469,small_vehicle,6,49
1573452930746,large_vehicle,2,51
1569051782984,small_vehicle,1,225
1572550001093,large_vehicle,9,160
1573394404765,small_vehicle,7,298
1575055294310,small_vehicle,4,314
1571398815080,small_vehicle,2,238
1580330448688,small_vehicle,3,32
1582344988961,small_vehicle,2,304
1573343516034,large_vehicle,10,81
1582996288663,large_vehicle,6,224
1565773808794,small_vehicle,5,224
1574439211844,large_vehicle,1,68
1570823656753,large_vehicle,4,317
1585721254146,small_vehicle,1,141
1570192465687,small_vehicle,6,210
1581693655809,large_vehicle,8,93
1579269107929,small_vehicle,3,326
1565886091653,small_vehicle,7,100
1569900724048,small_vehicle,9,134
1568405648980,small_vehicle,7,222
1573325861695,small_vehicle,0,314
1579667091254,small_vehicle,6,341
1574347960214,large_vehicle,8,246
1571877970933,small_vehicle,3,43
1582298456541,small_vehicle,2,73
1566795516268,small_vehicle,4,117
1570553282157,small_vehicle,10,281
1570127930321,small_vehicle,10,64
1574142886164,small_vehicle,5,85
1575305816565,large_vehicle,3,315
1586668271145,small_vehicle,3,200
1575151818854,small_vehicle,2,163
1568799437894,large_vehicle,1,325
1571919976353,large_vehicle,4,280
1580299607070,large_vehicle,10,303
1578536763046,large_vehicle,8,6
1577250868134,large_vehicle,6,240
1586043762445,large_vehicle,4,338
1578965900544,small_vehicle,8,188
1572457998369,small_vehicle,6,32
1569350185496,large_vehicle,4,64
1580541870498,large_vehicle,6,104
1576265735998,large_vehicle,9,206
1577279725898,small_vehicle,10,88
1575095440672,small_vehicle,3,356
1585901155096,small_vehicle,9,45
1582587637211,large_vehicle,7,201
1572467554263,small_vehicle,6,207
1572737465621,large_vehicle,3,183
1570825398504,large_vehicle,9,128
1573321201952,large_vehicle,10,213
1577193854860,large_vehicle,9,229
1572680612377,large_vehicle,6,262
1565979460371,large_vehicle,7,34
1579919177269,small_vehicle,5,186
1575242534982,small_vehicle,4,177
1571684480393,large_vehicle,5,30
1570514224393,large_vehicle,2,80
1578219936339,large_vehicle,8,154
1574804485219,large_vehicle,5,39
1586152426465,small_vehicle,3,40
1582389470647,small_vehicle,8,352
1564965422622,large_vehicle,0,119
1585559061082,large_vehicle,4,259
1583971847668,large_vehicle,2,155
1566846239221,small_vehicle,8,240
1576162733376,large_vehicle,4,77
1578505738418,large_vehicle,2,14
1581267419345,small_vehicle,4,184
1581392899621,small_vehicle,6,279
1567433192123,large_vehicle,1,300
1568879035141,large_vehicle,10,124
1582265269477,large_vehicle,8,222
1575095811137,large_vehicle,9,127
1580066979993,large_vehicle,10,191
1574246882831,small_vehicle,4,236
1572471156983,small_vehicle,9,232
1566653957152,small_vehicle,2,118
1572546908569,large_vehicle,6,122
1568539687265,small_vehicle,0,96
1580522929601,small_vehicle,2,4
1566862144343,large_vehicle,0,74
1585713446219,small_vehicle,10,309
1585402141415,large_vehicle,4,92
1576368912432,small_vehicle,5,67
1580252652843,small_vehicle,3,132
1585714775567,large_vehicle,4,337
1569413855089,large_vehicle,1,115
1585971753870,large_vehicle,6,94
1571708985607,small_vehicle,1,118
1579690054373,small_vehicle,5,248
1574757489136,large_vehicle,6,353
1579450494959,large_vehicle,2,308
1583882265987,small_vehicle,9,13
1570590001726,large_vehicle,0,73
1577360469979,large_vehicle,10,281
1565612179289,large_vehicle,9,20
1566314251585,small_vehicle,4,20
1574240476510,large_vehicle,5,22
1575333375154,small_vehicle,0,176
1576215658522,small_vehicle,8,251
1572315423353,large_vehicle,3,210
1580914577129,large_vehicle,10,64
1574161310554,large_vehicle,6,253
1565671267067,large_vehicle,2,340
1567183830666,large_vehicle,0,349
1572754311288,large_vehicle,6,263
1586030690166,large_vehicle,4,110
1572531417075,small_vehicle,8,143
1569333359482,small_vehicle,8,287
1566351292015,large_vehicle,0,141
1569032305297,large_vehicle,4,31
1580709616963,large_vehicle,3,170
1572468865196,small_vehicle,6,321
1565952914387,small_vehicle,1,108
1582630487012,small_vehicle,5,51
1586380719860,small_vehicle,1,319
1573739730917,large_vehicle,8,31
1566603052296,large_vehicle,10,183
1569566157521,small_vehicle,1,53
1581379756327,small_vehicle,1,266
1569899148257,large_vehicle,4,126
1565236372368,large_vehicle,0,106
1582682442929,large_vehicle,8,11
1580327206241,large_vehicle,2,116
1564822970813,large_vehicle,6,63
1566124552541,small_vehicle,6,257
1565906659396,small_vehicle,9,199
1572132336880,large_vehicle,6,4
1583976342351,small_vehicle,9,109
1570009180653,small_vehicle,10,291
1571078048784,large_vehicle,1,211
1566859140145,large_vehicle,0,49
1570369553991,large_vehicle,9,157
1581819829679,small_vehicle,8,278
1575261927133,large_vehicle,8,234
1579349889382,large_vehicle,5,341
1582806005063,small_vehicle,4,343
1573071514126,large_vehicle,1,96
1581506171944,small_vehicle,6,200
1584072015641,small_vehicle,6,162
1586323272089,small_vehicle,1,347
1569479516846,large_vehicle,5,88
1570074484085,large_vehicle,5,207
1582048333144,small_vehicle,10,104
1584044027578,small_vehicle,3,207
1570662142072,large_vehicle,8,244
1578740981675,small_vehicle,5,95
1582283385983,small_vehicle,5,40
1569929245861,small_vehicle,7,309
1569567187379,small_vehicle,6,165
1582570414682,large_vehicle,10,270
1571069284488,large_vehicle,4,274
1583457026051,large_vehicle,4,212
1565517071826,large_vehicle,9,19
1582261204647,large_vehicle,0,225
1582236627470,small_vehicle,5,287
1564795585648,large_vehicle,8,313
1569602545706,small_vehicle,1,274
1574931527836,small_vehicle,1,140
1573155735387,large_vehicle,5,198
1568791237500,small_vehicle,1,173
1565212216960,small_vehicle,1,156
1577623661338,small_vehicle,3,248
1573576620539,small_vehicle,6,42
1584676791702,small_vehicle,2,179
1568682941203,small_vehicle,4,163
1572544056851,large_vehicle,5,206
1572405760972,small_vehicle,4,119
1567524072914,large_vehicle,1,229
1571198507544,small_vehicle,5,152
1577161791486,large_vehicle,5,138
1576131416777,large_vehicle,4,104
1570405739575,large_vehicle,0,136
1585571316674,large_vehicle,0,18
1571842171092,small_vehicle,3,134
1576051261362,small_vehicle,5,126
1570247662381,small_vehicle,1,140
1586160067068,small_vehicle,0,227
1583782702329,small_vehicle,4,290
1571053126420,large_vehicle,2,323
1582283758523,small_vehicle,3,130
1581489285593,small_vehicle,10,126
1575844523829,large_vehicle,0,293
1583796259950,small_vehicle,7,167
1580960577224,large_vehicle,9,225
1575697426430,large_vehicle,3,13
1566420006586,large_vehicle,6,63
1575510306663,large_vehicle,4,224
1564814514647,small_vehicle,5,66
1565276337525,small_vehicle,0,217
1573310122463,large_vehicle,6,147
1578694379929,small_vehicle,10,150
1576824173893,large_vehicle,3,326
1565577068596,large_vehicle,3,155
1567504812746,large_vehicle,6,298
1575508339541,small_vehicle,2,272
1578026456107,small_vehicle,7,86
1575425448518,small_vehicle,8,32
1567458024400,small_vehicle,0,3
1575988305733,small_vehicle,6,229
1576673655157,small_vehicle,3,247
1576565847179,large_vehicle,3,52
1584380316242,small_vehicle,6,33
1577051010992,small_vehicle,3,168
1571953855444,large_vehicle,0,137
1575503960535,large_vehicle,0,157
1568021465024,small_vehicle,9,295
1565884986511,small_vehicle,3,278
1569133159848,large_vehicle,5,102
1578166546920,large_vehicle,1,327
1579866769339,small_vehicle,9,252
1573764021447,small_vehicle,3,248
1584553182898,small_vehicle,0,358
1584530636677,large_vehicle,1,234
1565413565295,small_vehicle,3,229
1579315150973,small_vehicle,8,167
1582594057829,small_vehicle,8,2
1577581755895,large_vehicle,8,74
1565035140703,small_vehicle,10,9
1565358485781,large_vehicle,4,345
1579210117682,large_vehicle,3,76
1586726100375,large_vehicle,2,313
1573429328528,large_vehicle,6,209
1577863853079,large_vehicle,7,240
1581766719758,large_vehicle,6,169
1566413817387,small_vehicle,3,159
1573493634895,small_vehicle,7,137
1565880997737,large_vehicle,6,156
1569102237707,large_vehicle,9,82
1578540304144,small_vehicle,1,200
1581095891098,large_vehicle,9,212
1581426799856,large_vehicle,0,183
1571051911486,small_vehicle,6,209
1572354368816,small_vehicle,0,16
1576760033030,large_vehicle,5,133
1583092258461,large_vehicle,9,236
1569343783980,large_vehicle,1,221
1582069331061,small_vehicle,4,264
1581662699840,small_vehicle,4,295
1572750341378,small_vehicle,3,212
1582494052962,large_vehicle,1,322
1585375836624,small_vehicle,8,186
1567324470059,small_vehicle,3,15
1573734855816,small_vehicle,1,146
1566858436962,large_vehicle,1,69
1579019551778,large_vehicle,3,188
1571751966154,large_vehicle,10,339
1584262470884,small_vehicle,0,339
1570171281106,large_vehicle,0,202
1572005360683,large_vehicle,1,133
1566401565694,small_vehicle,1,328
1565153216347,large_vehicle,10,245
1583043042145,small_vehicle,8,134
1577330307012,large_vehicle,10,70
1581311899036,large_vehicle,6,1
1579026820083,small_vehicle,8,49
1580299163098,small_vehicle,9,133
1579208521875,small_vehicle,9,4
1586495417074,large_vehicle,4,185
1565207089481,large_vehicle,4,122
1577595024538,large_vehicle,4,210
1572344050965,large_vehicle,3,105
1570283263055,large_vehicle,7,360
1569906760838,small_vehicle,10,232
1578323785604,small_vehicle,8,18
1575891005250,small_vehicle,9,157
1566764773510,large_vehicle,6,295
1570076204539,large_vehicle,0,43
1573197384748,small_vehicle,0,75
1566543669689,small_vehicle,0,295
1581376606101,large_vehicle,1,245
1567295496234,small_vehicle,1,59
1568943911288,small_vehicle,1,87
1580714329639,small_vehicle,0,96
1584591148305,large_vehicle,8,201
1570518467183,small_vehicle,5,118
1577736996013,small_vehicle,4,321
1585064389602,large_vehicle,2,92
1585104738417,large_vehicle,3,234
1569431610008,large_vehicle,6,356
1574730124853,large_vehicle,4,208
1574764165648,small_vehicle,2,250
1585762433269,large_vehicle,9,333
1583978435748,small_vehicle,2,106
1581487553370,small_vehicle,7,123
1572640965227,large_vehicle,1,69
1564915179668,small_vehicle,4,62
1566018076429,large_vehicle,7,117
1576513673395,large_vehicle,6,160
1570294368442,small_vehicle,4,150
1576021658394,small_vehicle,4,281
1569088146549,small_vehicle,2,174
1574079939423,large_vehicle,4,344
1573256258990,large_vehicle,2,292
1569282036697,small_vehicle,5,184
1571886653953,small_vehicle,2,77
1565322563793,small_vehicle,8,56
1575881120179,small_vehicle,5,75
1578095700591,large_vehicle,9,71
1577418146179,large_vehicle,8,88
1572564591245,small_vehicle,9,47
1578815383308,large_vehicle,5,17
1578111671283,large_vehicle,1,115
1565279240922,small_vehicle,7,331
1573530165729,large_vehicle,3,317
1580123958499,small_vehicle,9,6
1577204105514,small_vehicle,0,297
1580290226442,small_vehicle,9,253
1582233290786,large_vehicle,7,324
1577884281518,small_vehicle,0,94
1569254967305,small_vehicle,4,276
1579191289571,large_vehicle,4,180
1582671519023,small_vehicle,1,260
1583677766494,large_vehicle,9,351
1567532000014,small_vehicle,4,222
1581921764271,large_vehicle,6,170
1583005163708,small_vehicle,9,290
1585415029004,large_vehicle,8,330
1583149817220,small_vehicle,5,185
1568410527942,large_vehicle,1,177
1572261598193,large_vehicle,4,179
1583897808018,small_vehicle,2,216
1565064494647,large_vehicle,8,357
1582501088435,small_vehicle,4,347
1584667200933,small_vehicle,8,276
1579295081343,small_vehicle,3,254
1584592263013,large_vehicle,7,223
1585953113283,large_vehicle,9,72
1583366040868,large_vehicle,6,29
1572761303689,large_vehicle,4,258
1574228378333,small_vehicle,0,143
1567088935607,large_vehicle,9,247
1573540342442,small_vehicle,4,232
1564864694999,small_vehicle,4,281
1586406783797,large_vehicle,2,18
1572185368451,large_vehicle,0,289
1571452576951,small_vehicle,3,349
1566934542672,large_vehicle,4,58
1574334190896,small_vehicle,8,155
1570055621037,small_vehicle,7,219
1571541917433,small_vehicle,9,228
1579857873859,small_vehicle,2,355
1577452424707,small_vehicle,2,18
1576314393986,small_vehicle,9,98
1566622619932,large_vehicle,10,237
1567214942102,large_vehicle,0,354
1579895331335,small_vehicle,5,354
1576830373023,large_vehicle,3,3
1570577945625,small_vehicle,3,81
1568139331316,large_vehicle,1,91
1574800701998,large_vehicle,0,77
1583577131537,small_vehicle,4,240
1577667617262,small_vehicle,2,280
1580333051276,large_vehicle,8,318
1577182544404,small_vehicle,10,265
1569632892216,small_vehicle,9,0
1583556596439,small_vehicle,4,331
1580896853110,large_vehicle,6,100
1571264618392,large_vehicle,3,53
1568487700152,small_vehicle,0,208
1572339844483,large_vehicle,6,68
1566504123397,large_vehicle,8,249
1584835419680,large_vehicle,9,162
1569347788356,small_vehicle,0,107
1568470929220,large_vehicle,1,237
1577668905364,large_vehicle,1,138
1571128764096,small_vehicle,6,154
1569244946598,small_vehicle,5,231
1573463004924,small_vehicle,7,286
1581059347492,large_vehicle,5,341
1567060589521,large_vehicle,7,324
1578449401865,small_vehicle,7,121
1583657187420,small_vehicle,9,264
1569550877947,small_vehicle,9,150
1569222333071,large_vehicle,1,184
1569457729939,small_vehicle,6,129
1581586093627,small_vehicle,6,302
1571963336480,large_vehicle,0,83
1586377536332,large_vehicle,4,7
1567547474925,small_vehicle,6,356
1579142006347,large_vehicle,1,341
1582725069390,large_vehicle,6,352
1574961131573,large_vehicle,0,173
1576284397777,large_vehicle,1,323
1566070348996,small_vehicle,10,56
1583666468627,small_vehicle,9,50
1567767795099,small_vehicle,1,18
1583446045491,small_vehicle,8,188
1580935403977,large_vehicle,5,141
1582669723894,small_vehicle,6,0
1580841155020,small_vehicle,9,178
1565406454444,large_vehicle,1,341
1584371815899,small_vehicle,2,99
1580558117895,small_vehicle,4,101
1579846134567,large_vehicle,3,242
1579029334265,small_vehicle,6,54
1580176769861,large_vehicle,8,221
1578225913128,large_vehicle,0,186
1579521784287,small_vehicle,7,110
1572343332061,large_vehicle,4,12
1569961735816,large_vehicle,0,269
1584664038561,small_vehicle,9,258
1577024136762,large_vehicle,3,194
1579426975423,large_vehicle,2,246
1571312230121,large_vehicle,5,88
1567852866192,large_vehicle,0,287
1580890210168,small_vehicle,0,354
1577130950944,large_vehicle,2,90
1580356867316,small_vehicle,8,261
1571823746490,small_vehicle,1,117
1584899993376,small_vehicle,3,83
1577758013252,large_vehicle,10,347
1583091888003,large_vehicle,9,85
1572452159557,small_vehicle,9,200
1579421533817,large_vehicle,7,292
1571150632318,small_vehicle,3,313
1585667770844,large_vehicle,9,12
1568740143672,small_vehicle,9,279
1575385242021,large_vehicle,4,71
1571786082430,small_vehicle,2,301
1565264629905,large_vehicle,8,74
1584051306611,small_vehicle,2,296
1585881826765,large_vehicle,10,322
1583414721925,small_vehicle,4,110
1585574254733,small_vehicle,10,3
1573234663205,small_vehicle,10,174
1574174762234,small_vehicle,6,84
1567291528113,large_vehicle,5,356
1573228861947,small_vehicle,10,70
1573231977634,small_vehicle,5,341
1583663925556,large_vehicle,7,41
1586099962187,large_vehicle,2,130
1571208939431,large_vehicle,9,301
1579437759918,large_vehicle,0,158
1577754767277,large_vehicle,6,41
1566895273411,small_vehicle,4,358
1585987544345,large_vehicle,10,133
1567567360354,small_vehicle,0,113
1581401059904,small_vehicle,7,101
1583400045230,small_vehicle,6,3
1566501493761,large_vehicle,10,327
1585755046550,large_vehicle,3,355
1572640638184,large_vehicle,5,234
1585676671308,small_vehicle,5,20
1584741422738,small_vehicle,3,356
1575796204188,large_vehicle,6,167
1580168404188,small_vehicle,7,85
1584580936230,small_vehicle,1,175
1571823094944,large_vehicle,5,212
1580660873069,small_vehicle,1,313
1564853398516,small_vehicle,3,263
1568034185174,large_vehicle,10,212
1583285571796,small_vehicle,5,2
1574848166798,large_vehicle,8,154
1584552211100,small_vehicle,7,138
1568031966872,large_vehicle,8,160
1574746217694,small_vehicle,7,275
1577403568819,small_vehicle,10,78
1575860051789,large_vehicle,8,92
1578926731032,small_vehicle,6,107
1572732687926,large_vehicle,10,224
1583116879858,small_vehicle,7,309
1565488718159,large_vehicle,3,37
1572126917540,large_vehicle,5,7
1571062035311,large_vehicle,2,26
1581762228745,small_vehicle,2,151
1572193952325,small_vehicle,7,271
1586246610180,large_vehicle,5,185
1572483658626,small_vehicle,8,224
1567200138020,large_vehicle,9,315
1572172532081,large_vehicle,7,203
1574583754192,small_vehicle,8,304
1567248551757,small_vehicle,10,184
1569462446014,small_vehicle,8,95
1573324731139,large_vehicle,7,115
1567004825505,small_vehicle,4,229
1568093216584,large_vehicle,9,118
1580048239390,large_vehicle,0,7
1580763806837,small_vehicle,1,145
1580515426461,large_vehicle,3,311
1574741680601,small_vehicle,8,60
1583763385759,small_vehicle,7,106
1584876985606,large_vehicle,2,78
1569648948985,small_vehicle,3,219
1577219876441,small_vehicle,7,310
1567596775782,small_vehicle,0,188
1565662549050,small_vehicle,7,296
1575112147133,large_vehicle,0,227
1565825067692,large_vehicle,2,124
1575923095422,large_vehicle,2,126
1576113384070,large_vehicle,2,180
1579891015688,small_vehicle,4,304
1566683694821,large_vehicle,2,332
1572317027936,large_vehicle,2,73
1572826047180,small_vehicle,10,123
1584069476137,large_vehicle,3,46
1569253594687,large_vehicle,1,22
1572455508099,large_vehicle,1,185
1581879796711,small_vehicle,7,116
1581743117252,small_vehicle,0,219
1582574074773,large_vehicle,4,266
1574653962807,small_vehicle,8,354
1574076527326,large_vehicle,4,104
1571392437580,small_vehicle,0,6
1572770516890,small_vehicle,3,323
1584364900283,large_vehicle,7,83
1568935651597,small_vehicle,5,140
1566517677811,small_vehicle,4,310
1582628090106,small_vehicle,2,59
1577578641580,large_vehicle,10,292
1574085142693,large_vehicle,10,240
1579825615515,small_vehicle,10,134
1579072266992,small_vehicle,2,311
1567192203109,small_vehicle,8,155
1582947820444,large_vehicle,7,200
1579763830000,large_vehicle,6,198
1567117042507,small_vehicle,6,43
1583227955316,small_vehicle,8,39
1575122984880,small_vehicle,5,70
1583387830970,small_vehicle,6,168
1582259951307,small_vehicle,2,207
1575646543086,small_vehicle,0,259
1584538477737,small_vehicle,0,85
1575941258458,small_vehicle,8,329
1578463053301,large_vehicle,0,308
1569920801635,small_vehicle,5,294
1564967424871,large_vehicle,5,290
1568715740137,small_vehicle,4,291
1583461146096,large_vehicle,4,148
1581877819064,small_vehicle,1,90
1581532086477,small_vehicle,9,345
1568673687028,large_vehicle,2,59
1581288278183,small_vehicle,6,171
1583709424242,small_vehicle,2,300
1564699872569,small_vehicle,10,73
1574152042830,large_vehicle,6,35
1582548590428,small_vehicle,9,29
1571268761628,small_vehicle,4,91
1579313952464,small_vehicle,6,206
1583450795816,small_vehicle,3,209
1573692681107,large_vehicle,2,174
1580469314601,small_vehicle,8,39
1585368671927,large_vehicle,4,326
1578725722680,large_vehicle,9,208
1585937554657,large_vehicle,1,134
1579404430097,large_vehicle,6,65
1569198098874,small_vehicle,4,95
1571167279567,small_vehicle,4,137
1576562709774,small_vehicle,5,148
1584528746632,large_vehicle,10,229
1583451634841,large_vehicle,4,116
1577345433171,large_vehicle,6,53
1568575836055,small_vehicle,10,329
1570371738764,small_vehicle,7,126
1586074676490,large_vehicle,5,95
1571414288974,small_vehicle,1,156
1574814869991,large_vehicle,10,33
1582097726757,large_vehicle,0,205
1578984338313,small_vehicle,5,278
1569962272710,large_vehicle,4,202
1574265800111,large_vehicle,8,252
1573748520822,large_vehicle,6,77
1579991952574,large_vehicle,10,360
1572886809267,small_vehicle,5,143
1580904654271,large_vehicle,7,38
1584548534650,small_vehicle,10,182
1576208851939,small_vehicle,1,29
1567119827239,large_vehicle,0,185
1584378493288,large_vehicle,2,235
1571584585040,small_vehicle,0,224
1577777435144,large_vehicle,5,127
1577319873178,small_vehicle,4,77
1577050868945,small_vehicle,4,240
1584300593042,small_vehicle,8,186
1570882670531,large_vehicle,7,304
1576167585703,large_vehicle,8,133
1580147613754,small_vehicle,0,292
1585492416648,large_vehicle,10,43
1577261023358,large_vehicle,9,258
1581963276866,large_vehicle,10,14
1584676931287,small_vehicle,5,167
1577431268566,small_vehicle,7,119
1567587547502,small_vehicle,7,337
1581743491152,small_vehicle,7,206
1584974778088,small_vehicle,10,202
1577457318434,small_vehicle,6,257
1570157624079,large_vehicle,10,33
1576016371524,small_vehicle,9,238
1583643137359,large_vehicle,7,39
1566574513731,small_vehicle,5,117
1581213559216,small_vehicle,9,178
1581800636416,large_vehicle,8,184
1573005456976,small_vehicle,2,124
1570538646808,small_vehicle,2,260
1585029034505,large_vehicle,8,296
1586328256734,small_vehicle,3,48
1570335439067,small_vehicle,4,186
1580903405514,large_vehicle,4,342
1570349232925,small_vehicle,2,128
1565981986592,large_vehicle,9,337
1569337979634,large_vehicle,6,124
1576937651675,large_vehicle,9,189
1564928103538,large_vehicle,0,89
1569722866375,large_vehicle,4,187
1566013695636,small_vehicle,4,224
1585541827165,small_vehicle,7,199
1568557705779,small_vehicle,2,289
1567199500379,small_vehicle,6,332
1585160328176,large_vehicle,0,221
1576112063266,large_vehicle,0,196
1586180173177,small_vehicle,0,245
1580504455646,small_vehicle,8,270
1584434825265,small_vehicle,8,65
1586069390758,large_vehicle,8,313
1567407197961,small_vehicle,5,61
1573449921701,large_vehicle,7,17
1573573456381,large_vehicle,0,130
1576027231149,small_vehicle,2,84
1571924664383,small_vehicle,6,257
1572613381419,small_vehicle,5,347
1567868524683,large_vehicle,0,148
1575377541402,small_vehicle,7,338
1578928058507,small_vehicle,6,210
1581137429404,large_vehicle,2,305
1581704583240,large_vehicle,1,341
1568135815403,small_vehicle,2,344
1572988447850,large_vehicle,3,163
1566117015615,small_vehicle,9,49
1574906908618,small_vehicle,7,11
1573671314667,small_vehicle,8,152
1576616120409,small_vehicle,7,181
1567519607050,large_vehicle,6,77
1568999334765,small_vehicle,0,324
1582915133400,large_vehicle,2,135
1585689844198,small_vehicle,0,298
1575085342476,large_vehicle,9,336
1573534748848,small_vehicle,10,68
1585267298174,large_vehicle,4,273
1575499614140,small_vehicle,6,189
1569942875474,small_vehicle,3,41
1580226823989,large_vehicle,1,250
1575285970757,large_vehicle,2,139
1573011126362,large_vehicle,2,272
1582342694432,large_vehicle,5,103
1572321337717,large_vehicle,8,332
1565611698244,small_vehicle,10,236
1575151539760,small_vehicle,5,238
1573889579280,large_vehicle,6,153
1568873689658,large_vehicle,2,195
1568640644172,small_vehicle,6,221
1567587289310,large_vehicle,0,225
1572076982962,large_vehicle,2,320
1581384453641,large_vehicle,2,20
1567200507648,small_vehicle,6,291
1572504286993,small_vehicle,10,110
1572754771245,small_vehicle,4,305
1568522835436,large_vehicle,0,202
1582974462182,small_vehicle,0,17
1577384361026,small_vehicle,4,311
1573428770424,small_vehicle,2,201
1574168566639,small_vehicle,0,58
1574955025924,large_vehicle,10,244
1567075650406,small_vehicle,10,100
1585207914031,large_vehicle,4,146
1585582554586,small_vehicle,0,219
1586359056970,large_vehicle,0,22
1584115501757,large_vehicle,3,111
1571983596254,large_vehicle,10,240
1569087614683,large_vehicle,3,282
1580943259325,small_vehicle,7,51
1584811329842,small_vehicle,6,282
1575364917169,small_vehicle,0,216
1581571109602,small_vehicle,5,137
1570593316795,large_vehicle,0,340
1568982658714,large_vehicle,3,23
1585305658646,large_vehicle,10,284
1566572479288,small_vehicle,9,20
1585942262883,large_vehicle,2,306
1567884839298,large_vehicle,9,180
1578600931390,small_vehicle,1,175
1567317024908,large_vehicle,4,101
1584369569931,large_vehicle,3,344
1566360695725,large_vehicle,1,145
1577003441542,small_vehicle,9,206
1585779109088,small_vehicle,10,89
1585079617490,small_vehicle,9,244
1565831447598,small_vehicle,6,157
1579869351501,small_vehicle,4,251
1578326837603,large_vehicle,3,215
1571228327820,small_vehicle,7,187
1584045857253,large_vehicle,0,304
1568678029881,small_vehicle,0,118
1570637828247,small_vehicle,3,289
1567133488501,large_vehicle,9,269
1565853768833,large_vehicle,5,49
1567897983229,large_vehicle,1,245
1572404651137,large_vehicle,7,289
1581779388393,small_vehicle,2,163
1567532135483,small_vehicle,8,236
1567300985620,large_vehicle,0,111
1565334102672,small_vehicle,5,217
1577212914994,large_vehicle,6,176
1567239364404,large_vehicle,2,320
1577116105690,large_vehicle,5,322
1574642785370,large_vehicle,6,241
1578988948855,large_vehicle,3,157
1584286824667,small_vehicle,8,30
1579530738302,large_vehicle,2,280
1573258960760,large_vehicle,10,277
1585896107228,large_vehicle,5,119
1581427292373,small_vehicle,5,99
1571252902967,small_vehicle,7,44
1578774521122,large_vehicle,3,36
1566093655963,large_vehicle,1,270
1580472601678,small_vehicle,8,11
1581340453320,small_vehicle,5,217
1582505118667,small_vehicle,1,79
1581984267142,small_vehicle,4,352
1586012157265,small_vehicle,10,110
1575087668288,small_vehicle,4,176
1570966676406,small_vehicle,2,16
1577163743995,small_vehicle,9,36
1585989412509,small_vehicle,9,234
1582993560139,small_vehicle,0,146
1575129375278,large_vehicle,5,344
1583089288122,small_vehicle,8,27
1583916268702,large_vehicle,3,174
1583440868624,small_vehicle,8,129
1573947871052,small_vehicle,3,284
1565067929621,large_vehicle,3,107
1586053948403,small_vehicle,6,298
1571861253586,large_vehicle,8,15
1564733759972,small_vehicle,9,65
1582962721459,small_vehicle,2,281
1577572315126,large_vehicle,0,139
1582411675039,small_vehicle,3,218
1578990693370,small_vehicle,4,225
1581806346645,large_vehicle,5,150
1580183858012,large_vehicle,4,355
1575927349418,small_vehicle,2,238
1584651958658,small_vehicle,6,55
1572377363209,small_vehicle,10,341
1570954068798,large_vehicle,2,337
1571918526031,large_vehicle,8,349
1568004282927,large_vehicle,9,66
1574406717435,large_vehicle,5,281
1582073736095,small_vehicle,2,23
1586153281249,small_vehicle,2,134
1585646706988,small_vehicle,2,330
1576987163499,large_vehicle,2,160
1566456802798,large_vehicle,3,289
1571897880619,small_vehicle,2,122
1569342859208,large_vehicle,7,221
1579634528946,large_vehicle,4,347
1585427368248,small_vehicle,10,68
1578796149996,large_vehicle,0,91
1564930203123,small_vehicle,8,319
1584722827591,large_vehicle,5,45
1566014370260,small_vehicle,7,127
1584911670283,small_vehicle,6,309
1568392514000,small_vehicle,4,123
1583959688031,small_vehicle,2,336
1576921381467,small_vehicle,3,156
1572493486544,large_vehicle,6,299
1574718759187,large_vehicle,4,77
1577578317114,large_vehicle,8,323
1581523759510,large_vehicle,7,203
1567778686077,small_vehicle,9,22
1582733368943,small_vehicle,10,354
1565095751878,large_vehicle,0,23
1568115691096,large_vehicle,10,33
1582898356705,small_vehicle,6,232
1575216622525,large_vehicle,2,28
1580003079146,small_vehicle,10,308
1579934326028,large_vehicle,6,261
1573644402498,large_vehicle,6,210
1572504575021,large_vehicle,6,80
1570901042574,large_vehicle,10,278
1570545971379,large_vehicle,7,146
1577273576939,large_vehicle,3,97
1575181334594,large_vehicle,0,38
1582212357424,small_vehicle,1,301
1568341472412,small_vehicle,10,189
1573503061779,small_vehicle,6,167
1575444115773,large_vehicle,0,221
1567231520347,large_vehicle,5,309
1571738013584,small_vehicle,2,241
1577378288013,large_vehicle,10,23
1568760629327,large_vehicle,5,21
1581502396471,large_vehicle,8,160
1583238055124,large_vehicle,10,164
1584797981509,large_vehicle,7,360
1581559635274,small_vehicle,3,319
1573010839598,small_vehicle,0,252
1575440814432,small_vehicle,8,322
1574042757885,small_vehicle,1,121
1575688340847,small_vehicle,2,181
1582161726623,small_vehicle,8,337
1572794531371,large_vehicle,10,150
1565069848144,small_vehicle,2,258
1565386449722,large_vehicle,0,228
1586409026209,large_vehicle,9,359
1568457823529,large_vehicle,7,133
1576645165165,small_vehicle,4,297
1586550821712,large_vehicle,7,185
1566061694054,small_vehicle,10,27
1569751438472,large_vehicle,10,105
1583410711044,small_vehicle,1,66
1574093641176,small_vehicle,10,35
1586446218152,large_vehicle,1,68
1576464780634,large_vehicle,2,48
1579171869417,large_vehicle,5,203
1578989543072,small_vehicle,3,115
1583946689344,small_vehicle,10,99
1580814823677,small_vehicle,0,225
1569467360736,large_vehicle,0,28
1573101351002,small_vehicle,5,137
1566837216885,small_vehicle,1,51
1570482251051,small_vehicle,3,29
1583017716083,large_vehicle,3,117
1571665323770,large_vehicle,9,7
