1565846108065,large_vehicle,2,26
1581478688605,small_vehicle,9,93
1575430407539,small_vehicle,0,320
1581052777064,small_vehicle,1,293
1581624014921,large_vehicle,8,204
1580447338239,small_vehicle,10,10
1583917893529,small_vehicle,6,163
1567017730967,small_vehicle,9,313
1576808575138,small_vehicle,2,250
1565258940662,small_vehicle,10,265
1572274961785,small_vehicle,9,113
1570981178906,large_vehicle,3,120
1578990842583,small_vehicle,10,213
1568925497233,large_vehicle,9,65
1569904081875,small_vehicle,4,338
1571386405797,large_vehicle,2,28
1586589067378,large_vehicle,5,284
1571690433543,large_vehicle,2,81
1568841504874,small_vehicle,6,188
1564648190940,large_vehicle,10,200
1574246192770,large_vehicle,5,7
1573649572829,small_vehicle,5,26
1570602032639,small_vehicle,6,117
1569357305020,large_vehicle,7,140
1582732048963,large_vehicle,6,314
1568760087354,small_vehicle,4,296
1565533800680,small_vehicle,5,269
1578497943496,small_vehicle,7,163
1580985804802,large_vehicle,10,133
1577658204510,large_vehicle,10,292
1572636399673,large_vehicle,7,330
1570501210182,small_vehicle,7,69
1565975770970,large_vehicle,10,282
1571915336253,large_vehicle,10,329
1580510143101,large_vehicle,5,226
1565372850160,small_vehicle,8,129
1579801425410,small_vehicle,7,272
1582266855753,large_vehicle,10,307
1577823103523,large_vehicle,7,230
1571415850499,small_vehicle,4,212
1580319643383,small_vehicle,8,209
1565097160099,large_vehicle,1,252
1582182940219,large_vehicle,5,269
1581820973626,large_vehicle,10,174
1568549364929,large_vehicle,4,343
1575081203181,small_vehicle,6,306
1583620685540,large_vehicle,0,258
1577602866682,small_vehicle,9,163
1572475525945,small_vehicle,6,105
1573632594066,large_vehicle,3,212
1567973536787,small_vehicle,2,321
1567862098024,small_vehicle,3,134
1578565244006,small_vehicle,9,154
1584170077895,small_vehicle,5,318
1569217923295,small_vehicle,3,54
1568149124007,small_vehicle,6,207
1582520733580,large_vehicle,9,82
1581065149766,large_vehicle,3,259
1577921910282,large_vehicle,9,119
1580882380218,large_vehicle,10,102
1574598379357,small_vehicle,10,174
1570947035188,small_vehicle,0,62
1583172679448,small_vehicle,0,289
1583069043174,large_vehicle,0,84
1577152972901,small_vehicle,8,172
1584584706381,large_vehicle,9,337
1585428225892,large_vehicle,10,339
1576996960258,large_vehicle,7,50
1566842085622,small_vehicle,6,348
1576412096539,large_vehicle,9,71
1582022595749,small_vehicle,10,198
1576144456465,large_vehicle,7,256
1573669182151,large_vehicle,1,47
1586126167902,small_vehicle,3,115
1578593849824,small_vehicle,6,50
1573119227504,small_vehicle,3,325
1572586824853,small_vehicle,4,156
1573761206874,large_vehicle,8,345
1585910844314,large_vehicle,3,117
1585105445705,large_vehicle,5,28
1577707544188,large_vehicle,4,110
1565470139738,small_vehicle,2,235
1584212032721,small_vehicle,4,99
1567753973245,large_vehicle,6,325
1577806603815,large_vehicle,0,357
1577841749832,small_vehicle,6,154
1571962791288,small_vehicle,2,142
1582597495976,large_vehicle,4,167
1568111939461,small_vehicle,0,142
1568387490796,small_vehicle,10,173
1585522612974,large_vehicle,1,161
1578892248909,small_vehicle,4,26
1582440694147,large_vehicle,7,17
1568973293927,large_vehicle,4,208
1577299176873,large_vehicle,7,267
1574608268007,large_vehicle,0,325
1569221497332,small_vehicle,8,217
1581720529149,small_vehicle,6,3
1572212097379,small_vehicle,2,139
1584889525258,small_vehicle,8,310
1572532785550,large_vehicle,8,263
1566918651633,small_vehicle,3,204
1581973310945,large_vehicle,0,295
1586052791427,large_vehicle,8,4
1572672325803,large_vehicle,4,124
1579543540934,large_vehicle,4,68
1581306923820,large_vehicle,5,34
1564799583022,large_vehicle,9,272
1586438738227,large_vehicle,7,312
1570900947972,small_vehicle,7,196
1584862016858,large_vehicle,5,265
1571471207438,large_vehicle,9,212
1567030790687,large_vehicle,6,312
1578312889098,large_vehicle,3,221
1584538681430,small_vehicle,7,200
1573418265131,large_vehicle,7,287
1583932046249,large_vehicle,6,100
1572228444142,small_vehicle,1,182
1580828227616,small_vehicle,1,20
1581768219224,small_vehicle,7,292
1574338556759,large_vehicle,10,110
1580488643808,small_vehicle,2,55
1583968171359,small_vehicle,7,283
1583503954085,large_vehicle,0,115
1576659984269,large_vehicle,1,169
1571484323943,small_vehicle,5,136
1581883578578,large_vehicle,5,220
1585269977779,small_vehicle,6,290
1565562337668,small_vehicle,8,80
1572706822795,small_vehicle,8,258
1581725273872,small_vehicle,3,139
1582216561416,large_vehicle,6,172
1579494123296,large_vehicle,8,260
1567557728267,small_vehicle,6,67
1586430627371,small_vehicle,5,218
1581078822187,small_vehicle,0,138
1580162880702,large_vehicle,9,57
1582952444415,large_vehicle,9,198
1564991676181,large_vehicle,9,16
1564740833311,large_vehicle,3,20
1577559204385,small_vehicle,2,44
1577501282911,large_vehicle,8,248
1580361981457,large_vehicle,7,325
1585864127215,small_vehicle,9,315
1573729577869,small_vehicle,0,354
1567812077460,small_vehicle,8,328
1572141519727,large_vehicle,2,163
1585554368119,small_vehicle,10,335
1571434643623,small_vehicle,5,339
1573928525662,small_vehicle,4,56
1576349534857,small_vehicle,1,107
1578094725723,small_vehicle,5,167
1571650980641,large_vehicle,3,304
1565644435011,small_vehicle,1,216
1583596631472,small_vehicle,10,37
1577444052903,small_vehicle,4,255
1582110565324,large_vehicle,7,352
1579159822513,large_vehicle,0,227
1567490572660,large_vehicle,10,305
1582722048197,small_vehicle,6,107
1573178707462,large_vehicle,4,79
1573435386303,small_vehicle,5,235
1572426112267,small_vehicle,6,36
1583462796140,small_vehicle,8,341
1565622726630,small_vehicle,7,95
1574102768362,small_vehicle,2,237
1578239536490,small_vehicle,2,117
1581048814210,large_vehicle,9,116
1566260286469,small_vehicle,4,248
1573688801711,large_vehicle,5,338
1582679094040,large_vehicle,9,315
1573056264687,large_vehicle,2,129
1570519400660,large_vehicle,6,142
1566659048633,large_vehicle,2,43
1568903422269,large_vehicle,3,302
1565907564260,large_vehicle,7,36
1570867734577,large_vehicle,2,51
1575426182040,large_vehicle,8,156
1579580168006,small_vehicle,9,196
1577050765254,large_vehicle,8,359
1568683897014,small_vehicle,0,304
1585609069318,small_vehicle,4,274
1566511668649,large_vehicle,3,326
1586393042735,large_vehicle,0,116
1585114666415,large_vehicle,8,301
1576075545537,large_vehicle,3,188
1572880403500,small_vehicle,8,277
1570898386341,large_vehicle,9,113
1578557760918,large_vehicle,7,53
1584590189702,large_vehicle,10,192
1586266732557,small_vehicle,0,5
1583222148422,small_vehicle,5,141
1582448726420,large_vehicle,4,166
1570209246972,small_vehicle,10,187
1579303942948,large_vehicle,8,101
1576547305949,small_vehicle,8,63
1571240152895,large_vehicle,0,98
1577611762385,large_vehicle,7,258
1586035054051,small_vehicle,7,95
1567427837440,small_vehicle,0,55
1572024796085,small_vehicle,1,107
1576269229385,large_vehicle,5,25
1578058477835,large_vehicle,2,195
1578298408998,small_vehicle,8,101
1566961368892,small_vehicle,7,161
1583239496770,small_vehicle,0,35
1586459998302,large_vehicle,9,90
1571771206139,large_vehicle,6,257
1579113688087,large_vehicle,4,101
1585991102704,small_vehicle,9,160
1577682245912,small_vehicle,7,250
1576918899729,small_vehicle,0,153
1571609239530,small_vehicle,2,321
1572309033339,large_vehicle,10,48
1570848187057,small_vehicle,6,87
1575641456744,large_vehicle,0,352
1566287917840,large_vehicle,10,91
1568542487636,small_vehicle,5,260
1573977746604,small_vehicle,5,243
1569157096354,small_vehicle,10,273
1572958851257,large_vehicle,0,269
1568184641916,large_vehicle,10,192
1576787591048,small_vehicle,6,219
1580554755633,large_vehicle,4,32
1569565586479,small_vehicle,7,119
1566828172715,small_vehicle,2,170
1579226960687,small_vehicle,10,48
1579848520950,large_vehicle,9,300
1579764376151,small_vehicle,0,42
1576974811550,small_vehicle,0,23
1582382612014,small_vehicle,6,37
1576295382498,large_vehicle,2,298
1571594195129,small_vehicle,9,118
1578251521554,small_vehicle,3,94
1584099911795,large_vehicle,6,142
1575832936926,small_vehicle,3,358
1580753192705,large_vehicle,7,226
1579310640088,large_vehicle,1,136
1583739239332,large_vehicle,4,79
1566142849198,large_vehicle,7,108
1574041410948,large_vehicle,0,240
1572071411845,small_vehicle,8,308
1577316974753,large_vehicle,8,120
1577748427054,large_vehicle,8,343
1572538390146,large_vehicle,2,28
1567814768787,small_vehicle,4,220
1573094293744,small_vehicle,4,203
1581778389805,small_vehicle,10,202
1575371059704,small_vehicle,1,40
1573117934582,large_vehicle,7,345
1586667762291,large_vehicle,10,231
1583692836569,small_vehicle,10,327
1580175723774,large_vehicle,3,63
1565746712120,small_vehicle,3,107
1573311196138,large_vehicle,3,123
1578814479477,small_vehicle,2,222
1578558807387,small_vehicle,8,156
1571536583095,large_vehicle,4,166
1581032633289,small_vehicle,7,118
1569204196040,large_vehicle,4,163
1567215035177,large_vehicle,7,284
1575014544110,small_vehicle,9,353
1574974296166,large_vehicle,0,150
1565989920910,small_vehicle,8,229
1572680360572,large_vehicle,10,38
1566291071767,small_vehicle,1,163
1571158155743,small_vehicle,4,184
1579164019082,small_vehicle,2,30
1566690934314,large_vehicle,4,335
1565914700556,small_vehicle,9,150
1579294797993,small_vehicle,2,296
1571857711724,small_vehicle,6,275
1582730054168,small_vehicle,0,360
1580270959938,large_vehicle,8,98
1570320346426,small_vehicle,2,260
1567719399882,small_vehicle,3,227
1565031203374,small_vehicle,9,357
1564757502031,small_vehicle,2,20
1570160231002,large_vehicle,0,160
1583281317933,small_vehicle,1,282
1576897184233,large_vehicle,4,74
1570939180582,large_vehicle,5,308
1573050745211,small_vehicle,6,263
1568965577362,large_vehicle,2,12
1574819361682,small_vehicle,4,335
1570695218088,small_vehicle,7,70
1568792345348,large_vehicle,2,145
1571398988643,large_vehicle,3,17
1569254350112,large_vehicle,0,291
1573864137650,large_vehicle,9,357
1580517387367,large_vehicle,2,315
1573119507568,small_vehicle,1,285
1568837310053,small_vehicle,4,280
1571330880818,small_vehicle,4,179
1579020125329,small_vehicle,1,168
1578091101112,small_vehicle,4,199
1578928914722,small_vehicle,0,151
1572950012309,small_vehicle,0,275
1569494092898,small_vehicle,8,186
1586565566986,small_vehicle,7,264
1582213170338,large_vehicle,10,21
1581747968170,large_vehicle,2,310
1567218921697,small_vehicle,6,359
1575572577464,small_vehicle,9,355
1583563546001,small_vehicle,2,337
1578971479483,small_vehicle,9,14
1580921185760,small_vehicle,3,179
1566376757265,small_vehicle,4,297
1574406237578,large_vehicle,3,54
1580851752875,small_vehicle,8,116
1572790849699,small_vehicle,4,223
1580952414954,large_vehicle,2,152
1573183401407,small_vehicle,8,230
1586256591405,large_vehicle,0,90
1576886926014,large_vehicle,1,129
1583648067935,large_vehicle,8,329
1576137737572,small_vehicle,10,131
1585979400222,small_vehicle,2,113
1584745797830,large_vehicle,6,50
1567065278410,large_vehicle,6,341
1571750171049,small_vehicle,4,321
1574320998710,small_vehicle,2,240
1585568564860,large_vehicle,6,289
1574568546101,large_vehicle,5,243
1565999792027,small_vehicle,6,79
1570204979875,large_vehicle,0,62
1570150197694,small_vehicle,9,314
1566791724912,small_vehicle,8,355
1566373917863,large_vehicle,9,331
1579412316809,large_vehicle,4,70
1583550233246,small_vehicle,8,66
1577356348919,small_vehicle,2,291
1566654851563,small_vehicle,2,193
1578115796001,small_vehicle,10,241
1569081311069,large_vehicle,6,252
1584909730154,small_vehicle,5,160
1565687783496,large_vehicle,5,180
1569806233598,small_vehicle,2,111
1576936420752,small_vehicle,0,116
1570513480102,large_vehicle,10,107
1572782950246,small_vehicle,9,134
1586036029356,small_vehicle,8,310
1580083920779,large_vehicle,5,256
1569829006499,large_vehicle,4,108
1582220376263,small_vehicle,5,352
1584691010811,large_vehicle,10,263
1566526342529,large_vehicle,5,38
1576310343299,large_vehicle,3,229
1576952896052,small_vehicle,1,63
1571289280276,small_vehicle,9,64
1578370753072,large_vehicle,1,135
1578600065375,small_vehicle,0,166
1585363222212,small_vehicle,9,168
1576814798904,large_vehicle,2,315
1577508849048,small_vehicle,2,119
1568209045890,large_vehicle,10,346
1575589430869,small_vehicle,2,193
1570038807573,small_vehicle,8,61
1571568507993,small_vehicle,5,260
1576800378343,small_vehicle,2,99
1574807708063,large_vehicle,2,1
1586239038610,large_vehicle,3,80
1586728274111,large_vehicle,6,62
1583546924559,large_vehicle,2,73
1571685489825,small_vehicle,8,152
1566237913890,large_vehicle,3,342
1577982305044,large_vehicle,0,56
1583946345264,small_vehicle,3,35
1578924590609,small_vehicle,5,292
1571203556823,small_vehicle,9,87
1573742930770,large_vehicle,4,181
1578001890015,large_vehicle,2,160
1579972851433,large_vehicle,5,310
1585137045814,large_vehicle,4,275
1568096277028,small_vehicle,1,173
1581765079286,large_vehicle,5,33
1584401830257,small_vehicle,4,217
1578472779238,small_vehicle,10,10
1573404054172,large_vehicle,5,299
1576143087539,large_vehicle,10,49
1581094673128,small_vehicle,6,181
1580915965520,small_vehicle,6,189
1574713430946,large_vehicle,2,272
1577246397277,small_vehicle,2,38
1571688043578,large_vehicle,9,175
1581493343873,small_vehicle,2,210
1584748902401,large_vehicle,2,80
1571870658017,small_vehicle,0,26
1578276866105,large_vehicle,7,333
1579366793583,large_vehicle,7,271
1578337307615,large_vehicle,10,77
1570163412218,small_vehicle,0,276
1580331734577,large_vehicle,7,159
1573086766014,large_vehicle,6,296
1581052850526,small_vehicle,10,111
1580522973338,large_vehicle,8,243
1578988362241,large_vehicle,2,24
1575419597841,small_vehicle,8,276
1577003086002,small_vehicle,6,356
1576270719663,large_vehicle,0,41
1585902905405,large_vehicle,9,317
1575336431088,small_vehicle,1,286
1583956300297,large_vehicle,6,196
1574723909869,large_vehicle,5,173
1578975822384,small_vehicle,8,168
1581997460246,small_vehicle,2,240
1586643528974,large_vehicle,3,89
1575874047680,small_vehicle,1,179
1573595245409,small_vehicle,3,360
1573211592995,large_vehicle,9,39
1572580455850,small_vehicle,9,346
1568509389096,small_vehicle,10,113
1579120495738,large_vehicle,6,300
1578144916795,large_vehicle,8,358
1584208036352,small_vehicle,8,11
1568314458826,large_vehicle,2,66
1583314336871,large_vehicle,4,299
1577573882649,small_vehicle,5,219
1583004140881,small_vehicle,6,190
1567114025860,small_vehicle,2,281
1574929803949,small_vehicle,3,256
1567022533873,large_vehicle,3,331
1570915590278,large_vehicle,10,28
1573388871718,small_vehicle,6,185
1574287415042,large_vehicle,10,286
1577136499086,small_vehicle,4,239
1566058472099,small_vehicle,8,312
1567797558084,large_vehicle,3,293
1577689222237,large_vehicle,8,147
1579787405453,large_vehicle,0,277
1579333870494,small_vehicle,9,187
1584836597133,large_vehicle,4,112
1578559892841,large_vehicle,10,210
1569679130759,small_vehicle,4,313
1586435461459,small_vehicle,7,174
1581591115475,small_vehicle,8,99
1573577806341,large_vehicle,8,239
1568091846929,large_vehicle,6,172
1586231447326,small_vehicle,0,18
1566702970923,large_vehicle,5,123
1585497727538,small_vehicle,8,15
1578768369534,small_vehicle,1,29
1573619471063,large_vehicle,7,60
1567484740139,large_vehicle,0,126
1574641183746,small_vehicle,10,204
1566749265454,small_vehicle,3,129
1580707403407,large_vehicle,1,218
1581204198417,large_vehicle,0,230
1582134798221,large_vehicle,10,69
1571824556162,small_vehicle,0,181
1572859297966,large_vehicle,9,340
1584511469108,large_vehicle,2,280
1570151585451,large_vehicle,4,59
1564895024446,small_vehicle,1,188
1581885755659,small_vehicle,5,277
1585812269494,small_vehicle,5,358
1579871023563,large_vehicle,0,240
1571759120521,large_vehicle,9,326
1581054655132,small_vehicle,8,134
1565913896371,large_vehicle,3,222
1577392780695,large_vehicle,8,79
1569865022652,small_vehicle,5,277
1584714789410,large_vehicle,2,159
1570656830345,large_vehicle,8,11
1573138747322,small_vehicle,1,138
1576764341319,large_vehicle,7,259
1566410918951,small_vehicle,6,304
1568237452762,large_vehicle,10,165
1568980589491,large_vehicle,8,254
1584515963708,small_vehicle,6,170
1564928858001,large_vehicle,9,332
1579047869843,large_vehicle,10,296
1572817893204,small_vehicle,10,127
1571311876892,large_vehicle,3,14
1582929537460,small_vehicle,6,19
1575973824230,large_vehicle,9,200
1565975835220,small_vehicle,4,76
1572871899214,large_vehicle,6,199
1577772845162,large_vehicle,1,348
1585176675745,small_vehicle,0,346
1572760734966,small_vehicle,4,151
1582118562808,small_vehicle,7,332
1584178136131,large_vehicle,9,12
1569712025516,large_vehicle,8,356
1565969076724,large_vehicle,3,67
1571557809996,large_vehicle,0,223
1568110690366,large_vehicle,5,309
1582220313846,small_vehicle,9,107
1573011574106,large_vehicle,5,351
1565353228912,small_vehicle,7,129
1582191547201,large_vehicle,5,63
1576245572683,large_vehicle,10,302
1568357026238,small_vehicle,1,150
1565675023842,small_vehicle,5,226
1578612426480,small_vehicle,7,353
1577860258089,small_vehicle,6,312
1572612612549,large_vehicle,1,59
1580265687894,large_vehicle,0,113
1571765660160,large_vehicle,9,51
1569324505322,large_vehicle,10,356
1580302399311,large_vehicle,0,198
1572683014673,small_vehicle,1,241
1573828186163,small_vehicle,3,43
1576647876917,large_vehicle,0,109
1569452955859,large_vehicle,6,326
1569883304277,large_vehicle,0,256
1566633626768,large_vehicle,8,203
1584706387023,small_vehicle,8,148
1571959699898,large_vehicle,4,115
1572864513377,small_vehicle,6,345
1579477507311,small_vehicle,1,32
1579595496249,small_vehicle,2,161
1577691654441,large_vehicle,4,344
1567403517660,small_vehicle,7,98
1577610660551,large_vehicle,7,300
1578920073624,small_vehicle,10,25
1583965975782,large_vehicle,8,216
1569848615577,large_vehicle,6,347
1576207723113,large_vehicle,3,247
1582496184906,small_vehicle,6,75
1580647932830,large_vehicle,7,143
1570022758898,large_vehicle,7,213
1570829513224,large_vehicle,9,160
1582396201684,small_vehicle,3,220
1576362558930,small_vehicle,8,245
1582588079574,large_vehicle,0,8
1572554826023,large_vehicle,7,71
1581769735025,large_vehicle,8,26
1570969219189,large_vehicle,0,90
1569435816124,small_vehicle,3,136
1568934064774,large_vehicle,6,279
1573314830123,small_vehicle,7,123
1570494074784,large_vehicle,1,43
1584573114448,small_vehicle,2,52
1585167160749,small_vehicle,3,270
1574775154265,small_vehicle,9,191
1566181947054,small_vehicle,6,54
1583791918468,large_vehicle,3,148
1573143965832,large_vehicle,4,6
1572508358769,large_vehicle,9,321
1575873288512,large_vehicle,9,52
1566140928107,large_vehicle,0,145
1578830063828,large_vehicle,9,350
1583911164539,large_vehicle,7,53
1573955480874,large_vehicle,4,150
1585973050230,large_vehicle,10,133
1573126514429,small_vehicle,5,286
1572966877263,small_vehicle,8,48
1578023410424,large_vehicle,9,274
1585611037492,large_vehicle,2,63
1574597316346,large_vehicle,2,276
1584402635045,large_vehicle,9,135
1565470917786,large_vehicle,8,293
1578006867616,small_vehicle,2,296
1574764722708,small_vehicle,3,276
1585833484870,large_vehicle,4,22
1578280784294,small_vehicle,0,182
1575947506358,small_vehicle,1,186
1573212558146,large_vehicle,8,15
1585571680745,large_vehicle,7,151
1570771468439,small_vehicle,1,61
1584731720674,large_vehicle,6,243
1576641447134,large_vehicle,3,145
1581311560552,large_vehicle,9,308
1574969538095,small_vehicle,6,320
1582513496590,small_vehicle,8,314
1564755000885,small_vehicle,10,352
1582303451229,large_vehicle,1,314
1574133902662,small_vehicle,8,202
1576686691810,large_vehicle,1,45
1577019042331,large_vehicle,8,277
1572039493613,small_vehicle,3,300
1585878670731,small_vehicle,4,162
1575172657428,small_vehicle,8,272
1582746125287,small_vehicle,0,136
1586330048619,small_vehicle,0,277
1578599430865,large_vehicle,6,306
1583174614809,small_vehicle,8,79
1570018805456,large_vehicle,0,6
1586503059055,large_vehicle,2,200
1577709265820,large_vehicle,8,42
1586359855358,small_vehicle,8,128
1565129557819,small_vehicle,3,32
1578731712181,small_vehicle,3,232
1582238643996,small_vehicle,8,129
1583567129200,large_vehicle,5,118
1580345805415,large_vehicle,3,70
1568721185907,small_vehicle,6,289
1578878361539,small_vehicle,10,18
1583159699691,small_vehicle,5,228
1581690247268,large_vehicle,9,25
1579933806853,large_vehicle,8,310
1569590000810,small_vehicle,4,19
1571202122457,small_vehicle,0,219
1585247193451,small_vehicle,0,281
1577605756871,large_vehicle,5,105
1574107078718,small_vehicle,6,271
1576694269627,small_vehicle,1,9
1574331917568,large_vehicle,8,269
1582167063390,large_vehicle,10,293
1584856918591,large_vehicle,8,210
1582903473729,large_vehicle,1,330
1575449786855,small_vehicle,9,257
1564844801316,small_vehicle,9,100
1567974853474,small_vehicle,3,85
1566850103487,small_vehicle,5,110
1570076105884,large_vehicle,4,336
1582130527233,small_vehicle,5,58
1565425178640,large_vehicle,3,218
1582793314212,small_vehicle,10,145
1567032122090,large_vehicle,10,195
1565892852593,large_vehicle,3,114
1577592786904,small_vehicle,8,91
1584215775478,small_vehicle,5,208
1581883093098,small_vehicle,10,230
1585299931000,small_vehicle,3,127
1570486430637,small_vehicle,8,345
1580864482996,small_vehicle,10,205
1586031399901,large_vehicle,4,261
1585438312653,small_vehicle,4,279
1579932249256,small_vehicle,9,358
1570002302038,small_vehicle,1,83
1568572538224,small_vehicle,8,220
1581430508658,large_vehicle,9,314
1575223422201,large_vehicle,5,273
1576200726355,small_vehicle,4,325
1575118762674,small_vehicle,4,117
1579555342792,large_vehicle,7,242
1571887192829,small_vehicle,9,287
1584305916422,large_vehicle,0,7
1565818797572,large_vehicle,8,334
1580289529208,small_vehicle,4,183
1584478955178,large_vehicle,5,15
1566700048123,large_vehicle,3,72
1568301766179,large_vehicle,1,65
1580453829000,small_vehicle,0,63
1583219682273,large_vehicle,4,151
1569865317009,large_vehicle,4,176
1577293592592,large_vehicle,3,122
1578783264275,small_vehicle,8,75
1567490708341,small_vehicle,5,327
1577929467635,small_vehicle,2,343
1567473531863,small_vehicle,10,268
1583441133191,large_vehicle,4,95
1568322125054,large_vehicle,2,117
1576361708870,small_vehicle,1,89
1578315275276,small_vehicle,4,153
1572923389326,large_vehicle,0,347
1582939409777,small_vehicle,3,207
1578442314134,large_vehicle,10,160
1565226966477,small_vehicle,2,93
1566506663507,small_vehicle,1,139
1576929440259,large_vehicle,7,251
1582515970230,small_vehicle,5,39
1565316709184,large_vehicle,3,281
1586456491056,small_vehicle,8,270
1569743691771,small_vehicle,5,12
1580971197968,large_vehicle,0,19
1586678785452,small_vehicle,5,277
1567500110136,large_vehicle,10,182
1573016451081,large_vehicle,3,274
1577759337744,large_vehicle,2,131
1568858069027,large_vehicle,8,30
1576545757562,small_vehicle,8,9
1582503600568,large_vehicle,2,62
1578739017039,small_vehicle,4,339
1583440702546,small_vehicle,4,244
1573547232537,large_vehicle,4,20
1568983070357,small_vehicle,1,231
1586638839626,large_vehicle,2,89
1576164246390,small_vehicle,1,271
1566087257948,small_vehicle,6,179
1571813556110,large_vehicle,8,56
1576910336040,small_vehicle,2,358
1568208432200,small_vehicle,6,298
1585168678835,small_vehicle,2,182
1572523820874,small_vehicle,10,360
1568922705857,large_vehicle,4,227
1573728558730,small_vehicle,5,35
1572440006807,large_vehicle,4,177
1580007456460,large_vehicle,3,207
1571911787469,small_vehicle,7,211
1582490455136,small_vehicle,4,65
1584099215069,small_vehicle,4,319
1586156833407,large_vehicle,5,114
1570031921941,large_vehicle,8,39
1575350206988,large_vehicle,4,32
1566373082248,large_vehicle,0,199
1579785954588,small_vehicle,6,296
1578807151996,small_vehicle,6,0
1581140529113,large_vehicle,8,329
1582582567034,large_vehicle,6,151
1580849237373,large_vehicle,10,236
1572260933195,large_vehicle,1,309
1586381696995,large_vehicle,2,88
1569512309401,large_vehicle,8,326
1581276762643,small_vehicle,3,293
1577334902398,small_vehicle,4,216
1565751702261,large_vehicle,6,352
1581179026051,small_vehicle,1,260
1566850219696,small_vehicle,2,153
1568750371505,large_vehicle,0,126
1576483035202,large_vehicle,4,174
1574323909428,small_vehicle,1,333
1582407782659,small_vehicle,5,344
1576256606576,large_vehicle,4,18
1585804439079,small_vehicle,6,323
1575104221014,small_vehicle,5,174
1570222325786,small_vehicle,1,161
1586105965665,large_vehicle,9,285
1572600783674,large_vehicle,5,346
1569137972963,small_vehicle,9,202
1566963414622,small_vehicle,7,92
1585135298008,small_vehicle,4,242
1584265661024,small_vehicle,0,348
1584051974734,small_vehicle,1,21
1572126334786,small_vehicle,2,298
1578335637367,large_vehicle,4,56
1580742543621,large_vehicle,7,158
1565339468336,small_vehicle,9,116
1575201719597,small_vehicle,0,102
1585403243548,large_vehicle,7,333
1578163735806,small_vehicle,10,275
1579865032964,small_vehicle,6,96
1584257330683,large_vehicle,5,220
1566479791226,small_vehicle,3,165
1571610074148,small_vehicle,2,54
1574368566036,large_vehicle,2,244
1585083188530,small_vehicle,9,359
1579651119231,large_vehicle,6,170
1573591514604,small_vehicle,0,59
1583926033991,large_vehicle,3,52
1565518773934,small_vehicle,10,201
1575030354001,small_vehicle,2,284
1582541126243,large_vehicle,6,45
1583734090602,large_vehicle,4,43
1574386506119,small_vehicle,0,266
1580073507629,small_vehicle,2,229
1575899914172,small_vehicle,3,19
1585381247535,large_vehicle,8,225
1574573630948,large_vehicle,6,20
1574271663275,large_vehicle,9,340
1574955151649,large_vehicle,0,195
1578835558532,large_vehicle,10,338
1581527668762,small_vehicle,5,330
1574335736981,small_vehicle,10,218
1575181913689,small_vehicle,7,15
1570966994041,large_vehicle,6,339
1578784576389,small_vehicle,9,17
1570400496022,small_vehicle,2,16
1583436462687,large_vehicle,9,334
1572212797769,small_vehicle,1,39
1586633325419,large_vehicle,0,87
1571594233251,small_vehicle,1,66
1586316974596,small_vehicle,10,36
1575536499885,small_vehicle,4,206
1582586441252,small_vehicle,4,360
1567991547620,large_vehicle,2,305
1575019595294,small_vehicle,9,59
1584555232928,large_vehicle,8,22
1571822429676,small_vehicle,0,229
1567954357525,small_vehicle,10,72
1570386857481,small_vehicle,0,157
1578866889011,large_vehicle,1,88
1584154799148,large_vehicle,1,303
1579201698508,small_vehicle,2,254
1585008803005,large_vehicle,2,291
1565777445349,small_vehicle,5,61
1571843038795,small_vehicle,7,275
1573336566781,large_vehicle,8,93
1580679151554,large_vehicle,7,283
1578684909966,large_vehicle,0,188
1569913277621,large_vehicle,5,32
1577582653971,large_vehicle,6,158
1578671027520,small_vehicle,6,182
1573387226156,large_vehicle,6,79
1578377214024,small_vehicle,10,164
1577988366811,small_vehicle,0,238
1585490193577,small_vehicle,3,225
1570810672166,small_vehicle,4,281
1576745436757,small_vehicle,2,359
1571946134774,small_vehicle,8,272
1585981272131,small_vehicle,2,100
1581160385765,large_vehicle,6,29
1567530411786,small_vehicle,4,27
1584202063920,large_vehicle,8,123
1584379294278,small_vehicle,2,23
1579116829432,small_vehicle,7,356
1582578555081,small_vehicle,5,144
1577126109567,small_vehicle,10,189
1575239706630,small_vehicle,8,95
1573650873092,small_vehicle,10,274
1569501402735,small_vehicle,10,281
1571177102170,small_vehicle,3,1
1572391269896,small_vehicle,3,215
1583580080799,small_vehicle,1,222
1584160436276,large_vehicle,0,141
1569771714342,large_vehicle,6,30
1572670226484,small_vehicle,0,117
1578520395248,small_vehicle,1,234
1570212904188,large_vehicle,4,247
1575920763247,large_vehicle,9,344
1575354416768,small_vehicle,2,258
1576844682155,large_vehicle,4,17
1571697146734,small_vehicle,7,76
1584710697472,small_vehicle,7,155
1565180637093,small_vehicle,8,327
1568035563527,large_vehicle,5,66
1571475135527,small_vehicle,1,97
1566137503623,small_vehicle,4,312
1575109180547,small_vehicle,7,62
1571397987762,large_vehicle,7,99
1566842950130,small_vehicle,10,28
1584643551510,large_vehicle,5,96
1569883085779,small_vehicle,8,68
1584973652894,small_vehicle,9,53
1575339289367,large_vehicle,0,15
1574745211542,large_vehicle,1,125
1575757575856,large_vehicle,5,102
1577161888763,small_vehicle,7,58
1571612034171,large_vehicle,5,96
1581577478805,small_vehicle,2,169
1572654924197,large_vehicle,5,301
1578620111280,large_vehicle,9,207
1579987597634,small_vehicle,0,206
1573756409468,large_vehicle,7,141
1575871888136,large_vehicle,7,172
1580543312766,large_vehicle,0,242
1583971216943,small_vehicle,0,107
1582734357164,large_vehicle,4,65
1569507791166,large_vehicle,4,257
1585409094545,large_vehicle,1,223
1570140393217,small_vehicle,1,115
1583917563105,small_vehicle,5,202
1586258825236,small_vehicle,5,104
1582314009638,small_vehicle,6,129
1584955528298,large_vehicle,7,266
1564712538890,small_vehicle,5,180
1584914895617,small_vehicle,7,6
1572659788137,large_vehicle,2,47
1576309722514,small_vehicle,3,281
1577656898418,large_vehicle,4,332
1573286607426,small_vehicle,1,73
1574997078050,large_vehicle,5,192
1571101784052,large_vehicle,8,206
1580162387915,large_vehicle,7,210
1575017313163,large_vehicle,2,82
1583147255072,large_vehicle,3,152
1581107918481,large_vehicle,6,283
1570259577189,small_vehicle,2,190
1583916456111,small_vehicle,4,320
1582493439673,large_vehicle,6,24
1565364685140,small_vehicle,8,324
1567084281365,large_vehicle,0,185
1583341636968,large_vehicle,3,0
1568185566906,large_vehicle,4,320
1573067946899,small_vehicle,5,255
1578948457743,large_vehicle,0,325
1585026411701,large_vehicle,8,74
1585163883380,large_vehicle,8,45
1574027085618,small_vehicle,8,225
1568042249516,small_vehicle,1,238
1572809837766,large_vehicle,9,224
1566156770359,large_vehicle,10,327
1581181247260,small_vehicle,9,92
1584749237982,small_vehicle,3,119
1572179687278,small_vehicle,7,360
1573286055328,small_vehicle,8,10
1583959481954,small_vehicle,3,143
1578197213413,small_vehicle,4,318
1579265442675,small_vehicle,2,119
1565226428468,small_vehicle,5,222
1575551024941,large_vehicle,1,242
1579478256983,small_vehicle,7,216
1585395523294,small_vehicle,0,224
1569610917530,small_vehicle,3,30
1584657027106,large_vehicle,5,68
1574012955897,large_vehicle,6,311
1575147642434,large_vehicle,0,317
1573460452078,small_vehicle,3,197
1581811601856,small_vehicle,5,317
1578493909380,small_vehicle,1,306
1578350245102,large_vehicle,3,69
1568287161345,large_vehicle,0,216
1571413334047,large_vehicle,7,269
1578256991571,small_vehicle,5,306
1585709133793,small_vehicle,10,209
1568333185323,large_vehicle,5,306
1580678595776,large_vehicle,10,236
1577600496175,small_vehicle,7,190
1573501260365,large_vehicle,1,71
1573508096418,small_vehicle,1,138
1565224508409,small_vehicle,3,63
1569861509653,small_vehicle,5,318
1577237993434,small_vehicle,9,101
1577268452672,small_vehicle,5,52
1581686294282,small_vehicle,3,336
1569197961057,small_vehicle,4,191
1584946223592,large_vehicle,9,193
1569283560641,large_vehicle,2,48
1581108899730,small_vehicle,3,201
1578678733233,small_vehicle,10,27
1583962614658,large_vehicle,1,227
1575716263355,large_vehicle,9,23
1572742110691,large_vehicle,10,191
1576310741109,large_vehicle,0,197
1565993336775,large_vehicle,5,285
1564648107771,large_vehicle,1,241
1585147081090,small_vehicle,7,338
1567195352223,large_vehicle,1,62
1580358635943,large_vehicle,3,92
1585997665744,small_vehicle,2,113
1581839969286,large_vehicle,3,16
1567074541143,large_vehicle,5,243
1583572557353,large_vehicle,10,110
1584621381087,large_vehicle,4,117
1583887024838,small_vehicle,2,198
1573498214194,large_vehicle,5,24
1569717571432,large_vehicle,3,247
1584510820418,large_vehicle,7,139
1583410674101,large_vehicle,1,235
1577194836765,small_vehicle,8,12
1568807956566,small_vehicle,0,4
1567832739655,small_vehicle,0,312
1586194193634,small_vehicle,5,125
1569966579126,small_vehicle,10,356
1579461371725,small_vehicle,4,191
1571671075056,large_vehicle,5,112
1579112759256,large_vehicle,0,75
1578344392687,small_vehicle,9,49
1579936533818,large_vehicle,9,67
1572563960750,large_vehicle,10,244
1586173673416,large_vehicle,1,121
1568025656665,large_vehicle,9,61
1581587521253,large_vehicle,6,224
1569673593752,small_vehicle,1,199
1565814984366,small_vehicle,8,360
1584411119925,small_vehicle,6,98
1568889482561,large_vehicle,4,336
1571046954120,large_vehicle,2,275
1581035970613,large_vehicle,9,251
1574908958696,large_vehicle,0,37
1571740127988,small_vehicle,6,91
1582022198520,large_vehicle,10,182
1585626801238,large_vehicle,9,204
1579296756367,large_vehicle,5,324
1578113069767,large_vehicle,6,33
1569793025213,small_vehicle,5,75
1570215452464,large_vehicle,3,86
1581680615142,small_vehicle,1,50
1576065119581,small_vehicle,0,134
1565359448740,large_vehicle,10,256
1569894605930,small_vehicle,6,213
1582202469879,small_vehicle,5,35
1574407763797,small_vehicle,7,239
1566668610417,large_vehicle,4,324
1576837420657,small_vehicle,1,64
1569537481464,small_vehicle,0,84
1578898802650,large_vehicle,10,3
1586488410376,small_vehicle,9,227
1573913178342,large_vehicle,10,310
1577219999010,small_vehicle,8,79
1586436941571,small_vehicle,2,33
1583948819601,large_vehicle,4,245
1581951621773,large_vehicle,7,37
1578898097052,large_vehicle,8,76
1566519618499,small_vehicle,7,338
1571026614017,small_vehicle,4,202
1582032168093,large_vehicle,2,262
1583763604488,small_vehicle,6,160
1568348336934,small_vehicle,1,307
1582507011310,small_vehicle,2,177
1586352553093,large_vehicle,0,350
1583470818759,large_vehicle,2,268
1568353842719,small_vehicle,6,153
1577567184778,large_vehicle,9,204
1582366378486,large_vehicle,1,143
1585415946932,small_vehicle,3,326
1577735833708,small_vehicle,6,348
1567810109477,small_vehicle,8,32
1582616413451,large_vehicle,4,13
1577022945249,large_vehicle,1,15
1575572004061,small_vehicle,0,248
1585522677503,large_vehicle,3,102
1568092945052,large_vehicle,5,39
1579709167181,small_vehicle,6,6
1577559606897,small_vehicle,4,108
1570584753989,large_vehicle,1,350
1585540958845,large_vehicle,0,54
1583632855800,large_vehicle,8,70
1566324113910,large_vehicle,6,39
1581052418517,small_vehicle,7,1
1571326733355,small_vehicle,4,226
1567149117856,small_vehicle,1,313
1566451489667,small_vehicle,7,304
1572300185023,large_vehicle,6,58
1583600068821,small_vehicle,5,205
1584714882233,small_vehicle,3,14
1582524216594,small_vehicle,3,306
1567371600057,large_vehicle,8,254
