1575191442520,small_vehicle,3,166
1565360610565,small_vehicle,9,68
1571345701453,small_vehicle,8,181
1576242997460,large_vehicle,7,242
1577925261907,small_vehicle,4,149
1582497000434,large_vehicle,9,305
1574117455190,small_vehicle,9,152
1569347440340,large_vehicle,6,268
1575353443348,large_vehicle,0,180
1565803708631,large_vehicle,5,260
1568493580134,small_vehicle,10,242
1569384074276,large_vehicle,10,67
1568497277784,large_vehicle,2,343
1583201780939,large_vehicle,0,112
1574075129552,small_vehicle,1,124
1582741332361,large_vehicle,2,343
1573581024520,large_vehicle,9,288
1571245112074,small_vehicle,8,334
1575627913158,large_vehicle,5,233
1585402063303,large_vehicle,3,273
1571410872670,large_vehicle,0,79
1576031521346,small_vehicle,8,262
1569731510013,large_vehicle,3,286
1573336954460,large_vehicle,5,299
1573407681121,small_vehicle,0,346
1580143588310,small_vehicle,10,208
1578474833966,large_vehicle,6,331
1584221366413,large_vehicle,6,208
1569025406198,large_vehicle,3,5
1586614322094,large_vehicle,0,306
1565346505479,small_vehicle,7,162
1574665342529,large_vehicle,8,308
1570278641548,large_vehicle,2,230
1586183991671,small_vehicle,10,51
1581481645440,small_vehicle,1,44
1571459748011,large_vehicle,6,341
1578668880023,large_vehicle,10,172
1576941745604,small_vehicle,8,7
1581239283229,large_vehicle,4,257
1570710652092,large_vehicle,1,186
1584304105760,small_vehicle,2,235
1571648327591,large_vehicle,1,288
1586138620816,large_vehicle,10,173
1569958634767,large_vehicle,5,149
1571934467930,small_vehicle,5,72
1564937906696,large_vehicle,8,173
1581387461167,large_vehicle,2,95
1571451810213,large_vehicle,1,73
1571382195586,large_vehicle,4,112
1581902446995,small_vehicle,8,360
1565314981236,large_vehicle,9,54
1569889681466,large_vehicle,2,95
1585213339420,small_vehicle,8,280
1582509381166,large_vehicle,7,273
1573943003006,large_vehicle,8,339
1568176996481,large_vehicle,6,51
1584514258139,large_vehicle,0,256
1585076149133,large_vehicle,6,265
1567637628407,large_vehicle,4,73
1567971045209,large_vehicle,6,229
1566614414661,small_vehicle,4,176
1570213532877,large_vehicle,0,30
1582647820500,large_vehicle,4,95
1566473588681,large_vehicle,5,240
1571570669420,small_vehicle,7,121
1581688220498,large_vehicle,5,129
1583524420384,small_vehicle,6,152
1572072312036,large_vehicle,9,263
1585579084862,large_vehicle,7,33
1575365507392,small_vehicle,5,298
1573793427542,small_vehicle,8,290
1584261525562,large_vehicle,7,21
1570763095456,large_vehicle,3,149
1569175795090,large_vehicle,6,231
1570610966589,small_vehicle,3,346
1569619788802,large_vehicle,10,180
1568282314290,small_vehicle,2,293
1582430322050,small_vehicle,3,127
1575581325278,large_vehicle,10,234
1574689857938,large_vehicle,0,269
1581131472487,small_vehicle,8,87
1583669713438,large_vehicle,0,318
1575527898671,large_vehicle,2,180
1565653702518,large_vehicle,9,217
1565379664681,large_vehicle,0,289
1566749235757,large_vehicle,6,82
1570696501546,large_vehicle,2,258
1571316498980,small_vehicle,4,221
1566829021871,small_vehicle,9,164
1571687030045,small_vehicle,0,102
1568630093665,large_vehicle,8,322
1571885815313,large_vehicle,1,307
1567615678940,small_vehicle,6,207
1579215366770,large_vehicle,2,165
1569253411544,small_vehicle,3,329
1565095384030,small_vehicle,10,245
1579766967003,small_vehicle,10,287
1586004499460,large_vehicle,1,357
1579805676332,large_vehicle,1,111
1565247758198,large_vehicle,8,191
1565118785525,large_vehicle,4,131
1566839423786,large_vehicle,6,54
1575769332980,small_vehicle,3,192
1569827764852,small_vehicle,4,62
1569765179215,small_vehicle,5,203
1576659910863,small_vehicle,2,23
1577480730714,small_vehicle,1,227
1585217458592,large_vehicle,7,41
1574166087044,small_vehicle,9,95
1573506478899,small_vehicle,8,26
1580429010790,small_vehicle,8,190
1585317392706,large_vehicle,2,330
1586292182696,large_vehicle,4,147
1565280039348,large_vehicle,9,99
1566126901992,small_vehicle,8,248
1579579780507,large_vehicle,10,293
1566116884600,large_vehicle,6,0
1565258469827,small_vehicle,1,314
1572245544650,large_vehicle,4,77
1573139229782,large_vehicle,0,131
1573060408194,large_vehicle,0,96
1583218265004,large_vehicle,2,329
1570223830932,small_vehicle,3,206
1578106822414,small_vehicle,10,337
1584232990093,large_vehicle,4,27
1583573119648,small_vehicle,2,149
1582190100995,small_vehicle,4,33
1567007642327,large_vehicle,10,326
1574718771384,large_vehicle,3,155
1575900238733,large_vehicle,6,311
1582941534708,large_vehicle,3,319
1573274036691,small_vehicle,0,226
1572219137610,large_vehicle,5,111
1578704233503,large_vehicle,3,135
1574160821621,small_vehicle,0,285
1565557651989,large_vehicle,6,336
1582656487313,large_vehicle,6,227
1586712285583,large_vehicle,9,161
1585829037780,large_vehicle,5,90
1583538305708,large_vehicle,1,4
1571848631227,large_vehicle,4,138
1582895990323,small_vehicle,1,353
1585726366955,small_vehicle,4,154
1585736524422,small_vehicle,2,274
1580767626617,small_vehicle,5,328
1576062605900,small_vehicle,1,318
1582229342809,large_vehicle,4,255
1580503282373,small_vehicle,1,198
1581476611505,small_vehicle,3,97
1568120465466,large_vehicle,4,0
1569179132309,large_vehicle,10,4
1565194464161,large_vehicle,0,130
1581235769387,small_vehicle,4,59
1577365799123,small_vehicle,1,345
1584448310141,small_vehicle,9,262
1573257170367,small_vehicle,6,0
1567056494995,large_vehicle,10,21
1569542478948,large_vehicle,4,70
1577392360618,small_vehicle,10,198
1585842661863,large_vehicle,8,304
1583837213229,small_vehicle,2,49
1571173353033,small_vehicle,0,63
1579908536663,small_vehicle,7,263
1572707098285,large_vehicle,0,23
1583995280460,large_vehicle,7,180
1572426886358,small_vehicle,0,56
1566090841272,small_vehicle,8,246
1575275122886,small_vehicle,1,71
1566636076786,large_vehicle,5,240
1579552732353,small_vehicle,2,138
1586032002557,large_vehicle,7,168
1586661238772,large_vehicle,8,144
1577599488229,large_vehicle,2,128
1576320325756,large_vehicle,10,151
1569532371062,small_vehicle,10,15
1565578971654,large_vehicle,9,134
1577545863881,large_vehicle,2,64
1570131388619,large_vehicle,2,59
1572888642553,small_vehicle,7,66
1567528045145,large_vehicle,9,309
1584502990612,large_vehicle,1,79
1580199232868,large_vehicle,0,185
1586068253127,large_vehicle,4,299
1568931736934,large_vehicle,2,6
1573761666006,large_vehicle,2,172
1585597272493,large_vehicle,2,41
1580451632695,small_vehicle,1,324
1582444135123,large_vehicle,3,103
1585268974584,small_vehicle,9,190
1579451235607,small_vehicle,8,330
1576673596872,large_vehicle,9,50
1584373460353,small_vehicle,6,249
1570779958870,large_vehicle,1,179
1580161855331,small_vehicle,9,234
1574006026822,small_vehicle,1,38
1574539435619,large_vehicle,9,346
1580447033354,small_vehicle,8,251
1577395881070,large_vehicle,9,316
1579237957211,small_vehicle,2,55
1580528999282,large_vehicle,4,248
1572271155778,small_vehicle,7,49
1580858007291,large_vehicle,3,113
1568942361852,small_vehicle,0,37
1570465945362,large_vehicle,2,163
1565247922031,large_vehicle,4,149
1578090291462,small_vehicle,2,56
1567217323162,small_vehicle,3,191
1575175645517,small_vehicle,4,22
1582099082734,large_vehicle,4,144
1582475958516,large_vehicle,3,116
1569711159188,large_vehicle,2,351
1579727094888,small_vehicle,9,229
1564994627287,small_vehicle,9,112
1564916636057,large_vehicle,0,261
1573898185227,small_vehicle,6,105
1577795000502,large_vehicle,8,189
1572914830510,large_vehicle,0,118
1579638386473,large_vehicle,6,241
1567078763165,small_vehicle,2,243
1572945880644,small_vehicle,9,264
1582277944104,small_vehicle,4,239
1585985430420,small_vehicle,9,64
1578404967276,large_vehicle,5,208
1579370072378,small_vehicle,2,277
1586578569611,small_vehicle,3,14
1572120377044,small_vehicle,10,42
1575612589651,small_vehicle,1,87
1571046267677,large_vehicle,8,213
1565809457001,large_vehicle,3,174
1581958291607,large_vehicle,5,292
1577568672519,small_vehicle,10,173
1569488317506,small_vehicle,4,277
1575177538175,large_vehicle,3,4
1565975927317,large_vehicle,9,260
1581311265301,small_vehicle,4,157
1582708867844,small_vehicle,10,274
1571704502150,large_vehicle,7,323
1579633284944,large_vehicle,4,8
1572689379722,small_vehicle,8,30
1567605298831,large_vehicle,7,242
1574050100295,large_vehicle,2,321
1573602943030,small_vehicle,10,21
1573303756392,large_vehicle,7,52
1578601084087,small_vehicle,4,238
1585290756607,large_vehicle,7,243
1585677731308,small_vehicle,0,328
1570244467068,large_vehicle,4,125
1575484642092,small_vehicle,10,254
1574913236822,small_vehicle,0,130
1565516319535,small_vehicle,9,175
1565153275149,large_vehicle,5,74
1568582415016,small_vehicle,7,159
1576276963374,large_vehicle,3,59
1581742962160,small_vehicle,6,359
1584056926607,small_vehicle,10,135
1582831723005,large_vehicle,0,208
1574970244492,large_vehicle,8,344
1585590903288,small_vehicle,8,11
1565295112518,small_vehicle,10,98
1569127871168,large_vehicle,3,143
1574836845206,large_vehicle,4,12
1567904600730,large_vehicle,5,128
1573489326201,small_vehicle,8,82
1578746379709,small_vehicle,8,195
1582624125334,large_vehicle,8,28
1580536609545,large_vehicle,10,29
1578345427488,small_vehicle,8,191
1565039863599,large_vehicle,9,255
1567343828176,small_vehicle,4,252
1573748250329,large_vehicle,0,4
1565994334031,small_vehicle,2,154
1566181055302,small_vehicle,3,131
1572487881171,large_vehicle,1,309
1565856241792,large_vehicle,7,296
1576594636004,large_vehicle,1,227
1568584212763,small_vehicle,10,337
1570248979406,small_vehicle,6,36
1586503082296,small_vehicle,7,239
1585732747596,large_vehicle,8,207
1566303163995,large_vehicle,10,177
1566585202691,small_vehicle,4,47
1586698059014,small_vehicle,9,111
1580016977275,large_vehicle,1,68
1564695249378,small_vehicle,2,211
1566839320906,large_vehicle,9,336
1582695857719,large_vehicle,8,203
1583510974170,small_vehicle,0,62
1581746201759,large_vehicle,4,262
1581665513296,small_vehicle,3,328
1573345505905,small_vehicle,2,189
1580730344852,small_vehicle,9,146
1582160593010,small_vehicle,5,348
1565817354798,large_vehicle,9,7
1565569067045,large_vehicle,10,293
1568298839593,large_vehicle,10,301
1581693109635,small_vehicle,8,240
1573654641988,large_vehicle,4,88
1579323258802,large_vehicle,4,316
1577424674237,large_vehicle,6,353
1567451380231,large_vehicle,0,196
1576653580025,small_vehicle,1,189
1573403776995,small_vehicle,10,181
1571813319075,large_vehicle,0,41
1572490038845,small_vehicle,6,262
1582474774799,small_vehicle,9,194
1581354262321,large_vehicle,8,160
1584688544006,small_vehicle,4,328
1584698405080,large_vehicle,6,236
1571981300098,small_vehicle,9,153
1578742419694,large_vehicle,10,152
1581245551622,small_vehicle,1,297
1566698334571,large_vehicle,1,325
1574856300510,large_vehicle,6,178
1575259044248,large_vehicle,3,122
1567187156152,large_vehicle,3,141
1580236425192,small_vehicle,4,229
1583117875204,small_vehicle,7,336
1574945004953,small_vehicle,10,273
1566884221662,large_vehicle,9,264
1565400971384,large_vehicle,9,146
1571993504905,small_vehicle,8,270
1580612502048,small_vehicle,6,193
1576972931939,small_vehicle,5,126
1582424906161,small_vehicle,10,45
1585520772365,small_vehicle,7,90
1585381119595,small_vehicle,10,356
1569889045980,large_vehicle,2,261
1578751847824,large_vehicle,10,298
1579151429482,small_vehicle,0,348
1577139742262,small_vehicle,3,334
1583111705838,small_vehicle,5,323
1572048151544,large_vehicle,6,224
1578438113366,large_vehicle,9,143
1579347238178,small_vehicle,8,26
1581137204793,large_vehicle,0,178
1580219665527,small_vehicle,5,140
1571050174764,small_vehicle,0,91
1582633767126,small_vehicle,5,350
1569631090768,large_vehicle,3,193
1568207973854,large_vehicle,10,273
1585512127771,large_vehicle,6,268
1583232419397,large_vehicle,4,280
1574598495017,small_vehicle,5,355
1583203356977,small_vehicle,0,5
1569548428180,small_vehicle,8,255
1584666024120,small_vehicle,8,78
1570978497715,small_vehicle,1,259
1567799051646,large_vehicle,6,200
1584084968257,large_vehicle,3,288
1568172085002,small_vehicle,9,67
1586669160168,large_vehicle,9,251
1565577541660,small_vehicle,0,73
1584848949005,large_vehicle,10,295
1571126788926,large_vehicle,8,94
1583229104212,small_vehicle,3,118
1575195611886,small_vehicle,3,312
1572796191603,large_vehicle,9,188
1564870496382,small_vehicle,2,234
1578051644176,small_vehicle,7,64
1580567242854,large_vehicle,1,8
1575623576808,small_vehicle,0,53
1582627987307,small_vehicle,9,62
1583201362398,large_vehicle,3,276
1586091427342,large_vehicle,9,349
1585579727418,large_vehicle,7,289
1569767104424,small_vehicle,7,7
1579907370900,large_vehicle,5,5
1574849698448,large_vehicle,6,37
1580449525973,small_vehicle,0,327
1567261096593,large_vehicle,8,184
1574853758463,large_vehicle,8,264
1577578982360,large_vehicle,7,181
1565573324819,large_vehicle,6,165
1564706200386,small_vehicle,4,62
1570380281363,small_vehicle,6,330
1574960076254,large_vehicle,6,103
1582720786475,large_vehicle,6,309
1566106348588,small_vehicle,8,66
1571814661163,small_vehicle,10,160
1579411984689,small_vehicle,9,101
1575213052215,small_vehicle,10,98
1567901022714,large_vehicle,7,334
1578542705529,small_vehicle,8,256
1583463712599,large_vehicle,10,328
1580019958935,large_vehicle,9,76
1578446285474,large_vehicle,10,290
1578875340276,small_vehicle,8,242
1569989909409,small_vehicle,1,188
1583871957717,large_vehicle,4,325
1567415140286,small_vehicle,5,320
1582718971723,large_vehicle,7,107
1575608386875,large_vehicle,1,215
1565709716173,large_vehicle,3,190
1579189083304,large_vehicle,5,334
1573746217491,large_vehicle,5,295
1565458836272,large_vehicle,2,200
1577047568460,large_vehicle,10,24
1579611718986,small_vehicle,2,200
1567316732376,small_vehicle,0,115
1579376551821,large_vehicle,10,46
1583622501745,large_vehicle,9,305
1577740564976,small_vehicle,2,332
1576108148872,small_vehicle,4,261
1575518065339,small_vehicle,4,253
1568808344256,small_vehicle,3,129
1570682836836,large_vehicle,6,60
1580877700335,large_vehicle,9,169
1570921889981,large_vehicle,1,251
1570819810402,small_vehicle,4,296
1571197164813,small_vehicle,9,57
1584730827609,small_vehicle,8,113
1586165194218,large_vehicle,4,71
1565063332910,large_vehicle,3,317
1577429218790,large_vehicle,3,52
1570054429236,small_vehicle,9,9
1565879698031,small_vehicle,1,348
1586229265545,large_vehicle,3,13
1572346394863,large_vehicle,0,327
1568857537776,small_vehicle,3,197
1569777813558,small_vehicle,2,347
1582430972561,small_vehicle,1,102
1582358870070,small_vehicle,2,259
1566478317526,small_vehicle,0,51
1570847439536,large_vehicle,0,215
1579957805489,large_vehicle,2,159
1565815159476,small_vehicle,6,15
1576578608749,large_vehicle,8,217
1582244099140,large_vehicle,10,188
1568415644375,large_vehicle,2,53
1578059226254,small_vehicle,5,199
1576364292944,small_vehicle,3,139
1573248483898,small_vehicle,9,223
1570291040022,large_vehicle,3,64
1569492646474,small_vehicle,10,231
1573334708235,small_vehicle,6,114
1577291895583,small_vehicle,8,342
1577539149558,large_vehicle,5,6
1584402613973,small_vehicle,2,158
1567937368711,large_vehicle,2,164
1585569391214,large_vehicle,0,228
1574202620389,large_vehicle,2,221
1574281139945,small_vehicle,9,0
1574935407497,large_vehicle,3,91
1575313565228,small_vehicle,10,198
1568737794852,small_vehicle,9,164
1581778263904,small_vehicle,4,352
1579955790088,large_vehicle,8,340
1583660601801,large_vehicle,1,140
1569399111419,large_vehicle,9,205
1574283429299,large_vehicle,4,194
1583861465199,small_vehicle,6,244
1568943376880,large_vehicle,4,142
1576403001070,small_vehicle,2,73
1566876750729,large_vehicle,7,95
1582102540728,large_vehicle,1,303
1582287275740,large_vehicle,6,268
1585353423393,small_vehicle,7,27
1582882784368,small_vehicle,8,230
1566918552722,small_vehicle,5,334
1583826072451,large_vehicle,8,15
1585344844495,large_vehicle,6,257
1576617769313,small_vehicle,5,345
1576853817761,large_vehicle,9,328
1583721770255,large_vehicle,6,229
1583036153603,small_vehicle,9,334
1574186062709,small_vehicle,0,230
1571777010664,small_vehicle,9,117
1568364662834,large_vehicle,7,44
1571678847262,small_vehicle,4,246
1581726122059,small_vehicle,6,197
1574482356859,large_vehicle,6,243
1581496846025,small_vehicle,6,304
1582213863873,large_vehicle,1,136
1576753936721,large_vehicle,8,184
1572206979001,small_vehicle,3,91
1567447651147,large_vehicle,10,244
1574163611137,large_vehicle,7,1
1584498237677,large_vehicle,4,356
1585288077562,small_vehicle,4,319
1584608430806,small_vehicle,4,273
1573887324524,large_vehicle,6,210
1568790301853,small_vehicle,2,214
1571468554767,large_vehicle,2,289
1582624705229,small_vehicle,1,4
1570597096178,large_vehicle,9,15
1569835396021,large_vehicle,10,185
1576575458569,large_vehicle,7,171
1566677803057,large_vehicle,3,278
1574506019276,small_vehicle,1,293
1586534132387,small_vehicle,2,1
1578781673127,small_vehicle,6,143
1566219843238,small_vehicle,3,15
1565347542210,large_vehicle,5,3
1579247055006,large_vehicle,3,104
1582548089456,small_vehicle,6,62
1568744160069,small_vehicle,8,271
1572347755360,small_vehicle,5,260
1571973070436,small_vehicle,4,277
1570776582525,large_vehicle,0,214
1569750413296,large_vehicle,6,258
1576371729463,small_vehicle,4,357
1567943703743,large_vehicle,5,159
1565683490667,small_vehicle,8,78
1575998106422,large_vehicle,9,227
1570649022719,large_vehicle,7,80
1576461205533,large_vehicle,2,341
1566366013712,large_vehicle,6,344
1580063259006,large_vehicle,8,50
1567870163198,small_vehicle,8,329
1567825538515,large_vehicle,7,218
1566628489405,large_vehicle,0,8
1577613268671,small_vehicle,9,191
1569368730439,large_vehicle,6,343
1564769507355,large_vehicle,7,127
1565727290171,small_vehicle,10,300
1564836841632,large_vehicle,1,272
1575364973851,large_vehicle,1,206
1574257750790,large_vehicle,4,281
1570069840102,small_vehicle,0,178
1582889528208,large_vehicle,8,342
1571948407532,small_vehicle,6,91
1575211359314,small_vehicle,2,145
1577148208045,small_vehicle,7,265
1575170895772,large_vehicle,1,233
1575310955430,small_vehicle,0,322
1586057435839,large_vehicle,10,282
1584005819847,small_vehicle,2,263
1583781337030,large_vehicle,7,243
1568452924008,large_vehicle,5,262
1573131519176,large_vehicle,4,147
1583486712054,small_vehicle,2,210
1568017695575,large_vehicle,8,107
1584575528083,large_vehicle,4,270
1569573510924,large_vehicle,8,360
1586160816416,large_vehicle,8,97
1583010707808,small_vehicle,1,148
1582847457621,large_vehicle,9,186
1585910079559,small_vehicle,8,217
1575046631880,small_vehicle,0,348
1565055291273,large_vehicle,4,293
1586685935566,large_vehicle,8,154
1573085519433,small_vehicle,6,30
1579880699634,large_vehicle,7,160
1573838083932,small_vehicle,8,262
1576761940848,large_vehicle,10,23
1575330060555,large_vehicle,8,97
1566077500124,small_vehicle,3,195
1569792575002,small_vehicle,9,224
1567668215766,small_vehicle,0,42
1578421184921,small_vehicle,9,139
1577873735723,small_vehicle,5,234
1565608347267,small_vehicle,1,112
1565319604207,large_vehicle,0,69
1586698430806,large_vehicle,4,177
1566683380187,small_vehicle,10,344
1574172318540,large_vehicle,1,277
1573953265978,small_vehicle,0,195
1579210877839,large_vehicle,9,349
1577190019873,large_vehicle,1,6
1565317437881,large_vehicle,9,78
1585026475926,small_vehicle,10,249
1578007925657,large_vehicle,8,92
1582113562501,small_vehicle,2,59
1570134159339,small_vehicle,10,94
1577218715706,small_vehicle,1,137
1566653575510,small_vehicle,10,163
1568299599685,large_vehicle,5,190
1584684781542,small_vehicle,1,214
1581533447491,large_vehicle,8,113
1566226970370,small_vehicle,0,305
1571207802542,small_vehicle,1,297
1581077714652,small_vehicle,8,210
1568201038229,large_vehicle,6,212
1579221873792,small_vehicle,6,122
1582207028243,small_vehicle,2,50
1584152766007,large_vehicle,3,148
1572695016201,large_vehicle,0,139
1573021779466,small_vehicle,9,148
1566532061808,small_vehicle,3,339
1572426598321,small_vehicle,5,127
1567550081567,large_vehicle,5,71
1566935961276,small_vehicle,6,94
1585491250525,large_vehicle,7,302
1565592786478,small_vehicle,2,232
1565811007458,large_vehicle,3,256
1565741013695,small_vehicle,10,356
1564932932619,large_vehicle,0,286
1565196258189,small_vehicle,5,34
1572284147951,large_vehicle,1,157
1575327333837,large_vehicle,7,237
1578145365850,large_vehicle,5,163
1567901517968,large_vehicle,5,354
1564654199428,large_vehicle,10,83
1578389809553,small_vehicle,1,37
1583304215366,small_vehicle,0,73
1565258199628,large_vehicle,4,213
1565542581995,large_vehicle,3,156
1577515553462,large_vehicle,6,127
1571853724853,small_vehicle,3,152
1584503268299,large_vehicle,2,91
1564954781940,large_vehicle,10,6
1585114772405,small_vehicle,5,299
1567503954095,small_vehicle,6,190
1576876923516,small_vehicle,3,106
1583522061650,small_vehicle,10,89
1584222012150,large_vehicle,6,50
1566576319514,small_vehicle,1,95
1578354625229,large_vehicle,2,26
1566862684048,large_vehicle,4,279
1572368882291,small_vehicle,8,148
1574573417237,large_vehicle,4,189
1580014068657,small_vehicle,7,187
1565126402765,small_vehicle,8,295
1581407982239,small_vehicle,1,304
1570726644088,large_vehicle,6,61
1566678747445,small_vehicle,10,297
1569882450026,small_vehicle,4,181
1577480855899,small_vehicle,0,225
1572171258848,small_vehicle,3,140
1572131962645,large_vehicle,1,319
1578988170657,small_vehicle,1,66
1574640478320,large_vehicle,0,199
1583274210777,small_vehicle,7,293
1576433510397,small_vehicle,10,166
1582394191957,large_vehicle,2,167
1574651754287,small_vehicle,4,44
1581853342951,large_vehicle,7,11
1565295100832,small_vehicle,8,60
1571793328051,large_vehicle,0,112
1576421490312,large_vehicle,8,99
1584680594605,small_vehicle,7,111
1576097388761,large_vehicle,0,110
1584173198029,small_vehicle,3,207
1569205737189,small_vehicle,3,42
1567818498980,small_vehicle,10,313
1583807844389,large_vehicle,3,149
1585503384213,small_vehicle,7,274
1564765075981,small_vehicle,2,196
1579831490807,large_vehicle,10,297
1583453479823,large_vehicle,6,80
1579327634874,large_vehicle,0,30
1585082091697,small_vehicle,5,22
1577510499634,large_vehicle,8,8
1567429013611,large_vehicle,8,314
1581651078378,large_vehicle,9,303
1573733345755,small_vehicle,8,130
1571352630271,large_vehicle,5,293
1582448529702,large_vehicle,10,245
1569600430204,large_vehicle,0,114
1578639869267,large_vehicle,9,329
1571431229883,small_vehicle,7,276
1570605023933,small_vehicle,1,163
1570855514537,large_vehicle,9,221
1586154556840,large_vehicle,3,282
1578864089021,large_vehicle,3,262
1567831879632,small_vehicle,0,105
1576976793133,large_vehicle,5,244
1586148170334,large_vehicle,7,29
1572031009262,large_vehicle,7,106
1565327729841,large_vehicle,3,131
1582913574366,large_vehicle,5,58
1572321477095,large_vehicle,4,322
1570008129943,large_vehicle,4,277
1585829118863,small_vehicle,0,210
1586510244572,large_vehicle,5,59
1586487473608,small_vehicle,8,296
1574339956016,large_vehicle,9,33
1577141776342,large_vehicle,8,306
1579720226041,small_vehicle,10,27
1577387247374,large_vehicle,2,147
1569857593503,small_vehicle,1,42
1576236134437,small_vehicle,3,176
1565072673726,small_vehicle,7,158
1577582650050,small_vehicle,0,278
1585755239634,large_vehicle,0,317
1573604603940,small_vehicle,8,162
1568456684090,large_vehicle,5,298
1583551961083,small_vehicle,6,24
1568087520322,small_vehicle,4,51
1568921481928,small_vehicle,9,249
1578118821820,small_vehicle,6,227
1567025293361,large_vehicle,0,231
1576980748876,small_vehicle,8,23
1580008370154,small_vehicle,3,98
1571979269295,small_vehicle,5,310
1584345272184,large_vehicle,0,300
1579276254065,large_vehicle,6,210
1569401364635,large_vehicle,6,303
1568092621809,large_vehicle,6,36
1576718053866,large_vehicle,3,251
1570072084657,small_vehicle,10,277
1574287736928,small_vehicle,0,118
1571862477309,large_vehicle,7,296
1572933890907,large_vehicle,9,150
1578868128412,small_vehicle,4,306
1578744325058,large_vehicle,10,277
1578130877541,small_vehicle,6,44
1580314375775,large_vehicle,5,69
1583320699298,small_vehicle,9,8
1569325438065,large_vehicle,10,276
1571608150948,large_vehicle,0,88
1568739379761,large_vehicle,6,43
1579822392474,small_vehicle,0,64
1583927696652,small_vehicle,2,145
1572717665263,small_vehicle,3,71
1566622529680,large_vehicle,10,178
1585050133884,large_vehicle,7,138
1576745963404,small_vehicle,4,110
1574017882670,large_vehicle,6,27
1573140689759,large_vehicle,1,279
1582126832403,small_vehicle,5,38
1584745080595,large_vehicle,7,39
1565431262027,small_vehicle,9,228
1570009369047,small_vehicle,3,227
1575934856180,large_vehicle,3,57
1581378007866,small_vehicle,5,153
1568660961332,small_vehicle,5,233
1565456818289,large_vehicle,3,323
1572904621152,small_vehicle,7,17
1585536290062,small_vehicle,9,329
1571226113875,large_vehicle,8,231
1585274777271,small_vehicle,1,322
1581829513518,large_vehicle,0,205
1570880115773,large_vehicle,8,36
1582472691972,small_vehicle,5,196
1574874790217,large_vehicle,0,272
1568082365638,large_vehicle,10,254
1582970619472,large_vehicle,4,301
1584717961061,large_vehicle,5,183
1568386924563,large_vehicle,4,321
1586566081955,small_vehicle,6,20
1569297580961,small_vehicle,0,214
1569367402651,small_vehicle,4,357
1584978744253,small_vehicle,4,102
1565442179523,large_vehicle,3,3
1575369400098,small_vehicle,4,25
1584811874008,large_vehicle,6,75
1573223278828,small_vehicle,6,90
1581812735216,small_vehicle,9,71
1576778422246,large_vehicle,5,15
1577983970705,large_vehicle,8,98
1583373109307,large_vehicle,10,14
1585386824635,large_vehicle,8,357
1578032480466,large_vehicle,1,150
1577954943873,small_vehicle,10,232
1580922536790,small_vehicle,3,52
1586219665632,large_vehicle,9,259
1582582591774,large_vehicle,2,197
1567885388678,large_vehicle,4,183
1582509484530,large_vehicle,2,101
1575191003977,large_vehicle,10,147
1575524266880,large_vehicle,5,273
1582539236192,small_vehicle,0,325
1567942263958,small_vehicle,3,182
1586712779108,large_vehicle,10,305
1585864022821,large_vehicle,0,136
1566749768836,small_vehicle,0,180
1576033822939,small_vehicle,0,291
1580829309071,large_vehicle,5,270
1571579582038,small_vehicle,5,138
1578747956749,large_vehicle,9,141
1574299735032,large_vehicle,9,38
1577332972275,large_vehicle,0,241
1584941395016,small_vehicle,5,159
1583083399537,small_vehicle,0,296
1584971741731,small_vehicle,3,220
1578662322823,large_vehicle,7,96
1584014329763,large_vehicle,4,3
1571236892476,small_vehicle,2,78
1585037035180,small_vehicle,4,346
1570533407949,large_vehicle,6,57
1566417667975,small_vehicle,7,350
1573783701914,large_vehicle,8,217
1575516959270,small_vehicle,10,147
1576520697231,small_vehicle,7,236
1582586032741,large_vehicle,3,12
1579145539416,large_vehicle,5,11
1572626070587,small_vehicle,8,78
1583004037152,large_vehicle,8,167
1581413621581,large_vehicle,2,67
1579365478480,large_vehicle,7,285
1569249059060,small_vehicle,8,143
1576929296406,large_vehicle,1,134
1571094086780,small_vehicle,4,95
1573223444775,small_vehicle,0,270
1569022052859,small_vehicle,10,214
1568107915352,large_vehicle,1,359
1570627679924,small_vehicle,10,300
1578759087909,large_vehicle,6,123
1578105883359,large_vehicle,3,225
1584865866982,large_vehicle,4,265
1584101118742,small_vehicle,10,127
1565260057954,large_vehicle,9,95
1586213675656,small_vehicle,3,342
1564908521302,large_vehicle,5,82
1565761394276,large_vehicle,5,23
1583438486722,small_vehicle,2,87
1575621633322,large_vehicle,6,4
1584947519076,large_vehicle,8,343
1581387652389,large_vehicle,6,292
1584768780276,large_vehicle,10,320
1582885475175,large_vehicle,6,185
1566978872298,small_vehicle,3,232
1566464232462,small_vehicle,5,66
1568662799366,small_vehicle,3,187
1573000049455,small_vehicle,1,214
1582462080929,large_vehicle,9,115
1583151555334,small_vehicle,10,249
1585055864381,small_vehicle,1,11
1578555703103,large_vehicle,7,353
1585937303716,large_vehicle,9,116
1577719335502,small_vehicle,0,77
1583880516912,large_vehicle,4,51
1567438946581,large_vehicle,6,61
1573383910022,small_vehicle,3,99
1571407074495,large_vehicle,6,53
1570354793605,large_vehicle,1,93
1575021585269,small_vehicle,5,34
1585169616331,large_vehicle,8,207
1584811688894,small_vehicle,9,341
1574114465216,small_vehicle,8,124
1580675975725,small_vehicle,5,277
1568923126203,small_vehicle,10,75
1584318571639,small_vehicle,3,139
1578601300716,small_vehicle,10,298
1584824775776,small_vehicle,6,86
1584224056230,large_vehicle,1,285
1584510390019,large_vehicle,2,122
1566594139690,small_vehicle,10,105
1581154454185,small_vehicle,9,227
1572229734764,large_vehicle,3,52
1585814096440,small_vehicle,9,293
1574998581105,large_vehicle,6,328
1566334193587,large_vehicle,7,247
1566204230491,small_vehicle,1,100
1581570625600,large_vehicle,8,91
1566508641433,large_vehicle,10,264
1585115951692,large_vehicle,5,172
1569740860659,large_vehicle,1,13
1572555862439,small_vehicle,9,111
1568403767831,small_vehicle,7,149
1572164092413,large_vehicle,9,236
1575990363267,small_vehicle,1,67
1585240352286,large_vehicle,9,275
1568465440161,small_vehicle,4,16
1566170254921,small_vehicle,7,326
1583990769486,large_vehicle,10,154
1569989904530,small_vehicle,2,117
1584919136115,large_vehicle,1,341
1583646591241,small_vehicle,1,230
1565075807418,large_vehicle,10,66
1576606078340,small_vehicle,1,272
1579043911097,small_vehicle,7,1
1565087185534,small_vehicle,0,104
1573130976093,small_vehicle,7,275
1571101452113,large_vehicle,1,252
1580277779759,small_vehicle,8,239
1576507387023,large_vehicle,0,227
1581901925001,small_vehicle,0,337
1577033729860,large_vehicle,3,13
1581469090307,large_vehicle,0,51
1579167417762,large_vehicle,5,143
1573592757262,large_vehicle,7,46
1575582441111,small_vehicle,0,98
1583565723390,small_vehicle,7,54
1572459397280,small_vehicle,8,329
1565843423930,large_vehicle,8,315
1574049087766,large_vehicle,10,136
1573249978386,small_vehicle,2,223
1584819224556,small_vehicle,4,185
1566427588880,large_vehicle,0,216
1577683007822,small_vehicle,4,245
1583976654673,large_vehicle,7,239
1580793401219,large_vehicle,10,109
1570016877303,large_vehicle,7,304
1585354596706,large_vehicle,0,233
1569303093916,large_vehicle,8,33
1585170179998,large_vehicle,10,303
1576176376029,large_vehicle,0,325
1565513215423,small_vehicle,9,205
1573997585831,small_vehicle,6,287
1582163593114,small_vehicle,4,30
1577941141427,large_vehicle,10,1
1577110295251,small_vehicle,8,346
1574538240283,large_vehicle,2,283
1575449677522,small_vehicle,3,49
1576367780219,small_vehicle,0,57
1582050175230,large_vehicle,10,231
1578562924718,small_vehicle,6,156
1585542095307,small_vehicle,7,43
1586709962841,large_vehicle,4,1
1582718882940,large_vehicle,0,306
1570827996856,large_vehicle,3,294
1569301577343,small_vehicle,1,233
1571095184141,large_vehicle,6,180
1565058038977,large_vehicle,7,162
1571392615804,large_vehicle,10,327
1567522087011,small_vehicle,8,318
1568891593468,small_vehicle,3,317
1573796494850,large_vehicle,8,330
1571767357560,large_vehicle,9,17
1566914287226,large_vehicle,0,82
1577877269387,large_vehicle,6,295
1584948977319,large_vehicle,3,296
1572272377600,large_vehicle,6,227
1581366820540,small_vehicle,8,61
1585562176886,small_vehicle,10,25
1567446419833,small_vehicle,7,139
1584504784169,large_vehicle,7,287
1567464979380,large_vehicle,3,92
1579536533628,small_vehicle,5,113
1578448421654,large_vehicle,3,16
1573272280657,large_vehicle,4,299
1567683623971,large_vehicle,6,266
1581089153308,small_vehicle,7,349
1582781921114,large_vehicle,3,244
1573973788317,small_vehicle,5,302
1574645553600,large_vehicle,6,134
1573436862449,small_vehicle,9,8
1572479318984,small_vehicle,4,214
1572108838244,small_vehicle,2,247
1586202653369,small_vehicle,7,52
1585788810770,small_vehicle,4,213
1581374379830,large_vehicle,10,286
1585760013705,large_vehicle,0,153
1580885023439,large_vehicle,0,203
1581132858131,large_vehicle,2,319
1582490614655,large_vehicle,5,224
1565034579249,large_vehicle,0,19
1572242246827,large_vehicle,9,19
1573562586588,small_vehicle,8,102
1567786109729,large_vehicle,6,286
1575168694219,large_vehicle,10,33
1586454622819,large_vehicle,10,57
1578983856864,large_vehicle,0,280
1577336578491,large_vehicle,3,110
1566558632703,large_vehicle,8,188
1571508632783,large_vehicle,9,227
1576414944402,small_vehicle,6,104
1576072940988,large_vehicle,0,30
1584499955183,small_vehicle,0,208
1579919773022,large_vehicle,3,38
1576723959533,large_vehicle,7,64
1570538423062,large_vehicle,8,233
1578962745567,large_vehicle,0,239
1582065927525,small_vehicle,1,202
1574121289981,large_vehicle,9,107
1576545737494,large_vehicle,8,228
1569185903088,small_vehicle,0,79
1585287244888,large_vehicle,7,257
1568502711173,small_vehicle,10,113
1581527287712,large_vehicle,1,123
1586215871341,small_vehicle,0,69
1583883134436,large_vehicle,4,65
1572749656227,small_vehicle,8,357
1565738492657,large_vehicle,8,316
1573184873895,small_vehicle,6,143
1582632598977,large_vehicle,3,97
1569724412169,small_vehicle,9,171
1576829873091,small_vehicle,1,270
1578764338379,large_vehicle,9,176
1565667761626,large_vehicle,10,339
1572656179551,large_vehicle,9,205
1575003300631,large_vehicle,10,242
1572639864217,large_vehicle,9,286
1575868244888,small_vehicle,5,346
1572310264281,large_vehicle,3,307
1581083359934,small_vehicle,0,306
1564647289852,large_vehicle,7,206
1580622846320,small_vehicle,2,192
1577103103454,small_vehicle,1,158
1570318432155,large_vehicle,10,192
1565450815544,small_vehicle,8,101
1580447061419,large_vehicle,6,282
1564678066926,small_vehicle,8,22
1583357199923,large_vehicle,1,242
1581970730453,small_vehicle,9,251
1575772600023,small_vehicle,8,62
1581510392697,small_vehicle,6,228
1569850654829,large_vehicle,6,238
1572875053125,large_vehicle,2,246
1578333061290,large_vehicle,9,104
1585105908898,small_vehicle,6,0
1582288811781,small_vehicle,2,65
1577380045171,small_vehicle,8,30
1582008057364,large_vehicle,1,81
1580154788449,large_vehicle,4,117
1584348934667,large_vehicle,1,337
1574003397835,large_vehicle,0,208
1576920079396,small_vehicle,6,117
1572076484877,small_vehicle,9,20
1584420853551,large_vehicle,0,279
1582510177546,large_vehicle,0,134
1581918999721,small_vehicle,5,50
1574638913005,small_vehicle,9,206
1564647572671,large_vehicle,2,2
1568116727325,large_vehicle,3,184
1581967961414,large_vehicle,9,63
1583328655201,small_vehicle,2,43
1569908758119,small_vehicle,3,176
