1584092709584,small_vehicle,0,355
1583168027647,large_vehicle,3,108
1571824216163,large_vehicle,1,317
1568239675717,small_vehicle,9,293
1575368597650,small_vehicle,7,233
1567623575361,large_vehicle,4,111
1577623223049,small_vehicle,4,290
1585051338201,small_vehicle,0,159
1577191835924,small_vehicle,7,305
1584369880496,small_vehicle,7,68
1571790523779,large_vehicle,8,153
1578096256563,large_vehicle,3,170
1585501184345,small_vehicle,4,28
1568178402087,large_vehicle,6,216
1581139560320,small_vehicle,4,129
1574755202609,small_vehicle,5,146
1568457415777,small_vehicle,5,118
1585191210020,small_vehicle,4,317
1577626318246,large_vehicle,8,325
1575015306962,small_vehicle,6,346
1581810441486,small_vehicle,8,176
1576628662452,large_vehicle,4,241
1581338581458,small_vehicle,0,104
1568968369082,large_vehicle,8,101
1574723514753,large_vehicle,4,204
1565926880874,small_vehicle,0,70
1574276724361,small_vehicle,2,179
1575550589874,large_vehicle,7,135
1574734316818,small_vehicle,10,232
1573437782836,large_vehicle,7,359
1565359477429,large_vehicle,8,189
1573215579134,large_vehicle,0,291
1578887180406,small_vehicle,0,110
1579654055365,large_vehicle,6,30
1586595828286,large_vehicle,2,91
1569388837613,large_vehicle,0,86
1575439986565,small_vehicle,4,60
1572576643152,large_vehicle,4,301
1573746568702,large_vehicle,8,201
1569366155547,large_vehicle,3,195
1586167802697,large_vehicle,4,198
1566610163691,large_vehicle,5,27
1586463687856,small_vehicle,10,157
1582427057659,large_vehicle,5,112
1583355701502,small_vehicle,0,345
1571588667154,small_vehicle,6,77
1579674121197,small_vehicle,4,175
1574361235307,small_vehicle,0,146
1569980859763,large_vehicle,8,112
1569168876623,large_vehicle,4,227
1586328154623,small_vehicle,10,102
1582223386214,large_vehicle,0,289
1569703981964,small_vehicle,1,106
1584375246174,large_vehicle,4,231
1574616710851,large_vehicle,6,164
1583532473323,small_vehicle,0,152
1575699936835,small_vehicle,5,311
1570226217100,small_vehicle,5,172
1586170595837,small_vehicle,3,270
1568151987909,small_vehicle,10,277
1576531048829,small_vehicle,0,243
1579751197136,large_vehicle,2,9
1581069641774,large_vehicle,2,57
1571151033794,small_vehicle,5,318
1570603660160,large_vehicle,2,9
1585924085386,small_vehicle,8,69
1579950671241,small_vehicle,1,228
1584480113097,large_vehicle,3,100
1580422935973,small_vehicle,6,142
1570801110718,large_vehicle,10,189
1581620589855,small_vehicle,5,164
1571939363682,large_vehicle,4,337
1579603072869,small_vehicle,6,136
1584915294591,large_vehicle,1,341
1567852576468,small_vehicle,5,111
1574401045098,large_vehicle,9,60
1567520714917,small_vehicle,6,352
1574556023952,large_vehicle,10,69
1574843676370,small_vehicle,0,14
1582816101363,small_vehicle,5,299
1566937241148,large_vehicle,3,41
1578903054332,small_vehicle,7,260
1574713562432,large_vehicle,0,53
1568262656022,large_vehicle,4,63
1572274029779,small_vehicle,8,331
1567668792712,small_vehicle,4,27
1578282391604,large_vehicle,9,259
1583887732489,small_vehicle,10,123
1570218218532,large_vehicle,10,142
1586110871634,large_vehicle,6,47
1568606427548,small_vehicle,5,354
1571465287408,large_vehicle,9,97
1578582283942,small_vehicle,7,31
1577829820124,large_vehicle,7,170
1574691349218,large_vehicle,1,302
1577072186110,large_vehicle,5,261
1575152226442,small_vehicle,10,344
1579056164609,large_vehicle,8,39
1581489048637,large_vehicle,5,317
1586665784620,large_vehicle,3,44
1583094987686,large_vehicle,6,203
1565585925566,large_vehicle,4,342
1584164023330,large_vehicle,7,19
1581101027221,large_vehicle,2,188
1573347438602,small_vehicle,5,178
1566491142796,large_vehicle,9,350
1585380422704,large_vehicle,9,272
1579241291881,small_vehicle,9,34
1570201206009,small_vehicle,9,234
1582764899750,large_vehicle,2,317
1571191052590,large_vehicle,8,286
1574833356584,small_vehicle,6,335
1566301308303,small_vehicle,0,180
1581202669038,large_vehicle,9,177
1576551947505,large_vehicle,1,304
1566305335651,large_vehicle,6,198
1584596545927,small_vehicle,7,300
1565767083035,large_vehicle,6,134
1580856351693,large_vehicle,1,40
1576619054553,small_vehicle,7,161
1573533054116,small_vehicle,3,236
1574372659892,large_vehicle,2,180
1568600709599,large_vehicle,8,277
1564882932250,large_vehicle,6,287
1569821949198,small_vehicle,3,332
1566295157317,large_vehicle,0,176
1580483956533,large_vehicle,9,343
1579217286921,small_vehicle,7,225
1573774505198,small_vehicle,10,203
1567996405219,large_vehicle,1,298
1584689325561,small_vehicle,0,252
1580679018204,large_vehicle,5,18
1574028257632,large_vehicle,5,318
1576798448391,small_vehicle,6,97
1568678316924,large_vehicle,3,193
1576491076736,large_vehicle,6,212
1584056538077,small_vehicle,2,270
1572981843473,small_vehicle,8,266
1579751488479,small_vehicle,8,126
1583228420452,small_vehicle,1,16
1572293781313,large_vehicle,10,8
1574726725790,large_vehicle,4,181
1567432158327,small_vehicle,0,342
1577144458143,small_vehicle,5,319
1564996547416,large_vehicle,3,335
1580862087356,large_vehicle,5,282
1583812758913,small_vehicle,10,135
1578684484127,small_vehicle,5,66
1569670488188,large_vehicle,0,111
1579350163520,large_vehicle,2,346
1577262898490,large_vehicle,3,163
1583582619787,large_vehicle,2,284
1566784436643,small_vehicle,5,200
1578134267519,large_vehicle,10,6
1572779262722,large_vehicle,5,215
1565263910918,large_vehicle,9,138
1575614092675,small_vehicle,9,302
1579570648401,large_vehicle,1,282
1569945922667,small_vehicle,10,87
1566594976418,large_vehicle,8,258
1569099087468,large_vehicle,7,113
1568300107635,small_vehicle,10,116
1569823916814,small_vehicle,2,203
1569914471329,large_vehicle,2,240
1566160270328,small_vehicle,6,209
1585981344312,large_vehicle,6,159
1565674738742,large_vehicle,3,244
1571646258112,large_vehicle,0,138
1567520132265,small_vehicle,2,90
1582079911711,small_vehicle,8,34
1576384277378,small_vehicle,7,333
1573655574308,large_vehicle,3,80
1573394703679,large_vehicle,1,214
1566858027699,large_vehicle,5,18
1581009115509,large_vehicle,8,26
1581009419796,small_vehicle,7,269
1565881293543,large_vehicle,6,161
1575953055955,large_vehicle,1,0
1575671615043,small_vehicle,9,305
1580919030159,large_vehicle,9,115
1586317117782,large_vehicle,5,336
1578489593464,large_vehicle,10,349
1575628551364,small_vehicle,9,173
1565265881911,small_vehicle,10,141
1582508975350,small_vehicle,8,302
1581401901341,large_vehicle,9,324
1568208108439,large_vehicle,9,353
1577034808653,large_vehicle,4,133
1572167166208,small_vehicle,2,297
1578447897653,large_vehicle,6,83
1573699345962,large_vehicle,1,46
1569546874518,large_vehicle,6,166
1580746245514,small_vehicle,0,223
1581738449261,small_vehicle,8,165
1577481417015,small_vehicle,1,282
1580992973723,small_vehicle,10,224
1570207743357,large_vehicle,3,4
1576587430223,large_vehicle,9,161
1583046852483,large_vehicle,6,346
1571944722817,small_vehicle,6,83
1574885820412,large_vehicle,5,252
1575129254991,large_vehicle,0,122
1572574700091,small_vehicle,7,40
1580994114844,small_vehicle,8,13
1565189094602,large_vehicle,4,184
1575260737922,small_vehicle,0,291
1571342293695,small_vehicle,10,70
1578701252261,large_vehicle,8,103
1586504621857,large_vehicle,2,40
1572221608765,small_vehicle,10,67
1567300730729,large_vehicle,0,76
1575883925611,large_vehicle,7,8
1565186264196,small_vehicle,10,105
1569838152548,small_vehicle,10,76
1585795412802,small_vehicle,5,157
1571265106258,small_vehicle,0,337
1583430254654,large_vehicle,9,110
1570858645190,large_vehicle,8,133
1577570068567,large_vehicle,0,253
1582782387915,small_vehicle,3,349
1578701872447,small_vehicle,10,237
1582307666182,large_vehicle,7,241
1572360842007,large_vehicle,2,210
1584443578203,large_vehicle,7,327
1567279319530,small_vehicle,3,213
1568587311878,small_vehicle,8,334
1584333924749,large_vehicle,0,199
1579556494231,small_vehicle,4,124
1572087169362,large_vehicle,8,50
1580914935267,large_vehicle,2,262
1583998790640,large_vehicle,8,28
1579050813649,large_vehicle,8,8
1567310807574,large_vehicle,3,25
1567654180931,large_vehicle,9,150
1570104750053,large_vehicle,8,330
1585241177580,small_vehicle,8,210
1571041222441,small_vehicle,1,70
1571184444524,small_vehicle,9,124
1584611032682,large_vehicle,8,230
1586603085610,large_vehicle,8,359
1586604467476,large_vehicle,0,15
1581098226013,large_vehicle,3,204
1572440231383,large_vehicle,10,226
1579252992661,small_vehicle,5,339
1578413436014,small_vehicle,6,271
1578464452109,small_vehicle,5,157
1584753749242,small_vehicle,5,144
1575010413741,small_vehicle,7,10
1572724103480,small_vehicle,9,69
1571275781240,large_vehicle,5,354
1578617143300,large_vehicle,9,213
1577662119155,small_vehicle,7,59
1566325254641,small_vehicle,4,80
1586014380463,small_vehicle,9,355
1579519493463,large_vehicle,8,95
1569334930687,small_vehicle,1,261
1581431121861,small_vehicle,4,314
1581376394795,small_vehicle,4,123
1572342461404,large_vehicle,5,200
1578436609403,large_vehicle,8,233
1574304143373,large_vehicle,9,193
1580423922545,small_vehicle,7,248
1583278308909,small_vehicle,1,290
1568622812551,small_vehicle,5,96
1582354522276,large_vehicle,7,268
1571356029807,large_vehicle,10,12
1570397277061,small_vehicle,2,225
1579650664351,small_vehicle,1,119
1565400862576,large_vehicle,7,71
1572187101741,small_vehicle,0,238
1578825608882,large_vehicle,4,116
1573456337306,small_vehicle,2,209
1583536149934,large_vehicle,9,339
1576801812779,small_vehicle,2,163
1575314481103,large_vehicle,8,208
1572673910995,large_vehicle,10,32
1585699884094,small_vehicle,1,248
1577505592696,small_vehicle,3,235
1570808508975,large_vehicle,9,195
1566108176813,large_vehicle,4,254
1573581875532,small_vehicle,2,106
1576431817193,small_vehicle,6,147
1575373942904,large_vehicle,7,103
1578629797572,large_vehicle,9,13
1567834882593,small_vehicle,7,67
1571673238401,large_vehicle,10,7
1579501175327,large_vehicle,5,259
1580053648564,small_vehicle,0,301
1568619176996,small_vehicle,3,187
1582996453737,large_vehicle,10,284
1576572752438,small_vehicle,2,107
1571314693293,large_vehicle,2,246
1574382506400,large_vehicle,8,249
1568686989862,small_vehicle,7,53
1576032523379,small_vehicle,1,187
1578828159823,small_vehicle,3,9
1573189881587,small_vehicle,8,358
1569296409271,large_vehicle,3,55
1577079414116,small_vehicle,6,332
1582271497104,large_vehicle,1,102
1584035994826,large_vehicle,9,106
1572509091550,small_vehicle,1,151
1577152979729,small_vehicle,2,248
1569447913312,small_vehicle,3,7
1577968155478,small_vehicle,10,72
1581971885023,small_vehicle,8,315
1577024133011,large_vehicle,3,111
1572405346916,large_vehicle,1,154
1574522764670,large_vehicle,0,178
1575617782759,large_vehicle,1,72
1583307468745,large_vehicle,8,151
1581064430187,small_vehicle,5,215
1575679794060,large_vehicle,5,207
1564861653904,small_vehicle,5,92
1580978612463,small_vehicle,1,184
1574534906707,large_vehicle,9,58
1583991533573,small_vehicle,2,354
1569904186350,large_vehicle,7,115
1567804611414,small_vehicle,1,99
1584648395304,small_vehicle,8,52
1569486421579,small_vehicle,6,242
1569325374416,small_vehicle,4,318
1575156684240,large_vehicle,0,187
1582675385971,small_vehicle,2,249
1577427814795,small_vehicle,0,315
1566988884115,large_vehicle,3,242
1570609447119,small_vehicle,4,214
1574863885954,small_vehicle,7,348
1565669266688,small_vehicle,3,116
1584911126646,large_vehicle,6,298
1576319259207,small_vehicle,1,8
1580305523727,large_vehicle,6,186
1570662025446,large_vehicle,0,182
1573158257841,small_vehicle,10,244
1585208666723,large_vehicle,8,180
1567187973220,large_vehicle,4,68
1571006560442,small_vehicle,5,150
1580636086498,large_vehicle,1,82
1584715725472,small_vehicle,9,253
1578459290691,large_vehicle,2,109
1577421366929,small_vehicle,1,157
1567819829614,large_vehicle,4,221
1582742730127,large_vehicle,6,53
1574478959630,large_vehicle,6,120
1580318791162,small_vehicle,1,28
1575626308473,large_vehicle,3,218
1580809204834,small_vehicle,10,218
1571912924391,large_vehicle,6,203
1574467076709,large_vehicle,3,265
1581185684555,small_vehicle,0,4
1574853796096,small_vehicle,4,11
1568513299000,large_vehicle,1,6
1585458601511,large_vehicle,8,38
1577654836164,large_vehicle,10,102
1581609707655,small_vehicle,6,347
1569191670000,large_vehicle,1,328
1569423850131,large_vehicle,1,226
1572315168955,large_vehicle,4,145
1582204894512,small_vehicle,1,178
1582630326123,small_vehicle,2,251
1585251086710,large_vehicle,5,212
1570463545731,large_vehicle,10,169
1586151565313,small_vehicle,5,342
1584272900889,small_vehicle,7,122
1575076759849,small_vehicle,4,264
1571201257436,small_vehicle,1,256
1584297740914,large_vehicle,0,10
1570825089763,large_vehicle,8,58
1569469739511,large_vehicle,8,245
1567516600675,large_vehicle,5,118
1571849576864,large_vehicle,8,314
1573585401773,large_vehicle,4,170
1576674676755,large_vehicle,1,277
1583397311258,small_vehicle,9,205
1568598471245,large_vehicle,1,150
1580424781266,large_vehicle,2,118
1574858168604,small_vehicle,8,1
1574713959805,small_vehicle,3,184
1584785055530,small_vehicle,0,189
1574730867066,large_vehicle,6,281
1580353616266,large_vehicle,10,203
1585078902027,small_vehicle,7,276
1585976168353,small_vehicle,1,291
1584128463112,small_vehicle,2,16
1582672295419,large_vehicle,9,51
1580363712799,small_vehicle,3,198
1584531299907,large_vehicle,4,318
1575840392117,small_vehicle,1,312
1584785882300,large_vehicle,8,89
1567924334178,large_vehicle,3,219
1580632897239,large_vehicle,6,259
1564675958198,small_vehicle,1,195
1582462695226,large_vehicle,7,332
1564915813030,small_vehicle,8,251
1569563206830,small_vehicle,10,37
1586647588311,large_vehicle,5,122
1577073570875,small_vehicle,4,80
1572766772422,small_vehicle,8,225
1571086864086,small_vehicle,6,79
1579474971150,small_vehicle,3,13
1577825248611,small_vehicle,10,331
1579750368561,small_vehicle,1,33
1569286761812,large_vehicle,8,199
1567335440844,small_vehicle,8,40
1571828243594,large_vehicle,10,182
1577976818967,large_vehicle,2,82
1581968612028,large_vehicle,2,99
1575096332513,large_vehicle,1,190
1567863782824,large_vehicle,0,100
1580915201530,small_vehicle,3,230
1566628223783,small_vehicle,0,107
1582976571411,large_vehicle,10,82
1575750918762,large_vehicle,5,317
1577048572336,large_vehicle,10,179
1566464441884,large_vehicle,2,208
1571396595507,large_vehicle,4,254
1568742451751,small_vehicle,9,263
1569668682678,large_vehicle,3,234
1575565472398,small_vehicle,10,105
1575982154026,small_vehicle,0,115
1566009016439,large_vehicle,10,254
1579700478938,small_vehicle,3,67
1583116938834,small_vehicle,0,329
1565135544030,large_vehicle,5,227
1568430409095,small_vehicle,9,318
1568867098290,small_vehicle,6,219
1567980984603,large_vehicle,9,264
1565185104305,small_vehicle,7,284
1574465379037,large_vehicle,3,112
1579066534004,small_vehicle,8,118
1586200483534,large_vehicle,9,32
1581755087326,small_vehicle,6,32
1584514691030,small_vehicle,8,262
1574118904743,small_vehicle,3,186
1569174086934,large_vehicle,10,71
1569623334033,large_vehicle,1,252
1574803990674,large_vehicle,7,284
1579802305039,large_vehicle,7,175
1582378690736,small_vehicle,3,75
1569081640051,small_vehicle,8,351
1571900775290,large_vehicle,3,334
1570224278864,large_vehicle,8,37
1583621332441,small_vehicle,7,243
1569012851723,small_vehicle,5,258
1576613318140,large_vehicle,5,291
1567815402023,small_vehicle,0,128
1573481665664,large_vehicle,0,241
1580106833273,large_vehicle,0,338
1579276066289,large_vehicle,7,358
1576301484665,large_vehicle,4,320
1564729967658,large_vehicle,5,87
1565591923335,small_vehicle,6,307
1565199217172,small_vehicle,8,222
1584309001626,small_vehicle,0,204
1571044487909,small_vehicle,8,1
1581366635841,small_vehicle,10,65
1580207668913,large_vehicle,0,279
1582406564686,small_vehicle,4,18
1579557583005,large_vehicle,5,88
1577294896083,large_vehicle,0,160
1567231875572,large_vehicle,7,152
1576450186355,large_vehicle,4,228
1573584684889,large_vehicle,4,40
1566597939666,small_vehicle,0,36
1566072942287,small_vehicle,2,65
1572209863090,small_vehicle,10,303
1572819672955,large_vehicle,8,358
1580149904648,large_vehicle,3,234
1580713528770,small_vehicle,1,43
1580062529664,small_vehicle,1,217
1567306617019,large_vehicle,0,213
1583468978657,small_vehicle,0,125
1577889237272,small_vehicle,4,253
1567186568940,small_vehicle,1,303
1585105865446,large_vehicle,7,135
1575614530784,large_vehicle,9,9
1580427965747,small_vehicle,2,75
1579592845579,small_vehicle,1,220
1568566697794,small_vehicle,7,241
1572642115632,large_vehicle,1,213
1566809832995,large_vehicle,8,145
1571054603125,small_vehicle,8,92
1568940446044,large_vehicle,1,178
1567949181000,small_vehicle,2,320
1586460654176,large_vehicle,8,332
1581180069934,large_vehicle,4,161
1578096302987,small_vehicle,8,73
1576371248270,large_vehicle,8,41
1576622005034,large_vehicle,0,35
1582597429937,large_vehicle,0,337
1583075566890,small_vehicle,2,7
1583221322081,small_vehicle,7,219
1571592616284,small_vehicle,6,177
1584043128752,small_vehicle,10,268
1575164486320,large_vehicle,3,78
1566293791147,large_vehicle,6,220
1584633605959,large_vehicle,6,178
1573343095549,large_vehicle,4,339
1578120249430,large_vehicle,0,72
1585056408120,small_vehicle,6,22
1572637493087,large_vehicle,9,299
1565173249679,large_vehicle,6,211
1571361258530,large_vehicle,1,263
1576447437480,large_vehicle,2,242
1579450376970,large_vehicle,10,229
1580797473753,large_vehicle,1,206
1566658666403,large_vehicle,4,40
1564988032854,small_vehicle,6,87
1568457735182,large_vehicle,1,215
1576739145556,large_vehicle,7,166
1582393052864,small_vehicle,4,116
1579253941004,large_vehicle,8,328
1565974993559,small_vehicle,9,56
1573813057541,large_vehicle,2,303
1566328573524,small_vehicle,0,327
1578387436904,small_vehicle,2,82
1578084986773,small_vehicle,2,113
1576983427151,small_vehicle,2,138
1586601912589,small_vehicle,0,146
1576656712157,small_vehicle,10,350
1568776712562,small_vehicle,2,334
1585588378160,small_vehicle,10,80
1582145870650,large_vehicle,1,125
1586280560301,small_vehicle,9,110
1581866983276,large_vehicle,5,211
1570290445429,small_vehicle,0,108
1583965363817,small_vehicle,0,285
1570767586865,large_vehicle,7,152
1572522765500,large_vehicle,7,287
1570258585703,small_vehicle,9,321
1573015526533,large_vehicle,7,196
1578126596986,small_vehicle,5,301
1583770256722,small_vehicle,3,286
1565406363131,small_vehicle,10,316
1576963178388,large_vehicle,10,208
1581402855811,small_vehicle,10,90
1574598635341,small_vehicle,5,98
1569143078201,large_vehicle,5,304
1580798572447,small_vehicle,3,11
1576898756880,large_vehicle,4,152
1585177996739,small_vehicle,1,249
1584847439193,large_vehicle,10,267
1585367478597,small_vehicle,1,213
1585796972557,large_vehicle,2,60
1572465378628,large_vehicle,1,218
1565029436369,large_vehicle,3,20
1582755770376,large_vehicle,7,265
1580422594114,large_vehicle,7,261
1579613345639,small_vehicle,9,308
1566761986914,small_vehicle,6,205
1570021408217,small_vehicle,8,278
1576686585559,small_vehicle,5,93
1577118530384,small_vehicle,1,2
1564733739406,large_vehicle,7,40
1585285622391,large_vehicle,3,68
1576325566324,large_vehicle,3,106
1567846139610,large_vehicle,6,5
1570675290623,small_vehicle,1,34
1578072443453,small_vehicle,10,18
1577839798498,large_vehicle,5,64
1579946240982,large_vehicle,1,245
1582397778429,large_vehicle,6,73
1573251519231,large_vehicle,7,195
1570800714761,small_vehicle,10,289
1585549814706,large_vehicle,6,347
1580356548349,small_vehicle,1,159
1567586335081,small_vehicle,1,256
1586691882225,large_vehicle,4,267
1585373218093,large_vehicle,2,17
1565449107247,small_vehicle,3,173
1568176710475,large_vehicle,10,36
1574144001364,small_vehicle,4,283
1585165272397,small_vehicle,5,222
1586515411254,large_vehicle,8,166
1578970421714,small_vehicle,6,318
1571153482292,large_vehicle,6,10
1584220722606,large_vehicle,10,218
1575802220112,large_vehicle,2,45
1572618708408,small_vehicle,1,101
1578919799678,large_vehicle,6,345
1576328900544,small_vehicle,5,200
1570574476544,small_vehicle,2,94
1578982781374,small_vehicle,8,164
1584636921479,large_vehicle,5,334
1577685056351,small_vehicle,4,202
1580248018649,large_vehicle,1,100
1580154412162,small_vehicle,8,175
1573942280044,small_vehicle,6,235
1582469522886,small_vehicle,8,60
1573092389550,large_vehicle,3,301
1564680063964,large_vehicle,1,69
1576953296692,small_vehicle,0,94
1571365027568,small_vehicle,3,306
1582750144253,small_vehicle,4,357
1574592638058,large_vehicle,2,280
1579253872214,large_vehicle,3,355
1585210169224,large_vehicle,6,160
1584273958412,large_vehicle,7,108
1568673343763,small_vehicle,9,190
1577134371093,large_vehicle,8,249
1580294182256,large_vehicle,10,243
1580205935282,small_vehicle,0,333
1568971657144,small_vehicle,9,335
1584283332006,small_vehicle,0,235
1579992772943,large_vehicle,10,283
1577393378104,small_vehicle,1,100
1586233194215,small_vehicle,6,221
1565836042428,large_vehicle,2,144
1582630915242,large_vehicle,9,160
1567869125950,large_vehicle,2,175
1565892215257,small_vehicle,3,164
1565542254414,small_vehicle,3,96
1585484928281,large_vehicle,6,120
1580277143373,small_vehicle,4,53
1574380032041,small_vehicle,2,60
1569422134072,small_vehicle,0,72
1572931777041,large_vehicle,5,145
1577163475860,large_vehicle,9,274
1586122791548,large_vehicle,3,8
1576663682308,large_vehicle,10,138
1585392681066,small_vehicle,4,149
1568811064835,small_vehicle,10,268
1584539439151,small_vehicle,4,165
1570622652083,small_vehicle,2,150
1576596623063,large_vehicle,3,202
1567422309677,small_vehicle,4,128
1566963072577,small_vehicle,4,189
1571929264031,small_vehicle,4,225
1580144470499,large_vehicle,8,157
1569599222250,small_vehicle,7,40
1568038457712,large_vehicle,3,206
1566389775729,small_vehicle,0,220
1569458139859,large_vehicle,0,278
1567849628827,small_vehicle,0,104
1570321181143,large_vehicle,1,27
1581489399439,small_vehicle,10,347
1576680646388,small_vehicle,6,355
1565542252469,large_vehicle,0,163
1565471044332,large_vehicle,5,286
1569772543095,small_vehicle,4,238
1568922410267,large_vehicle,1,137
1577516081119,small_vehicle,8,62
1567905122677,small_vehicle,9,269
1568677267433,small_vehicle,7,47
1566323742514,small_vehicle,6,125
1568260891821,small_vehicle,5,72
1568290392399,small_vehicle,1,10
1579882743264,large_vehicle,0,39
1569073419816,large_vehicle,4,148
1584755561398,large_vehicle,5,349
1584489024225,small_vehicle,6,259
1576386079937,small_vehicle,0,186
1567777817349,large_vehicle,6,223
1566924981624,small_vehicle,7,36
1567721127623,small_vehicle,5,202
1579545832141,small_vehicle,4,312
1580194764502,large_vehicle,8,125
1580684789803,small_vehicle,6,199
1569848211199,large_vehicle,2,54
1585970428570,large_vehicle,2,264
1576062486920,small_vehicle,7,97
1574916214457,large_vehicle,1,351
1577974545821,small_vehicle,0,186
1577590499040,large_vehicle,1,308
1574519231906,large_vehicle,2,218
1577068679074,large_vehicle,1,234
1569023960888,large_vehicle,8,199
1584674028576,small_vehicle,5,316
1574817252486,small_vehicle,6,139
1572260198730,small_vehicle,0,80
1584184220265,small_vehicle,1,158
1581633595805,large_vehicle,10,222
1584743105328,small_vehicle,4,237
1575724666438,small_vehicle,3,7
1578359700675,small_vehicle,3,275
1576061519576,large_vehicle,7,60
1576779679552,large_vehicle,8,91
1578649495675,large_vehicle,8,141
1569390608425,small_vehicle,7,28
1581552376338,large_vehicle,8,143
1567776833055,small_vehicle,7,316
1569433951192,small_vehicle,3,105
1573542997239,small_vehicle,6,43
1571628778506,large_vehicle,10,4
1582970454252,large_vehicle,9,235
1566966103516,small_vehicle,1,110
1584565691578,large_vehicle,0,262
1571086517622,small_vehicle,2,37
1573830063965,small_vehicle,2,264
1576038200175,small_vehicle,10,139
1574490345624,small_vehicle,2,173
1576569675778,small_vehicle,7,287
1583350135720,small_vehicle,6,98
1573916974301,small_vehicle,3,255
1584514420895,small_vehicle,1,238
1570084852892,large_vehicle,5,95
1567533449020,small_vehicle,9,55
1571401938757,large_vehicle,3,266
1578098997246,large_vehicle,4,62
1577221889632,small_vehicle,7,360
1573640521973,large_vehicle,2,17
1578431203703,small_vehicle,3,106
1575825407649,small_vehicle,3,332
1578910710360,small_vehicle,0,53
1568159275769,large_vehicle,2,17
1578403506918,large_vehicle,10,6
1572147186126,large_vehicle,1,97
1569034497219,small_vehicle,3,129
1580450135080,large_vehicle,3,54
1570843319011,large_vehicle,2,211
1579227791101,small_vehicle,7,235
1569085808332,large_vehicle,1,67
1569066322768,large_vehicle,7,75
1576891278639,small_vehicle,7,100
1582448933471,large_vehicle,10,241
1586047368343,large_vehicle,2,311
1565061750155,large_vehicle,10,199
1583208429831,small_vehicle,10,219
1584152286746,large_vehicle,6,202
1574147528967,small_vehicle,9,148
1569053304082,small_vehicle,5,203
1579126670090,small_vehicle,1,311
1567942189576,large_vehicle,8,337
1573312982646,large_vehicle,0,278
1585599584416,large_vehicle,10,349
1574582539660,large_vehicle,0,134
1567100795069,large_vehicle,8,20
1585651258833,small_vehicle,9,198
1566261324151,small_vehicle,10,225
1577137543428,large_vehicle,9,227
1565311944138,small_vehicle,8,321
1582273871844,small_vehicle,4,236
1584718489050,small_vehicle,2,316
1586159347102,large_vehicle,9,270
1571989894613,large_vehicle,4,270
1571356936863,large_vehicle,3,332
1586294871051,small_vehicle,8,352
1585865013447,large_vehicle,0,316
1568446253643,large_vehicle,6,113
1580832882160,small_vehicle,5,104
1566401047830,small_vehicle,1,20
1567349685768,small_vehicle,10,148
1572685849915,large_vehicle,7,159
1579066700933,small_vehicle,6,260
1573984240138,large_vehicle,7,112
1565875277491,large_vehicle,8,24
1567782697346,small_vehicle,8,270
1577829868426,large_vehicle,8,16
1578554551552,large_vehicle,3,51
1581894310745,large_vehicle,4,52
1571931142327,small_vehicle,7,213
1567198273041,large_vehicle,10,152
1566728403382,small_vehicle,0,352
1566708763181,small_vehicle,5,297
1579120238706,small_vehicle,2,325
1580253997399,large_vehicle,2,281
1578608382413,small_vehicle,10,293
1572518126894,small_vehicle,10,51
1564812926013,small_vehicle,7,176
1573435795489,large_vehicle,9,45
1579043501037,small_vehicle,7,13
1576407630977,large_vehicle,10,78
1570251432242,large_vehicle,5,87
1571198053838,large_vehicle,5,29
1583898950168,large_vehicle,5,44
1580012465708,small_vehicle,10,267
1578794034036,large_vehicle,7,258
1578559089173,small_vehicle,2,157
1572145959058,small_vehicle,3,114
1580575686834,large_vehicle,9,107
1572621991085,large_vehicle,4,145
1572368515444,large_vehicle,4,217
1583299920953,large_vehicle,1,336
1579072264941,small_vehicle,10,86
1574701513627,small_vehicle,1,94
1579135465552,small_vehicle,6,154
1577949589487,large_vehicle,8,20
1572022446858,large_vehicle,9,355
1578816774251,small_vehicle,0,9
1577622780384,small_vehicle,1,101
1578260739868,small_vehicle,8,119
1565516183156,large_vehicle,0,178
1585679503299,small_vehicle,3,247
1579017095487,large_vehicle,8,262
1568782107806,large_vehicle,0,237
1580851626330,large_vehicle,10,326
1570734166363,large_vehicle,9,146
1570945472138,small_vehicle,0,212
1576832122920,large_vehicle,10,165
1571814491733,large_vehicle,3,317
1565799060693,large_vehicle,8,275
1567958231500,small_vehicle,0,283
1581982636422,large_vehicle,2,163
1576689759896,small_vehicle,7,260
1570001832462,small_vehicle,4,281
1573375422786,large_vehicle,8,139
1575019203143,large_vehicle,4,331
1584780586257,large_vehicle,9,73
1583020161290,large_vehicle,5,279
1586070848790,small_vehicle,7,137
1578639204607,large_vehicle,3,174
1567393248275,small_vehicle,7,304
1585604782794,small_vehicle,8,232
1574266498715,small_vehicle,10,271
1567126123865,large_vehicle,8,200
1577188292715,small_vehicle,7,229
1566891620451,large_vehicle,4,329
1566468729102,small_vehicle,7,16
1565502338435,large_vehicle,6,326
1585235993806,large_vehicle,1,286
1569532208315,large_vehicle,2,267
1585608027293,small_vehicle,3,201
1573112854250,large_vehicle,10,44
1575073771459,large_vehicle,3,58
1575711325428,small_vehicle,2,221
1582169634604,large_vehicle,10,209
1565278579336,small_vehicle,8,134
1580818331494,small_vehicle,3,288
1579749396951,small_vehicle,8,213
1582558507227,large_vehicle,6,226
1576941155311,small_vehicle,2,242
1573790266915,large_vehicle,4,147
1564829493516,small_vehicle,8,197
1579528772612,large_vehicle,10,87
1581838704480,large_vehicle,10,292
1576418950156,small_vehicle,7,163
1586608673562,large_vehicle,8,314
1579207453456,small_vehicle,8,87
1564998326273,small_vehicle,4,342
1566783190445,large_vehicle,9,43
1568807928358,small_vehicle,6,160
1580647532017,small_vehicle,7,343
1565243116859,small_vehicle,0,289
1568428732595,small_vehicle,1,310
1575729052725,large_vehicle,5,273
1581663970797,small_vehicle,0,86
1580300887648,small_vehicle,9,328
1572381868830,large_vehicle,6,237
1583110103928,large_vehicle,9,67
1567371195558,small_vehicle,6,40
1572700556928,small_vehicle,6,303
1565876220258,small_vehicle,7,275
1573382955631,large_vehicle,6,157
1585193585160,large_vehicle,4,232
1586617035579,large_vehicle,2,238
1585495566705,small_vehicle,6,187
1579792643790,small_vehicle,8,303
1574887353024,small_vehicle,3,125
1580787889996,large_vehicle,2,119
1584684614788,small_vehicle,7,155
1578134221050,large_vehicle,0,192
1572630616582,large_vehicle,10,329
1564954932467,small_vehicle,3,6
1578661060260,small_vehicle,7,145
1572249132411,large_vehicle,9,223
1567626729484,small_vehicle,8,268
1577758105703,small_vehicle,8,211
1571036861293,small_vehicle,1,45
1569212155210,small_vehicle,6,128
1577293261887,small_vehicle,8,343
1571308096558,large_vehicle,10,266
1582619672142,large_vehicle,2,214
1572675328631,large_vehicle,3,193
1581546573007,small_vehicle,0,190
1569762869512,large_vehicle,6,124
1568357826972,small_vehicle,10,325
1579598958962,large_vehicle,10,31
1583850360180,small_vehicle,6,308
1566045877699,large_vehicle,4,333
1565096910277,small_vehicle,9,168
1577501491115,small_vehicle,5,153
1564658156497,small_vehicle,1,149
1580830310533,small_vehicle,6,127
1579419555134,small_vehicle,2,89
1570086908619,large_vehicle,7,29
1583978018739,large_vehicle,6,315
1582085008541,small_vehicle,4,174
1568623642688,large_vehicle,2,213
1586584771970,small_vehicle,3,164
1569867457293,large_vehicle,6,187
1571845604975,small_vehicle,4,155
1570928568369,large_vehicle,5,243
1567608919225,large_vehicle,6,259
1571301376394,large_vehicle,2,249
1581233061620,large_vehicle,6,253
1570801205948,large_vehicle,4,329
1576198722660,small_vehicle,6,180
1565997967006,large_vehicle,2,247
1575255072550,small_vehicle,9,207
1567411099184,small_vehicle,7,10
1581660384170,large_vehicle,6,118
1582444981383,small_vehicle,8,294
1579453017719,large_vehicle,0,151
1585101468312,small_vehicle,10,346
1572922674047,small_vehicle,3,109
1578399093813,large_vehicle,2,344
1565764283709,small_vehicle,8,90
1566700865924,small_vehicle,10,14
1566832149441,large_vehicle,10,80
1573166570457,small_vehicle,0,300
1572036076021,large_vehicle,8,298
1570555933768,large_vehicle,3,263
1575207801633,large_vehicle,8,329
1566280774369,large_vehicle,7,180
1586264155360,small_vehicle,10,285
1572349507814,small_vehicle,3,39
1577972339963,small_vehicle,9,323
1578376090095,large_vehicle,6,283
1571061317662,large_vehicle,0,88
1569245489864,small_vehicle,6,89
1574859342357,large_vehicle,7,181
1573018819437,large_vehicle,4,104
1577317195347,large_vehicle,5,34
1579633060335,large_vehicle,7,188
1584363032080,large_vehicle,2,103
1583275221653,small_vehicle,9,300
1582564449767,small_vehicle,5,14
1575123161770,large_vehicle,9,334
1572162940650,small_vehicle,3,109
1580865029643,small_vehicle,4,123
1584639505190,small_vehicle,8,44
1578589578823,large_vehicle,5,206
1566233517709,large_vehicle,0,147
1568586575230,large_vehicle,0,352
1572693069886,large_vehicle,9,303
1584295687590,large_vehicle,6,29
1581161884476,large_vehicle,3,252
1585790248006,small_vehicle,1,117
1575555665910,large_vehicle,3,166
1583596321552,small_vehicle,6,28
1566771251623,large_vehicle,9,346
1580428627386,large_vehicle,9,121
1565353541799,large_vehicle,6,360
1575863046044,large_vehicle,8,220
1567321571432,large_vehicle,1,15
1584469367820,small_vehicle,6,6
1569733749438,small_vehicle,10,128
1573121808173,large_vehicle,8,339
1568387156376,large_vehicle,4,318
1567983385102,small_vehicle,4,34
1568128500288,large_vehicle,1,187
1575010049038,small_vehicle,6,19
1567156270496,large_vehicle,4,38
1570622974425,small_vehicle,8,323
1567883073006,large_vehicle,10,296
1572547022708,large_vehicle,3,36
1586310284813,small_vehicle,1,20
1584964265109,small_vehicle,1,190
1567784879186,small_vehicle,2,12
1568143040398,small_vehicle,7,342
1568410298546,large_vehicle,5,86
1574014330275,large_vehicle,7,21
1573307832589,large_vehicle,9,14
1572504382825,small_vehicle,10,349
1566077803348,large_vehicle,6,88
1586541379886,large_vehicle,2,231
1585316453740,large_vehicle,8,357
1579105061230,small_vehicle,8,21
1585078499788,large_vehicle,4,296
1571287225162,large_vehicle,0,279
1572261930299,large_vehicle,6,53
1572389276630,large_vehicle,10,253
1579640120857,large_vehicle,9,194
1568265316105,small_vehicle,0,170
1584606322782,small_vehicle,1,184
1570750815713,small_vehicle,8,153
1572522606932,large_vehicle,0,193
1577221261263,small_vehicle,5,212
1583679331900,large_vehicle,4,144
1570675131162,large_vehicle,8,15
1581952191232,large_vehicle,7,94
1575728772875,small_vehicle,9,56
1569718742083,large_vehicle,1,215
1581753600444,small_vehicle,1,68
1582016756876,small_vehicle,0,267
1574033350933,large_vehicle,9,78
1585527347830,large_vehicle,8,243
1566335565629,small_vehicle,0,313
1580523310532,small_vehicle,5,136
1565651187774,large_vehicle,4,350
1580813700634,small_vehicle,10,158
1574369700237,small_vehicle,1,250
1575113529573,large_vehicle,6,54
1583913491942,large_vehicle,0,58
1578304899983,large_vehicle,7,251
1566029580965,large_vehicle,9,36
1573021300892,small_vehicle,0,311
1582994644408,large_vehicle,0,25
1581786744052,large_vehicle,6,99
1582527157526,large_vehicle,6,322
1567186434891,large_vehicle,8,166
1576997592363,large_vehicle,2,163
1580449439219,large_vehicle,3,359
1567718519545,small_vehicle,8,54
1573405063906,large_vehicle,6,285
1570368267908,small_vehicle,10,108
1566551752461,large_vehicle,7,275
1586587371206,small_vehicle,1,295
1571615221395,large_vehicle,10,149
1582301771001,small_vehicle,7,237
