1573887106276,small_vehicle,9,266
1574918414396,large_vehicle,3,197
1578079150431,large_vehicle,3,19
1572466904385,small_vehicle,10,85
1578161465423,large_vehicle,6,246
1581153968840,small_vehicle,8,152
1574218934500,large_vehicle,1,194
1572457313889,large_vehicle,2,176
1586095031545,small_vehicle,0,185
1565483347906,small_vehicle,0,295
1578536562740,large_vehicle,0,96
1582814814043,large_vehicle,9,337
1586306812282,large_vehicle,3,157
1584365439501,small_vehicle,3,285
1580699780288,small_vehicle,5,100
1579074430686,large_vehicle,6,356
1585145522768,small_vehicle,5,162
1584548581149,large_vehicle,6,110
1565126145693,small_vehicle,10,202
1584538305939,small_vehicle,0,51
1580619139023,large_vehicle,1,117
1584964245369,large_vehicle,2,133
1579781504301,large_vehicle,10,209
1568722080415,large_vehicle,0,260
1564778025495,small_vehicle,7,66
1564809416129,small_vehicle,3,139
1577041476881,small_vehicle,6,179
1584477526014,large_vehicle,6,282
1579539813486,small_vehicle,9,134
1580982915789,large_vehicle,3,146
1584549586665,large_vehicle,5,95
1575008664507,small_vehicle,4,78
1569148242118,large_vehicle,6,57
1570576553724,large_vehicle,6,64
1584524011057,small_vehicle,3,202
1575785986209,small_vehicle,9,125
1579016659414,large_vehicle,6,248
1581102324506,small_vehicle,4,1
1572128070841,small_vehicle,4,289
1579696763656,small_vehicle,2,57
1572329723533,large_vehicle,1,83
1567820838743,small_vehicle,6,107
1571038280323,large_vehicle,9,335
1575803543656,large_vehicle,8,22
1567043164004,large_vehicle,5,313
1583616843477,large_vehicle,4,46
1574269668245,small_vehicle,3,119
1575830506788,small_vehicle,0,313
1582601228468,large_vehicle,1,212
1574258004462,large_vehicle,4,132
1582021355431,small_vehicle,2,358
1584937146028,small_vehicle,8,9
1568867634217,large_vehicle,1,194
1582199379351,large_vehicle,1,284
1568082489530,large_vehicle,9,14
1569174566013,large_vehicle,10,276
1579114008638,large_vehicle,0,292
1582793584308,large_vehicle,10,256
1582086844046,small_vehicle,5,120
1581447579058,small_vehicle,4,318
1568432602449,large_vehicle,2,39
1576832627147,small_vehicle,3,302
1580326022271,large_vehicle,3,23
1569926803138,small_vehicle,1,313
1565923528758,small_vehicle,10,49
1579911692325,large_vehicle,2,265
1579650489257,small_vehicle,5,13
1579811808381,small_vehicle,10,273
1570698001860,large_vehicle,9,327
1581899162566,large_vehicle,10,119
1568727821676,small_vehicle,5,111
1570507982808,small_vehicle,0,272
1583733787391,large_vehicle,0,85
1578856461664,large_vehicle,7,58
1578966138334,small_vehicle,10,112
1564807913157,large_vehicle,10,87
1578486551606,large_vehicle,4,101
1570875567161,small_vehicle,2,89
1579892586070,small_vehicle,9,64
1567973845401,large_vehicle,8,151
1582078457983,small_vehicle,10,300
1569670551955,large_vehicle,5,235
1582164547794,small_vehicle,9,87
1580548324922,large_vehicle,4,96
1571128720761,large_vehicle,6,124
1566819044978,large_vehicle,5,208
1581281469840,small_vehicle,0,82
1569337483813,large_vehicle,4,252
1569747806850,small_vehicle,10,305
1565193433827,large_vehicle,9,164
1569022646999,small_vehicle,0,86
1580427295414,large_vehicle,10,160
1567709586701,large_vehicle,10,28
1577837396896,small_vehicle,8,186
1566295080389,small_vehicle,6,215
1576663842358,large_vehicle,10,121
1576033013389,small_vehicle,0,81
1585195260090,small_vehicle,2,340
1586075467056,large_vehicle,5,90
1583399706732,large_vehicle,1,55
1566446565676,large_vehicle,3,2
1577328711574,large_vehicle,7,354
1575710063410,small_vehicle,9,196
1566812386571,large_vehicle,3,6
1576101278693,small_vehicle,9,201
1571129827800,large_vehicle,0,356
1564650542227,small_vehicle,8,22
1565487579129,small_vehicle,1,306
1581628259877,large_vehicle,7,101
1565674848044,small_vehicle,3,127
1585222195596,large_vehicle,9,316
1570152543793,small_vehicle,2,165
1574568248163,small_vehicle,7,151
1577776208182,large_vehicle,0,268
1567423134494,small_vehicle,1,69
1570214756303,large_vehicle,7,150
1573764601220,small_vehicle,9,103
1583084469581,small_vehicle,1,131
1566656189652,small_vehicle,4,210
1577327136132,large_vehicle,0,141
1572806496278,small_vehicle,8,21
1567270183493,large_vehicle,8,70
1570284685655,small_vehicle,10,262
1570284263180,large_vehicle,2,251
1578029530167,large_vehicle,0,74
1586198613471,small_vehicle,8,77
1565069102521,large_vehicle,10,70
1576745945807,small_vehicle,0,268
1566819139854,small_vehicle,8,74
1570754598895,small_vehicle,0,75
1567307514612,large_vehicle,4,126
1566749453329,large_vehicle,3,286
1564731715786,small_vehicle,4,214
1586204674455,large_vehicle,9,291
1577435900420,small_vehicle,4,95
1582107183060,large_vehicle,0,291
1580282540106,large_vehicle,3,331
1571560954598,large_vehicle,3,219
1574041775663,small_vehicle,2,5
1575473023037,small_vehicle,2,148
1578296565595,small_vehicle,6,316
1579032522390,small_vehicle,0,358
1585734320861,large_vehicle,8,34
1575381852305,small_vehicle,2,89
1566076706199,small_vehicle,9,179
1570583551491,large_vehicle,4,236
1565374965215,large_vehicle,6,40
1568497469349,large_vehicle,4,0
1574793303737,small_vehicle,10,347
1570652865040,large_vehicle,1,307
1570897719309,large_vehicle,8,135
1579624676871,small_vehicle,5,329
1583109409229,small_vehicle,0,234
1570700816201,small_vehicle,9,274
1573441228220,small_vehicle,10,152
1585620731997,large_vehicle,1,320
1575815895617,large_vehicle,5,195
1582936086836,large_vehicle,9,156
1586437360838,small_vehicle,2,189
1576175676735,small_vehicle,3,72
1565834517536,large_vehicle,10,274
1578220027776,large_vehicle,7,16
1583183645224,small_vehicle,0,161
1584726279137,large_vehicle,9,185
1569223474386,small_vehicle,2,150
1569226269288,large_vehicle,10,222
1574233423937,large_vehicle,9,277
1565008405841,large_vehicle,3,54
1566869580382,small_vehicle,7,5
1581585502776,small_vehicle,5,235
1568464197797,large_vehicle,6,51
1583413522079,large_vehicle,2,2
1586301628860,small_vehicle,2,87
1566438345804,small_vehicle,5,221
1572343901884,small_vehicle,9,15
1578025210740,large_vehicle,8,332
1570995471483,large_vehicle,1,194
1566694986197,small_vehicle,2,325
1581518820676,small_vehicle,9,282
1586403342821,small_vehicle,9,245
1574839891185,large_vehicle,0,330
1567257930746,large_vehicle,4,270
1582517322193,large_vehicle,5,109
1571193679214,large_vehicle,0,166
1579713237112,small_vehicle,5,112
1577824207062,small_vehicle,8,35
1571337802486,small_vehicle,4,120
1586214475802,large_vehicle,7,254
1583558086662,large_vehicle,2,246
1571603907238,large_vehicle,6,48
1570020873349,small_vehicle,9,81
1572861066986,large_vehicle,7,345
1577051283011,small_vehicle,9,152
1577313362007,small_vehicle,6,314
1568376262802,large_vehicle,4,269
1584525907295,large_vehicle,1,8
1565394029505,large_vehicle,7,267
1585969544332,large_vehicle,4,221
1585232198096,small_vehicle,8,343
1573808671155,large_vehicle,4,231
1565726137914,large_vehicle,10,229
1583449943135,small_vehicle,4,39
1581539602386,large_vehicle,7,190
1565594400117,large_vehicle,1,4
1576653681620,small_vehicle,1,83
1574985278914,small_vehicle,2,189
1581025288795,large_vehicle,7,159
1579199457118,small_vehicle,0,62
1573976432262,small_vehicle,3,131
1580681437912,small_vehicle,1,324
1578134947953,small_vehicle,0,21
1580967235359,large_vehicle,10,260
1582637936185,small_vehicle,10,278
1577217215807,small_vehicle,2,304
1585960931305,large_vehicle,2,177
1584198521926,small_vehicle,10,17
1585515213590,large_vehicle,6,25
1571964472446,large_vehicle,6,5
1568209934816,large_vehicle,7,281
1576744105305,small_vehicle,8,183
1582251792200,large_vehicle,5,132
1581997589848,large_vehicle,5,309
1565533262251,large_vehicle,3,221
1565994755563,small_vehicle,5,246
1584532870016,large_vehicle,7,137
1567273019232,small_vehicle,3,341
1583401130490,large_vehicle,0,90
1582649068952,large_vehicle,9,35
1566477988118,large_vehicle,2,164
1571229765800,large_vehicle,7,52
1584086951047,small_vehicle,4,237
1581332456014,small_vehicle,1,136
1586701896178,small_vehicle,6,263
1584957982042,large_vehicle,0,129
1577532806591,large_vehicle,1,244
1582851545326,small_vehicle,1,132
1567899381211,large_vehicle,2,163
1581172225297,small_vehicle,6,215
1579996633175,large_vehicle,3,236
1582263964737,small_vehicle,0,259
1579361584792,large_vehicle,5,33
1582858867418,small_vehicle,4,263
1584884819525,large_vehicle,5,330
1567203304764,large_vehicle,7,90
1578023256391,small_vehicle,10,243
1570760521554,large_vehicle,1,180
1576123857671,small_vehicle,7,100
1566058507872,small_vehicle,8,329
1582870510874,small_vehicle,8,242
1567082150109,small_vehicle,5,310
1573911961151,large_vehicle,6,336
1576383567182,small_vehicle,2,1
1584222155630,large_vehicle,7,260
1577885770390,large_vehicle,2,83
1579901715257,large_vehicle,8,31
1582808926224,large_vehicle,1,138
1582192268877,small_vehicle,7,143
1582944501257,small_vehicle,6,41
1573934546915,large_vehicle,6,93
1570326649665,small_vehicle,8,138
1580005887457,small_vehicle,3,263
1574648751622,small_vehicle,4,6
1569102769238,large_vehicle,5,154
1576741078631,large_vehicle,1,71
1565252631117,small_vehicle,7,27
1586347002937,small_vehicle,2,275
1578910444189,large_vehicle,9,348
1571783901060,large_vehicle,9,63
1579771876568,small_vehicle,5,88
1573409703546,large_vehicle,8,226
1580533445663,small_vehicle,7,46
1565959690116,large_vehicle,8,200
1582486191629,small_vehicle,4,350
1569237769219,small_vehicle,7,324
1573138396183,small_vehicle,10,356
1568734651865,small_vehicle,0,196
1583370328839,large_vehicle,8,145
1566237213290,large_vehicle,4,306
1577647708861,large_vehicle,4,341
1565421886313,small_vehicle,1,71
1586658984287,large_vehicle,0,141
1573191863335,small_vehicle,3,195
1571467898132,small_vehicle,1,224
1565541103797,small_vehicle,7,227
1568392774626,small_vehicle,0,246
1568124944545,large_vehicle,2,84
1585806319720,large_vehicle,10,29
1578467927975,large_vehicle,4,170
1582168229499,large_vehicle,10,317
1568583606137,small_vehicle,4,231
1586227435640,large_vehicle,2,46
1581903199380,large_vehicle,10,103
1586035275739,small_vehicle,8,355
1571253441921,small_vehicle,5,222
1574391909485,small_vehicle,8,41
1568147248708,large_vehicle,0,312
1568716279508,small_vehicle,1,46
1572817506176,small_vehicle,4,68
1574314247338,large_vehicle,2,106
1579769079468,small_vehicle,0,151
1579917176758,large_vehicle,10,60
1571740764049,small_vehicle,3,7
1565647011371,small_vehicle,0,348
1570124636879,large_vehicle,6,339
1577034096859,small_vehicle,1,288
1578027478798,small_vehicle,1,85
1584437047154,large_vehicle,8,83
1579107093306,large_vehicle,8,181
1578650375477,small_vehicle,3,284
1572306375038,small_vehicle,4,87
1583484687633,large_vehicle,5,346
1580148848261,small_vehicle,2,182
1566612236337,large_vehicle,6,336
1573137504661,large_vehicle,10,344
1580389887010,large_vehicle,2,182
1574966358662,large_vehicle,1,29
1564663973047,large_vehicle,9,174
1568017401968,large_vehicle,6,138
1580326088176,small_vehicle,8,73
1567689059886,large_vehicle,4,282
1571861226865,large_vehicle,5,93
1585605589726,large_vehicle,10,131
1579104904041,large_vehicle,10,256
1565132860709,large_vehicle,3,138
1583333216198,large_vehicle,0,28
1566849248454,large_vehicle,0,239
1565629665546,large_vehicle,2,181
1575873862709,small_vehicle,10,280
1565758205411,large_vehicle,10,254
1586645174759,large_vehicle,7,305
1586394273393,small_vehicle,1,270
1564859993523,small_vehicle,0,356
1574826554569,small_vehicle,1,240
1570498006586,small_vehicle,9,282
1580491095348,small_vehicle,8,160
1582765574498,large_vehicle,4,116
1569660094787,small_vehicle,3,152
1585469277186,large_vehicle,0,81
1564909410866,small_vehicle,0,308
1585817424633,small_vehicle,7,268
1578417968993,small_vehicle,8,317
1585385511137,large_vehicle,6,159
1579157152508,large_vehicle,9,119
1568219565475,small_vehicle,10,29
1565656690579,small_vehicle,4,254
1576456528069,large_vehicle,7,200
1572960429244,large_vehicle,9,239
1576520018241,small_vehicle,7,79
1576946222571,small_vehicle,8,42
1583730137403,small_vehicle,1,297
1584922180734,large_vehicle,2,299
1575270990600,large_vehicle,6,290
1578044872744,large_vehicle,0,289
1576249800959,large_vehicle,3,282
1576957678633,large_vehicle,2,285
1578256546043,small_vehicle,4,252
1577482023528,small_vehicle,4,46
1583219967061,large_vehicle,6,123
1586637277718,large_vehicle,9,208
1569044822638,large_vehicle,4,94
1586224164308,small_vehicle,10,232
1578873540764,large_vehicle,8,352
1578341286620,small_vehicle,9,243
1579903164688,small_vehicle,1,354
1577954876597,large_vehicle,4,110
1573801468322,small_vehicle,7,294
1584286936732,small_vehicle,1,249
1585848205107,large_vehicle,2,81
1577081128736,large_vehicle,8,325
1570771809854,small_vehicle,4,316
1576002495545,small_vehicle,9,103
1564761862338,large_vehicle,3,51
1585788814166,small_vehicle,4,42
1572586178892,large_vehicle,7,166
1583858268665,large_vehicle,2,164
1576782276241,small_vehicle,5,120
1574010060176,large_vehicle,1,312
1568092418929,small_vehicle,7,72
1566626366795,small_vehicle,0,237
1565973520971,small_vehicle,10,166
1568677882276,large_vehicle,1,170
1581548077426,small_vehicle,1,210
1583588952045,small_vehicle,3,191
1570822889010,large_vehicle,3,94
1581460706756,small_vehicle,5,117
1582887279449,large_vehicle,0,48
1572095017984,small_vehicle,0,223
1566740875663,large_vehicle,6,16
1575622380469,large_vehicle,8,30
1580132944750,small_vehicle,9,75
1586029150218,small_vehicle,2,315
1572447302356,large_vehicle,9,143
1574761390669,small_vehicle,8,209
1581889574038,small_vehicle,2,93
1586446228412,small_vehicle,9,81
1584336338190,large_vehicle,10,310
1586086275238,large_vehicle,7,131
1570557547160,small_vehicle,8,272
1568899186605,large_vehicle,0,97
1583945168812,small_vehicle,10,109
1575169949413,large_vehicle,2,279
1569574507389,large_vehicle,1,31
1565833865983,small_vehicle,10,61
1578840212455,large_vehicle,8,164
1584577471161,small_vehicle,10,56
1569809701700,small_vehicle,1,4
1568950429224,small_vehicle,10,30
1570849322532,small_vehicle,6,259
1584323051736,large_vehicle,2,181
1569792602504,large_vehicle,10,213
1574048778177,small_vehicle,9,118
1570488390730,large_vehicle,5,95
1573953644556,small_vehicle,3,251
1584191442083,large_vehicle,10,273
1584442329632,small_vehicle,3,178
1568138665354,large_vehicle,4,92
1569912226715,large_vehicle,9,166
1576696824044,small_vehicle,2,304
1570721280789,large_vehicle,6,11
1583082453587,large_vehicle,4,305
1574609443040,small_vehicle,6,289
1565976713371,small_vehicle,6,55
1577042934468,large_vehicle,8,225
1568387081992,large_vehicle,3,107
1574278898894,large_vehicle,5,209
1574971497100,small_vehicle,7,22
1582817768410,small_vehicle,4,67
1567816143418,small_vehicle,3,275
1565741080296,small_vehicle,6,244
1585232852318,small_vehicle,2,297
1568626713922,large_vehicle,2,170
1584121012546,small_vehicle,5,176
1571026108504,small_vehicle,4,267
1566125512676,large_vehicle,5,75
1581994075464,large_vehicle,6,199
1577311768090,small_vehicle,4,155
1583069087100,small_vehicle,0,210
1569346687070,small_vehicle,3,76
1583241933580,large_vehicle,10,194
1569914622541,large_vehicle,0,207
1566423625988,large_vehicle,2,84
1566729193423,small_vehicle,2,26
1581023943378,large_vehicle,2,229
1586190380206,large_vehicle,5,204
1583578620520,large_vehicle,3,26
1566780380305,large_vehicle,8,313
1578844228277,large_vehicle,10,342
1586002334028,small_vehicle,7,231
1572572474115,large_vehicle,7,261
1578327974722,large_vehicle,0,9
1584573597395,small_vehicle,1,234
1578157998163,large_vehicle,6,89
1565401124274,large_vehicle,4,57
1584974696883,large_vehicle,3,7
1576873104301,large_vehicle,4,339
1576101927284,large_vehicle,9,72
1574401413632,large_vehicle,2,7
1575994888143,small_vehicle,3,338
1580409309810,large_vehicle,8,280
1569728247972,small_vehicle,4,135
1581223501625,small_vehicle,10,334
1573018121339,large_vehicle,0,97
1577587882515,small_vehicle,9,187
1575965723958,small_vehicle,9,352
1565322800766,large_vehicle,9,141
1569679674012,large_vehicle,10,93
1576417476398,large_vehicle,2,277
1584042612295,large_vehicle,10,289
1585013834338,large_vehicle,5,336
1584014367025,small_vehicle,2,137
1572972595850,large_vehicle,8,117
1586226809327,small_vehicle,8,15
1577729587722,large_vehicle,7,224
1582705740015,small_vehicle,3,147
1577252609297,small_vehicle,4,292
1567994664946,large_vehicle,6,106
1584659671613,large_vehicle,5,226
1571075805092,large_vehicle,6,92
1580682722331,large_vehicle,3,107
1569221505086,large_vehicle,6,346
1580368483067,small_vehicle,0,60
1581301422853,large_vehicle,4,308
1586710842027,large_vehicle,9,350
1581556347862,large_vehicle,0,182
1580159599249,large_vehicle,8,244
1586662846568,large_vehicle,1,137
1579360797550,small_vehicle,6,92
1572439218020,small_vehicle,4,215
1577335496105,large_vehicle,4,169
1583000770567,small_vehicle,9,42
1564949116892,small_vehicle,10,121
1565002797216,small_vehicle,1,115
1568583768050,small_vehicle,10,55
1565530623087,small_vehicle,5,218
1569277661929,small_vehicle,10,106
1573734358108,small_vehicle,9,177
1585195264645,large_vehicle,10,141
1567267989921,small_vehicle,8,314
1579274271385,small_vehicle,0,348
1569034398762,large_vehicle,0,306
1582099893747,small_vehicle,3,164
1582315697234,large_vehicle,3,24
1565370173609,large_vehicle,5,22
1569338487422,large_vehicle,6,257
1570383366776,small_vehicle,0,335
1571034959119,large_vehicle,8,145
1576058520555,large_vehicle,0,266
1573423315875,large_vehicle,5,26
1586374534335,small_vehicle,6,44
1573250434386,small_vehicle,1,122
1568148791308,large_vehicle,5,192
1579709147559,small_vehicle,6,160
1570915381630,small_vehicle,0,44
1582299491524,small_vehicle,7,152
1565950680517,large_vehicle,8,345
1575487229510,small_vehicle,10,49
1565911822719,large_vehicle,1,84
1586707211180,small_vehicle,6,6
1573753699248,small_vehicle,7,163
1584463203758,small_vehicle,8,131
1576274910973,large_vehicle,6,3
1582275888567,large_vehicle,9,323
1566056784930,large_vehicle,1,63
1577368275693,small_vehicle,10,57
1578960374277,large_vehicle,8,13
1585090857121,small_vehicle,0,87
1577186656795,small_vehicle,6,80
1564759882029,small_vehicle,9,103
1568105335328,large_vehicle,6,359
1580293134896,small_vehicle,6,323
1583816896692,large_vehicle,10,255
1571350301968,large_vehicle,9,34
1570562784314,small_vehicle,9,111
1575998169246,large_vehicle,2,119
1566347941431,large_vehicle,10,102
1568843933657,small_vehicle,9,277
1573803980416,large_vehicle,3,3
1581634909654,small_vehicle,1,271
1573830754939,large_vehicle,10,284
1570949045465,large_vehicle,5,70
1586444061027,small_vehicle,10,41
1580332133111,small_vehicle,5,101
1564754241429,small_vehicle,8,312
1585476339966,large_vehicle,7,109
1579418162997,small_vehicle,1,252
1582846038142,large_vehicle,9,331
1585849425421,large_vehicle,9,18
1572563284814,small_vehicle,0,164
1565709668133,large_vehicle,10,84
1576869059793,large_vehicle,5,154
1577081423605,small_vehicle,1,264
1578312119889,large_vehicle,1,26
1580705440687,large_vehicle,7,144
1576792173601,large_vehicle,8,26
1586372870880,small_vehicle,10,162
1578051297729,large_vehicle,5,1
1577634626387,small_vehicle,6,146
1579268888047,small_vehicle,6,58
1581303966479,large_vehicle,2,279
1582184651019,large_vehicle,1,124
1581843960369,large_vehicle,8,1
1565276517053,large_vehicle,10,3
1571754427430,large_vehicle,7,227
1570168251758,small_vehicle,10,53
1568886269195,small_vehicle,0,68
1584621657129,small_vehicle,1,81
1566636549541,small_vehicle,7,52
1571876208885,small_vehicle,0,19
1572700705465,large_vehicle,8,192
1581423029511,large_vehicle,9,88
1568201039167,large_vehicle,6,213
1579816955332,small_vehicle,2,94
1567340203075,small_vehicle,0,188
1576908536553,large_vehicle,10,302
1570517890422,small_vehicle,5,16
1566215222123,large_vehicle,1,212
1572889725107,large_vehicle,1,183
1571564806837,small_vehicle,4,95
1576573131358,large_vehicle,10,7
1581848701797,large_vehicle,9,204
1586181060766,small_vehicle,10,250
1578500003810,small_vehicle,9,99
1577102663615,large_vehicle,0,141
1572537113193,large_vehicle,8,197
1574564181326,large_vehicle,2,292
1577249420552,small_vehicle,2,251
1567586846435,large_vehicle,10,123
1584002737788,large_vehicle,9,267
1578727948843,small_vehicle,10,120
1585591476582,large_vehicle,9,122
1585172628094,small_vehicle,3,292
1582604260359,large_vehicle,6,111
1584547704098,small_vehicle,3,340
1586642177465,small_vehicle,1,329
1565288299981,small_vehicle,6,114
1582989761207,small_vehicle,6,355
1577125614439,large_vehicle,3,130
1585920747319,small_vehicle,0,174
1575466190211,small_vehicle,1,358
1581633311498,small_vehicle,4,46
1570160964633,large_vehicle,5,300
1574689989395,large_vehicle,2,324
1568582916928,large_vehicle,8,216
1565215521645,small_vehicle,4,142
1579392190056,large_vehicle,2,0
1571119302405,large_vehicle,7,156
1578986858833,large_vehicle,4,196
1579967316783,small_vehicle,4,30
1586681478129,small_vehicle,8,129
1566362117064,large_vehicle,1,318
1575751465353,large_vehicle,2,236
1578654694270,large_vehicle,10,209
1570092283756,small_vehicle,5,85
1570390810288,large_vehicle,10,228
1572823513532,large_vehicle,4,346
1572287507878,large_vehicle,5,36
1570136128586,small_vehicle,5,85
1578166919440,large_vehicle,1,62
1567534222070,large_vehicle,7,4
1565229779340,large_vehicle,9,134
1569685262042,small_vehicle,0,268
1565468080635,large_vehicle,8,353
1574903265144,large_vehicle,0,152
1572561508323,large_vehicle,5,38
1564992145950,large_vehicle,3,279
1566578814144,large_vehicle,3,346
1574158955349,large_vehicle,5,28
1581192680149,small_vehicle,0,12
1570619849450,large_vehicle,7,170
1569782711543,large_vehicle,10,98
1568346177095,small_vehicle,3,341
1570321416176,large_vehicle,3,19
1578984679281,small_vehicle,10,122
1570677265512,large_vehicle,2,63
1583399422848,small_vehicle,8,123
1567111695821,large_vehicle,3,246
1571867301849,large_vehicle,2,237
1577071380887,large_vehicle,9,212
1579669989941,small_vehicle,7,333
1577064193012,small_vehicle,2,29
1564961015442,large_vehicle,2,189
1574625868913,large_vehicle,5,236
1568753521326,small_vehicle,9,253
1577150535000,large_vehicle,2,79
1573059285840,small_vehicle,3,69
1572660457911,large_vehicle,1,278
1565203668054,large_vehicle,0,182
1585331423437,large_vehicle,10,254
1578731556192,small_vehicle,10,191
1567510636481,large_vehicle,9,219
1574274825324,large_vehicle,0,28
1586022905611,large_vehicle,9,272
1578914517164,small_vehicle,8,39
1579335197508,small_vehicle,6,119
1567157098388,large_vehicle,4,122
1584961702759,small_vehicle,10,58
1566509078249,large_vehicle,1,106
1574909220229,large_vehicle,10,296
1584346724978,large_vehicle,8,336
1569962440640,large_vehicle,1,272
1567089264937,small_vehicle,5,197
1570154290444,large_vehicle,10,286
1585420994280,small_vehicle,1,145
1572144411611,large_vehicle,9,187
1578977595966,large_vehicle,3,223
1567290846786,large_vehicle,4,93
1565981650894,large_vehicle,3,40
1582447596073,small_vehicle,4,32
1576085507879,large_vehicle,5,41
1574971018938,large_vehicle,6,135
1583934069500,large_vehicle,3,238
1577086215002,large_vehicle,4,194
1579680098389,large_vehicle,2,317
1577203947769,large_vehicle,1,72
1572474134706,large_vehicle,5,147
1579448304252,large_vehicle,10,7
1581318130788,large_vehicle,10,88
1572130927850,small_vehicle,3,147
1570427872911,large_vehicle,2,180
1586651502574,small_vehicle,3,156
1573570682380,large_vehicle,3,178
1572059838414,large_vehicle,6,2
1568381788533,large_vehicle,1,83
1584335515081,small_vehicle,0,237
1576956563606,large_vehicle,7,57
1577284267318,small_vehicle,6,73
1572725896366,large_vehicle,2,160
1575278699388,small_vehicle,5,126
1577697148568,large_vehicle,6,192
1567982835341,small_vehicle,7,23
1581460181168,large_vehicle,3,320
1566627936211,large_vehicle,5,212
1581298106590,large_vehicle,5,167
1580558140775,large_vehicle,4,78
1580057818757,large_vehicle,5,97
1580921594051,small_vehicle,7,1
1581324139833,large_vehicle,9,286
1568358338155,small_vehicle,2,136
1585471029167,large_vehicle,5,199
1583864056580,large_vehicle,4,3
1573956880391,large_vehicle,9,222
1565595418545,large_vehicle,2,310
1578243715608,small_vehicle,2,216
1568959175949,large_vehicle,0,308
1583749806449,small_vehicle,7,82
1570368150785,large_vehicle,10,55
1578076374866,small_vehicle,10,19
1585633166706,small_vehicle,3,106
1567007950000,large_vehicle,5,161
1569726057935,large_vehicle,7,150
1580852291256,large_vehicle,3,170
1579150357441,large_vehicle,5,6
1573069098272,large_vehicle,5,179
1576792492215,large_vehicle,10,227
1578826313196,small_vehicle,2,163
1564847270287,large_vehicle,1,161
1565104247417,large_vehicle,4,341
1572930922168,small_vehicle,2,23
1571905939790,small_vehicle,5,55
1581235093757,small_vehicle,3,197
1570636175157,small_vehicle,0,76
1572230135031,small_vehicle,3,114
1573978351139,large_vehicle,2,198
1575961728981,small_vehicle,2,17
1579446810490,small_vehicle,1,291
1569201876661,small_vehicle,3,209
1574447379912,large_vehicle,1,237
1586120477610,small_vehicle,4,40
1586307472828,large_vehicle,10,282
1569640295847,large_vehicle,8,257
1586525308678,small_vehicle,9,304
1582934689147,small_vehicle,9,226
1582776643917,small_vehicle,1,40
1586113017624,large_vehicle,6,355
1574457121480,large_vehicle,9,241
1573958697137,small_vehicle,2,265
1580909637247,large_vehicle,0,269
1579922078406,large_vehicle,3,220
1577645458241,large_vehicle,1,10
1567934934830,small_vehicle,5,22
1566894709782,large_vehicle,10,279
1568308856568,large_vehicle,10,124
1570994960192,large_vehicle,1,331
1568312092349,large_vehicle,1,157
1579729495933,small_vehicle,5,253
1576459207919,small_vehicle,6,347
1570661124238,large_vehicle,7,313
1572430786937,small_vehicle,0,281
1579237409478,large_vehicle,3,103
1586659954428,small_vehicle,10,203
1568843715358,small_vehicle,2,124
1569508904615,small_vehicle,6,282
1566917014746,small_vehicle,3,353
1582958966767,large_vehicle,9,20
1579857326633,large_vehicle,5,300
1583868219746,large_vehicle,4,105
1578897334850,small_vehicle,1,118
1569298330611,large_vehicle,10,121
1567027639621,large_vehicle,6,327
1583570330968,small_vehicle,1,299
1567773728286,small_vehicle,3,92
1581720751164,small_vehicle,6,44
1579553130389,large_vehicle,10,349
1565161958045,large_vehicle,8,268
1586142140010,large_vehicle,9,24
1564883184827,small_vehicle,2,19
1568452784359,small_vehicle,3,12
1583067011447,large_vehicle,6,356
1580297172057,small_vehicle,4,128
1568567343987,large_vehicle,2,132
1573311730864,small_vehicle,5,303
1573300109603,small_vehicle,6,216
1573501256721,small_vehicle,2,42
1573114761378,large_vehicle,5,216
1583920185327,large_vehicle,9,359
1575306352233,small_vehicle,0,47
1573701219713,large_vehicle,0,162
1567162568564,small_vehicle,5,134
1582169323074,large_vehicle,2,109
1574419851640,small_vehicle,3,38
1579511463184,large_vehicle,8,309
1583140983050,small_vehicle,3,156
1577894487369,small_vehicle,7,89
1572642909915,small_vehicle,3,192
1580317871151,large_vehicle,0,291
1585351073299,large_vehicle,3,238
1573046378465,large_vehicle,8,293
1568060652502,large_vehicle,0,166
1566030646185,small_vehicle,3,89
1578046489366,small_vehicle,2,2
1566595229349,large_vehicle,3,356
1576838692805,small_vehicle,10,347
1567237700914,small_vehicle,1,192
1571803569246,large_vehicle,10,349
1579589601664,small_vehicle,7,51
1580639938025,large_vehicle,5,194
1576653991972,small_vehicle,8,8
1574415999744,small_vehicle,0,46
1583808809106,small_vehicle,6,50
1572597085635,large_vehicle,9,305
1583699686394,small_vehicle,0,189
1567263459705,large_vehicle,9,319
1570052672466,small_vehicle,10,306
1575036837887,large_vehicle,1,206
1576836641885,small_vehicle,0,274
1577874426658,small_vehicle,1,35
1580351242627,large_vehicle,10,104
1577314900408,large_vehicle,6,288
1570981659041,small_vehicle,5,92
1566628207849,large_vehicle,6,279
1581363839495,small_vehicle,6,8
1575231466587,large_vehicle,3,143
1584054283932,large_vehicle,9,7
1583798408851,small_vehicle,8,133
1568993713048,small_vehicle,0,218
1584663084125,small_vehicle,0,290
1569457836824,large_vehicle,8,216
1571181060044,small_vehicle,8,25
1566893840712,large_vehicle,9,8
1583087431737,small_vehicle,7,167
1581200036200,small_vehicle,6,278
1574390790991,large_vehicle,10,17
1584390650693,small_vehicle,4,342
1573429724498,small_vehicle,9,159
1582773269056,small_vehicle,1,56
1576440377162,large_vehicle,4,21
1572018877318,large_vehicle,6,63
1564901408187,large_vehicle,7,284
1570322128277,large_vehicle,9,247
1577292483120,large_vehicle,7,307
1584265632295,small_vehicle,7,261
1574548488059,small_vehicle,3,27
1577192212314,large_vehicle,6,43
1582136971480,small_vehicle,5,232
1565979945666,large_vehicle,2,236
1564685362078,small_vehicle,2,217
1585033622531,small_vehicle,9,70
1567367880937,large_vehicle,7,93
1584170832344,large_vehicle,0,207
1571727864855,large_vehicle,8,27
1578357678399,large_vehicle,10,212
1580623900419,small_vehicle,5,355
1570070586717,small_vehicle,3,196
1574391763998,large_vehicle,6,138
1583019265304,large_vehicle,2,140
1572688011522,small_vehicle,8,183
1575467201666,small_vehicle,9,158
1583113398020,small_vehicle,6,203
1583884701352,large_vehicle,0,47
1580354178205,small_vehicle,4,212
1572601183403,large_vehicle,0,96
1573493436174,small_vehicle,10,74
1571433599458,large_vehicle,6,261
1584482317275,large_vehicle,0,84
1579973366216,large_vehicle,9,78
1569266415327,small_vehicle,5,325
1570791215786,large_vehicle,2,221
1575497988172,large_vehicle,3,248
1565680367587,small_vehicle,5,39
1584094850275,small_vehicle,6,180
1578457786606,large_vehicle,0,129
1568103494461,large_vehicle,0,1
1568865178176,small_vehicle,0,316
1575940732765,small_vehicle,1,125
1583223762707,small_vehicle,8,47
1584607828254,large_vehicle,5,80
1586394570012,large_vehicle,4,244
1569649201272,small_vehicle,1,279
1570804130011,large_vehicle,1,127
1579911083717,small_vehicle,5,25
1581966821099,small_vehicle,10,192
1581685462870,large_vehicle,5,29
1582564649398,small_vehicle,0,120
1572767180250,large_vehicle,1,298
1573789514864,small_vehicle,10,104
1586527525975,small_vehicle,10,34
1577690077377,small_vehicle,9,186
1568720431187,large_vehicle,0,205
1568758054643,small_vehicle,3,242
1572619071065,small_vehicle,6,165
1574275405653,small_vehicle,5,283
1578530125483,large_vehicle,2,342
1573697372304,small_vehicle,8,60
1580754925172,large_vehicle,0,16
1575732894202,large_vehicle,0,260
1585238051191,large_vehicle,2,14
1581217651468,large_vehicle,10,311
1568393710445,small_vehicle,8,247
1566047250173,large_vehicle,2,56
1577163855609,small_vehicle,3,293
1580704843630,large_vehicle,7,181
1582156598888,large_vehicle,0,200
1585193348079,small_vehicle,6,301
1578353014389,large_vehicle,0,146
1569621371248,small_vehicle,6,182
1566963917897,small_vehicle,5,289
1572916858215,large_vehicle,0,312
1575667468291,small_vehicle,4,148
1581431869409,small_vehicle,8,152
1581872729786,small_vehicle,8,181
1578904479356,small_vehicle,1,55
1579567374480,large_vehicle,8,219
1584091497648,small_vehicle,5,43
1572994507878,small_vehicle,5,75
1575754630032,small_vehicle,6,261
1586220436680,small_vehicle,3,184
1566863043011,small_vehicle,0,283
1571627848415,large_vehicle,8,23
1576052740617,small_vehicle,5,280
1577057533786,small_vehicle,6,126
1572975276724,large_vehicle,9,312
1572102358079,large_vehicle,1,328
1581499235342,small_vehicle,8,328
1570004789020,large_vehicle,0,250
1566431366321,large_vehicle,1,288
1565554573213,large_vehicle,2,268
1576969890607,small_vehicle,5,152
1576691235323,large_vehicle,7,235
1572083136789,small_vehicle,5,184
1568829814066,small_vehicle,4,304
1571848859393,large_vehicle,10,167
1575240843426,small_vehicle,2,222
1572088084164,small_vehicle,1,356
1572669867199,large_vehicle,2,85
1584482832804,large_vehicle,5,267
1565518388602,large_vehicle,0,253
1586471467686,large_vehicle,0,278
1581263947171,large_vehicle,7,353
1583882338993,large_vehicle,3,216
1576821664807,large_vehicle,7,88
1569542307842,small_vehicle,8,200
1583360332959,large_vehicle,7,151
1570113737750,small_vehicle,2,152
1577143898460,large_vehicle,7,205
1572466737849,small_vehicle,0,319
1575570038925,large_vehicle,7,57
1573950186873,large_vehicle,5,92
1585787125070,large_vehicle,6,166
1577803536967,large_vehicle,4,274
1580752225049,large_vehicle,2,230
1565548014291,small_vehicle,7,138
1584600056126,small_vehicle,5,281
1567265729361,large_vehicle,6,202
1579349880600,small_vehicle,0,123
1579784902867,large_vehicle,10,58
1586641055313,large_vehicle,6,241
1585416649777,small_vehicle,6,51
1582127245826,large_vehicle,3,42
1565742208664,large_vehicle,2,332
1586332636040,small_vehicle,5,38
1566904823303,large_vehicle,6,144
1567265861746,large_vehicle,8,358
1568504213578,small_vehicle,1,175
1583871772057,small_vehicle,7,297
1569339441073,large_vehicle,7,26
1581071988750,small_vehicle,10,241
1585119265853,large_vehicle,7,271
1580478835414,small_vehicle,5,7
1577939127317,small_vehicle,0,182
1577231832242,large_vehicle,10,317
1581355975009,small_vehicle,10,162
1571502701613,large_vehicle,10,215
1576537767485,small_vehicle,10,218
1570539976732,small_vehicle,8,267
1579663500610,small_vehicle,5,121
1570395071305,large_vehicle,9,27
1579135027035,small_vehicle,6,31
1581094023371,small_vehicle,1,84
1567629891167,small_vehicle,6,192
1569567302459,large_vehicle,4,222
1569898741673,large_vehicle,2,239
1566000335235,large_vehicle,10,138
1585362807786,small_vehicle,6,203
1573284791710,large_vehicle,7,351
1565242423646,small_vehicle,5,58
1580081990545,small_vehicle,0,71
1582863510451,large_vehicle,10,23
1569895447407,large_vehicle,7,27
1577789062037,small_vehicle,4,283
1582499154757,large_vehicle,0,300
1572650215500,small_vehicle,2,128
1574792595502,large_vehicle,10,104
1574953631337,small_vehicle,8,200
1581901942120,large_vehicle,10,39
1564979557503,large_vehicle,4,337
1572619578522,small_vehicle,7,263
1585083616457,large_vehicle,8,309
1582240672796,small_vehicle,4,126
1576076553765,large_vehicle,6,252
1574929337690,small_vehicle,5,199
1582193407436,large_vehicle,0,4
1577424056469,large_vehicle,4,160
1571695585640,large_vehicle,10,183
1583739010092,small_vehicle,0,222
1581251482236,small_vehicle,6,287
1580211491692,small_vehicle,2,142
1568768733285,large_vehicle,2,260
1578517632848,large_vehicle,0,174
1580133362060,small_vehicle,8,283
1570231295776,small_vehicle,5,201
