1579515229704,small_vehicle,0,145
1571115849365,large_vehicle,6,148
1579742998901,small_vehicle,5,316
1577842381531,large_vehicle,7,136
1566020680430,small_vehicle,10,248
1567714690570,large_vehicle,9,26
1585074045827,large_vehicle,6,277
1565422560873,large_vehicle,3,8
1577690038813,large_vehicle,2,172
1565603479235,small_vehicle,3,288
1567418100087,large_vehicle,6,248
1574649000556,small_vehicle,9,310
1569835115980,large_vehicle,1,197
1573526211359,large_vehicle,3,309
1585087672478,large_vehicle,8,287
1570294267004,large_vehicle,5,138
1574464751476,large_vehicle,6,175
1567258534562,large_vehicle,7,201
1582741043569,large_vehicle,2,344
1565954804127,large_vehicle,8,315
1567949870381,small_vehicle,10,198
1585513466937,small_vehicle,8,221
1571458626034,large_vehicle,4,20
1581108304392,large_vehicle,3,197
1579723692187,large_vehicle,0,18
1568113893597,large_vehicle,8,247
1581131112487,large_vehicle,2,234
1584962157815,large_vehicle,8,296
1576737108165,small_vehicle,2,194
1583749717848,small_vehicle,9,92
1569431296302,large_vehicle,6,220
1564728887782,large_vehicle,6,319
1572605614223,small_vehicle,4,8
1566990031249,large_vehicle,10,136
1573371099161,small_vehicle,0,270
1568876630408,large_vehicle,9,46
1578840542210,large_vehicle,5,311
1583312832815,large_vehicle,4,297
1574272148632,large_vehicle,3,198
1576914461346,large_vehicle,7,279
1581570654814,small_vehicle,8,316
1580925659325,small_vehicle,5,341
1572505810513,large_vehicle,10,108
1575889116339,small_vehicle,9,161
1567160715822,large_vehicle,9,245
1565571230422,small_vehicle,3,201
1585813452167,large_vehicle,2,358
1580920421214,small_vehicle,5,255
1582496153320,large_vehicle,4,353
1583832060386,large_vehicle,0,191
1572523095158,large_vehicle,7,53
1577764810962,small_vehicle,4,246
1573881311226,large_vehicle,7,83
1578772065572,large_vehicle,3,153
1583300652467,large_vehicle,9,227
1567552175753,small_vehicle,5,194
1576992471748,large_vehicle,3,98
1579718578536,large_vehicle,1,97
1585244401712,small_vehicle,4,194
1577929892009,large_vehicle,8,243
1577388423664,large_vehicle,10,351
1586297231239,large_vehicle,4,332
1571780954971,small_vehicle,7,53
1580151007179,large_vehicle,6,30
1583963027941,small_vehicle,10,45
1579672216874,small_vehicle,7,219
1565571784561,large_vehicle,2,183
1575129350513,small_vehicle,2,57
1570908818029,large_vehicle,8,238
1583016940442,large_vehicle,7,18
1567456599129,small_vehicle,2,314
1574501830911,large_vehicle,3,41
1573788302255,small_vehicle,8,285
1583001188655,large_vehicle,2,353
1571470937313,large_vehicle,4,203
1578233431658,small_vehicle,0,43
1583764407656,large_vehicle,8,91
1570020176069,large_vehicle,3,317
1566911356049,large_vehicle,1,103
1576897850493,small_vehicle,10,38
1577509172365,small_vehicle,2,148
1576642003277,large_vehicle,4,48
1575971044517,small_vehicle,4,68
1573886939745,small_vehicle,4,332
1572601555094,small_vehicle,1,72
1568479367204,large_vehicle,7,304
1585169086557,large_vehicle,8,193
1578526009476,large_vehicle,5,148
1585976555127,small_vehicle,2,240
1568137534867,small_vehicle,6,47
1574565126696,small_vehicle,6,27
1568589909765,small_vehicle,7,87
1565030003061,small_vehicle,8,321
1570544558992,small_vehicle,1,12
1580161683767,large_vehicle,0,210
1567270418408,small_vehicle,3,130
1582061289174,large_vehicle,4,74
1572981368391,large_vehicle,2,238
1574158671753,large_vehicle,2,32
1570241733999,large_vehicle,4,187
1578522772271,large_vehicle,8,135
1567548897575,small_vehicle,5,75
1582361172798,large_vehicle,8,174
1565432270259,large_vehicle,10,294
1571783454435,small_vehicle,0,233
1573139283724,small_vehicle,8,10
1583807066832,large_vehicle,1,182
1566838230408,large_vehicle,4,168
1568541755258,small_vehicle,7,77
1570452546430,large_vehicle,3,152
1575006170669,small_vehicle,5,105
1574952140783,large_vehicle,10,286
1582128172776,small_vehicle,9,343
1584958134471,large_vehicle,6,127
1574082512665,small_vehicle,10,134
1575084477655,small_vehicle,8,186
1576626293864,large_vehicle,8,190
1571346259784,small_vehicle,9,134
1580727257462,large_vehicle,4,207
1576402685978,large_vehicle,4,68
1569711944975,small_vehicle,4,23
1573611076860,small_vehicle,3,9
1578858565895,small_vehicle,7,103
1579875603196,small_vehicle,3,81
1585364643664,small_vehicle,0,233
1586186928177,large_vehicle,6,15
1581538645341,large_vehicle,3,83
1574392205333,small_vehicle,7,151
1576851187884,large_vehicle,8,59
1568322243508,small_vehicle,5,269
1574018488598,small_vehicle,8,251
1583593616999,small_vehicle,3,280
1565231735480,small_vehicle,1,27
1577131326190,small_vehicle,8,102
1584828686553,large_vehicle,8,164
1583386216971,small_vehicle,8,341
1575584420163,small_vehicle,10,157
1584157976007,large_vehicle,0,19
1571888159971,large_vehicle,4,51
1573879736328,small_vehicle,10,23
1574190609669,small_vehicle,3,283
1580907752276,large_vehicle,7,177
1585314732962,large_vehicle,10,120
1584475685186,large_vehicle,5,293
1573284706561,large_vehicle,7,334
1570460881290,small_vehicle,1,163
1578926141617,large_vehicle,5,113
1565248973716,large_vehicle,1,327
1575646678314,small_vehicle,3,31
1567996371608,small_vehicle,1,124
1567637755744,small_vehicle,7,332
1573683749912,large_vehicle,0,347
1582821145849,small_vehicle,5,148
1576504099668,large_vehicle,3,280
1574880957159,small_vehicle,10,190
1569532931510,small_vehicle,2,17
1568166083669,small_vehicle,8,31
1578214298554,large_vehicle,8,8
1577655944108,small_vehicle,5,96
1579351936027,small_vehicle,7,55
1573574182946,large_vehicle,2,166
1574300569887,small_vehicle,2,273
1573924048980,small_vehicle,6,152
1584363055763,small_vehicle,6,295
1572176072993,large_vehicle,2,35
1586347034559,small_vehicle,3,85
1585694494241,small_vehicle,6,2
1581314755306,large_vehicle,6,125
1578988432244,small_vehicle,8,67
1566563728576,small_vehicle,5,342
1585415526603,small_vehicle,6,4
1580100752558,large_vehicle,5,309
1565922194515,small_vehicle,10,192
1586690110542,large_vehicle,6,132
1585103467634,small_vehicle,5,182
1576060701353,large_vehicle,4,323
1566155695668,small_vehicle,1,89
1585599838688,large_vehicle,8,131
1584719475262,large_vehicle,2,136
1573023940210,small_vehicle,7,105
1569247239285,small_vehicle,1,94
1572254914563,large_vehicle,7,65
1576412781135,small_vehicle,5,237
1569046626618,small_vehicle,8,114
1567546025790,large_vehicle,3,342
1564665696541,large_vehicle,4,229
1582255348815,small_vehicle,2,162
1567150680578,large_vehicle,3,268
1585177632052,small_vehicle,8,327
1580460051154,large_vehicle,9,127
1572211884542,large_vehicle,5,113
1576310674128,large_vehicle,5,160
1568029179073,small_vehicle,0,68
1579593638906,large_vehicle,3,251
1569258119642,small_vehicle,5,33
1573664722796,large_vehicle,4,161
1582698728897,large_vehicle,8,129
1585643553513,large_vehicle,2,112
1584211660686,small_vehicle,10,196
1572498586755,small_vehicle,5,106
1571088387215,small_vehicle,2,241
1565502308542,small_vehicle,4,290
1574379542879,small_vehicle,7,135
1574418441659,large_vehicle,3,42
1575109092335,small_vehicle,10,161
1580398801482,small_vehicle,10,218
1577600056706,large_vehicle,7,339
1570789809940,large_vehicle,9,169
1584385481061,small_vehicle,9,114
1584265642536,large_vehicle,2,355
1570152424528,small_vehicle,1,275
1566707988998,small_vehicle,6,9
1574812308561,small_vehicle,6,109
1577233514228,small_vehicle,2,195
1573190578196,small_vehicle,3,279
1573521110696,small_vehicle,6,57
1586460343280,small_vehicle,9,30
1572013713598,small_vehicle,4,67
1578076825403,large_vehicle,10,295
1583637080486,large_vehicle,5,307
1574572747278,large_vehicle,1,104
1577088393406,large_vehicle,2,5
1581003892036,large_vehicle,4,328
1585888363877,large_vehicle,2,34
1570063878056,small_vehicle,4,85
1582617790239,small_vehicle,9,1
1574197956132,large_vehicle,6,126
1583507233146,small_vehicle,4,184
1586274425841,small_vehicle,3,116
1575925882910,small_vehicle,1,135
1584796752704,small_vehicle,7,7
1585966698419,small_vehicle,9,5
1573173990516,large_vehicle,4,267
1581101274381,large_vehicle,3,13
1582432922677,large_vehicle,1,179
1570566472069,small_vehicle,1,14
1565617610478,small_vehicle,1,305
1565199596205,small_vehicle,2,119
1580622627192,small_vehicle,8,255
1568593828949,small_vehicle,5,238
1577808661215,large_vehicle,3,272
1582221360742,large_vehicle,6,55
1572251193376,large_vehicle,10,196
1575096346748,small_vehicle,0,323
1566390665095,small_vehicle,1,356
1565665815308,small_vehicle,3,197
1583089127404,large_vehicle,3,213
1570481025724,small_vehicle,9,195
1572549509435,small_vehicle,9,160
1578186420133,large_vehicle,9,289
1572108703849,small_vehicle,0,172
1575940717635,small_vehicle,0,79
1572460247148,small_vehicle,5,41
1581238570155,small_vehicle,10,11
1569562061849,small_vehicle,1,151
1567994138353,small_vehicle,9,206
1568317561092,small_vehicle,9,265
1567874248618,large_vehicle,3,179
1575763896835,large_vehicle,5,190
1576682448605,small_vehicle,0,6
1572427649206,small_vehicle,9,229
1576099066565,small_vehicle,5,335
1569058288372,large_vehicle,1,22
1582061329758,small_vehicle,1,96
1570052008607,large_vehicle,1,141
1579496275826,small_vehicle,3,62
1569968172657,large_vehicle,4,137
1572974178386,small_vehicle,0,209
1579468836480,small_vehicle,4,209
1581239041722,small_vehicle,4,119
1579379521973,small_vehicle,4,179
1566401448101,small_vehicle,2,12
1570549583576,small_vehicle,7,330
1576575240420,small_vehicle,7,150
1577602210460,large_vehicle,7,131
1570223190899,small_vehicle,0,44
1577342196816,large_vehicle,9,42
1575776128594,large_vehicle,10,329
1577366689310,large_vehicle,3,271
1574573441416,small_vehicle,10,131
1585610590572,large_vehicle,1,57
1567361132727,small_vehicle,10,336
1573686731559,large_vehicle,7,64
1569673569856,small_vehicle,6,84
1570992878792,large_vehicle,6,234
1578951624046,large_vehicle,4,240
1572810866077,large_vehicle,0,342
1585683946275,large_vehicle,5,54
1566766827180,large_vehicle,0,125
1565093609361,large_vehicle,5,52
1579502602879,small_vehicle,8,106
1586164598360,small_vehicle,2,246
1574743000434,large_vehicle,1,310
1585359634256,small_vehicle,1,339
1575969105085,small_vehicle,7,141
1584351990126,large_vehicle,1,116
1585528754920,small_vehicle,6,298
1577005572369,large_vehicle,4,223
1568615255684,large_vehicle,0,336
1584072698366,large_vehicle,5,338
1572844642676,large_vehicle,4,345
1566397848689,large_vehicle,4,105
1579122438583,large_vehicle,6,352
1583831248492,small_vehicle,2,32
1579376360213,large_vehicle,6,240
1583967802732,small_vehicle,10,253
1585696711132,small_vehicle,0,306
1580868241805,large_vehicle,1,278
1578680671692,large_vehicle,1,234
1578909526227,small_vehicle,10,77
1571188923427,large_vehicle,7,21
1583549436482,small_vehicle,2,178
1567816408062,large_vehicle,6,79
1567036398925,small_vehicle,3,333
1567257316452,large_vehicle,6,256
1581553241319,large_vehicle,5,268
1565342563585,small_vehicle,10,100
1571633091287,large_vehicle,0,61
1565395935457,large_vehicle,1,115
1576615825377,small_vehicle,7,161
1571850263825,large_vehicle,3,184
1578439449439,small_vehicle,9,218
1579145253098,small_vehicle,5,59
1585878112444,large_vehicle,2,296
1574847834688,large_vehicle,2,168
1586628936203,small_vehicle,2,117
1575312042524,large_vehicle,2,357
1566733925297,small_vehicle,3,192
1585172230404,small_vehicle,5,116
1585054881980,large_vehicle,2,66
1584655084228,small_vehicle,8,356
1572329372224,large_vehicle,5,48
1568267340077,small_vehicle,1,253
1572363587336,small_vehicle,5,322
1580477600019,small_vehicle,10,355
1575356365535,small_vehicle,1,174
1583253749056,large_vehicle,7,107
1573229617929,large_vehicle,8,180
1585414419971,large_vehicle,2,106
1566080894819,small_vehicle,5,116
1565579356635,small_vehicle,9,54
1583821314280,large_vehicle,10,78
1577005303501,small_vehicle,1,58
1576005048589,small_vehicle,9,0
1567142013839,small_vehicle,4,230
1575733595241,large_vehicle,1,247
1581826237014,large_vehicle,2,289
1574714417099,large_vehicle,6,218
1574741745023,small_vehicle,0,283
1574663024917,small_vehicle,2,205
1581961243884,small_vehicle,8,189
1584951672335,small_vehicle,0,10
1566413781215,large_vehicle,8,161
1565269956933,large_vehicle,0,93
1565860815102,small_vehicle,6,237
1582567191122,large_vehicle,4,150
1565937303243,large_vehicle,1,146
1574758870888,small_vehicle,5,351
1570787989591,small_vehicle,6,284
1570949974804,small_vehicle,3,109
1572335689395,large_vehicle,3,341
1565312476396,large_vehicle,7,229
1570537931704,small_vehicle,1,155
1577002378805,small_vehicle,3,264
1576109341186,small_vehicle,10,45
1576952664513,small_vehicle,1,348
1573282410743,small_vehicle,10,302
1571434205107,small_vehicle,2,261
1576362451036,large_vehicle,9,34
1579081500042,small_vehicle,0,152
1580488565870,small_vehicle,10,30
1583233428243,large_vehicle,3,78
1575835133765,large_vehicle,4,73
1568256980086,large_vehicle,8,89
1569258344487,small_vehicle,9,260
1569799664349,small_vehicle,6,210
1570519598243,small_vehicle,0,13
1586140130507,large_vehicle,10,282
1577382972690,small_vehicle,8,58
1576677576286,small_vehicle,2,156
1573330973790,small_vehicle,7,171
1568962565907,large_vehicle,6,188
1568579406279,small_vehicle,1,226
1581996761749,small_vehicle,5,357
1574159314381,small_vehicle,0,284
1574731395879,small_vehicle,2,242
1568681899256,small_vehicle,6,313
1580716931760,large_vehicle,0,181
1569460476160,small_vehicle,7,248
1573080013710,small_vehicle,9,331
1565066713391,small_vehicle,4,151
1570383478177,small_vehicle,6,204
1565508054384,large_vehicle,6,140
1584444218686,large_vehicle,8,341
1570336079689,small_vehicle,5,98
1586290322643,large_vehicle,10,327
1570456728595,large_vehicle,3,71
1570818042260,large_vehicle,5,334
1578940218673,small_vehicle,2,226
1581843183116,small_vehicle,7,22
1566881178099,small_vehicle,8,130
1586658513189,small_vehicle,7,331
1576846821697,small_vehicle,9,230
1579260268596,large_vehicle,1,191
1577644530734,small_vehicle,6,196
1581258301319,large_vehicle,4,67
1568753355795,large_vehicle,10,318
1579923476536,large_vehicle,10,259
1569142843824,large_vehicle,7,25
1582688882487,small_vehicle,1,109
1576238765537,large_vehicle,6,263
1567679846284,large_vehicle,3,3
1581983434806,small_vehicle,5,335
1569581961287,small_vehicle,2,91
1585289745702,small_vehicle,2,328
1567899326360,small_vehicle,3,256
1586129167090,large_vehicle,6,75
1566135333059,small_vehicle,5,7
1571193820811,small_vehicle,3,273
1572128427749,large_vehicle,10,101
1575169599495,small_vehicle,0,194
1579323886804,small_vehicle,0,255
1580588375541,large_vehicle,0,346
1575510994852,small_vehicle,9,238
1567830685617,large_vehicle,1,177
1567824310413,large_vehicle,0,7
1583626966504,large_vehicle,8,100
1568038287066,small_vehicle,3,77
1579610400582,large_vehicle,9,321
1566412191341,large_vehicle,10,138
1570666709754,small_vehicle,4,84
1580821022517,large_vehicle,7,277
1579427352911,small_vehicle,6,338
1565839916521,large_vehicle,4,85
1575045525788,large_vehicle,2,98
1565707774158,small_vehicle,6,5
1576017023154,large_vehicle,9,168
1568292241324,small_vehicle,10,358
1576102476904,small_vehicle,1,192
1582749290329,small_vehicle,10,330
1581426535113,large_vehicle,10,18
1567259395307,small_vehicle,9,324
1582417670856,small_vehicle,4,198
1573641555297,small_vehicle,0,246
1575659964017,small_vehicle,7,84
1570192189318,small_vehicle,4,205
1573155643772,large_vehicle,2,269
1568793614625,small_vehicle,9,190
1574677059465,large_vehicle,7,124
1577874739881,small_vehicle,0,274
1567603560935,large_vehicle,3,194
1585097978661,large_vehicle,9,49
1569573397889,small_vehicle,9,130
1582064851561,small_vehicle,6,49
1579145315682,large_vehicle,1,350
1571165993109,large_vehicle,2,83
1565701189814,large_vehicle,2,85
1574934212655,large_vehicle,0,294
1586054706123,large_vehicle,6,11
1566435421126,large_vehicle,2,257
1583735905405,small_vehicle,2,56
1579546014062,small_vehicle,10,342
1584831960087,large_vehicle,1,279
1574740888006,small_vehicle,2,121
1578746416964,small_vehicle,3,312
1584858821600,large_vehicle,6,311
1565437440747,small_vehicle,0,217
1570363117292,large_vehicle,4,275
1578713166685,small_vehicle,8,289
1573047200522,small_vehicle,0,34
1568539943250,small_vehicle,5,129
1582086124661,small_vehicle,8,19
1582040582803,small_vehicle,6,253
1567072860011,large_vehicle,2,316
1576855321506,large_vehicle,1,358
1567999592762,large_vehicle,4,195
1572996867565,small_vehicle,5,94
1572456216247,small_vehicle,9,258
1571138122579,large_vehicle,6,295
1583279530151,small_vehicle,0,174
1568897677993,large_vehicle,2,42
1571192886140,large_vehicle,4,94
1576637489435,small_vehicle,8,128
1575665743693,small_vehicle,1,238
1579846842977,large_vehicle,9,74
1583716997667,small_vehicle,10,140
1574940871872,large_vehicle,7,29
1565371969410,large_vehicle,6,89
1578092430895,large_vehicle,10,187
1579883194848,large_vehicle,4,55
1576871205664,small_vehicle,7,28
1582099302508,small_vehicle,6,56
1568350032446,small_vehicle,0,232
1585515826672,large_vehicle,2,198
1571911448170,small_vehicle,7,313
1567016884232,large_vehicle,9,118
1584902179772,small_vehicle,1,92
1574905029335,small_vehicle,1,284
1581659522829,large_vehicle,2,249
1565815478132,small_vehicle,0,150
1575566378816,small_vehicle,5,51
1579079637123,small_vehicle,10,32
1569630612743,large_vehicle,6,332
1572357160626,small_vehicle,2,343
1575835843179,large_vehicle,10,225
1570707024604,large_vehicle,7,173
1582632427904,small_vehicle,9,264
1578544197593,large_vehicle,9,339
1578260817290,large_vehicle,8,22
1565823702189,small_vehicle,10,315
1572774736917,large_vehicle,6,155
1576061625591,large_vehicle,5,132
1567465907396,small_vehicle,5,164
1585620588194,large_vehicle,1,106
1569289578396,large_vehicle,4,102
1586048103607,large_vehicle,2,63
1569188609739,large_vehicle,9,311
1577885011560,large_vehicle,10,135
1576013400257,small_vehicle,9,349
1575496500665,large_vehicle,8,31
1567402021893,small_vehicle,10,159
1577351649409,large_vehicle,1,190
1568790662657,large_vehicle,5,117
1572993742582,small_vehicle,7,62
1574890265419,small_vehicle,7,42
1585424580767,large_vehicle,8,216
1573640599872,small_vehicle,3,355
1579558826018,small_vehicle,2,340
1582983860230,small_vehicle,2,35
1584598382707,small_vehicle,4,103
1584117459790,small_vehicle,2,250
1565824244693,small_vehicle,9,257
1582600366083,small_vehicle,1,105
1584279874762,small_vehicle,3,16
1566694964301,large_vehicle,6,357
1574445304736,small_vehicle,0,188
1577386056990,small_vehicle,2,156
1572326850054,small_vehicle,5,140
1577015851796,large_vehicle,7,127
1586231209026,small_vehicle,4,346
1578285482314,small_vehicle,3,266
1576283066640,large_vehicle,8,303
1570147705652,large_vehicle,8,193
1565010168067,large_vehicle,0,54
1573370148279,small_vehicle,6,259
1574668048442,large_vehicle,10,349
1586662755486,small_vehicle,6,318
1584493399585,small_vehicle,7,333
1584269845699,large_vehicle,6,5
1586052593280,large_vehicle,9,259
1565524300202,large_vehicle,4,41
1567696731954,small_vehicle,1,250
1567859961547,large_vehicle,3,213
1569435150029,large_vehicle,3,119
1584305004982,large_vehicle,8,257
1570761936125,small_vehicle,5,197
1577452292897,large_vehicle,10,160
1577687665757,large_vehicle,0,288
1567415021795,large_vehicle,10,226
1580185670852,small_vehicle,6,154
1574882325312,large_vehicle,8,85
1567507636818,large_vehicle,3,357
1575875925434,large_vehicle,9,278
1580721763614,small_vehicle,10,7
1574502919239,large_vehicle,2,39
1579372208600,small_vehicle,10,215
1580572066696,large_vehicle,3,85
1570885259263,small_vehicle,10,167
1578367657824,small_vehicle,1,6
1585891179756,small_vehicle,10,328
1573223635618,small_vehicle,8,49
1585425413320,small_vehicle,5,226
1582222253721,large_vehicle,3,19
1577612977084,large_vehicle,4,8
1567660646155,large_vehicle,7,192
1567027684657,large_vehicle,10,100
1568414039931,large_vehicle,9,73
1574128777865,small_vehicle,2,181
1579088501911,small_vehicle,0,101
1566739521764,small_vehicle,2,105
1578012777018,large_vehicle,1,268
1574616868930,large_vehicle,6,318
1568931636310,small_vehicle,1,128
1578929762805,small_vehicle,3,268
1571744798559,small_vehicle,4,218
1565325565528,large_vehicle,1,6
1575576218349,small_vehicle,3,294
1567896712387,large_vehicle,3,182
1586455991684,large_vehicle,9,60
1574687239884,small_vehicle,10,155
1567339131580,small_vehicle,0,204
1578972661038,small_vehicle,9,135
1579531698072,small_vehicle,7,79
1580495690267,small_vehicle,5,12
1582213084813,large_vehicle,10,241
1574579043600,large_vehicle,4,300
1577479851293,large_vehicle,9,70
1565878989433,large_vehicle,7,149
1578532161465,large_vehicle,1,235
1569061846868,small_vehicle,5,50
1580730350261,small_vehicle,4,193
1565383987977,small_vehicle,9,257
1581608048570,large_vehicle,10,133
1576039873699,large_vehicle,5,124
1572705014766,small_vehicle,1,8
1585559973680,small_vehicle,1,137
1564789041015,large_vehicle,0,279
1576697123891,small_vehicle,8,280
1569776587227,small_vehicle,10,252
1579065449490,small_vehicle,3,17
1571094250068,small_vehicle,8,219
1579162193840,large_vehicle,3,141
1575566549513,small_vehicle,7,279
1584236554547,large_vehicle,3,138
1566048370499,large_vehicle,2,51
1585547057933,large_vehicle,10,199
1578772972128,large_vehicle,10,303
1566000463871,small_vehicle,8,291
1585135766313,large_vehicle,10,346
1565222857211,small_vehicle,5,109
1578785700466,small_vehicle,1,324
1579642174859,small_vehicle,5,289
1565352674173,small_vehicle,4,177
1581777395232,large_vehicle,10,78
1573819295827,small_vehicle,7,44
1568221841052,small_vehicle,3,271
1586571364383,small_vehicle,4,296
1576396751020,large_vehicle,5,270
1580950786753,small_vehicle,10,19
1576168775028,large_vehicle,5,74
1571083857904,large_vehicle,2,307
1574591218227,large_vehicle,0,58
1566531427616,large_vehicle,7,212
1586658856455,small_vehicle,3,109
1580169421263,large_vehicle,2,358
1581124965372,large_vehicle,0,189
1586611517170,small_vehicle,0,79
1582034093642,large_vehicle,6,128
1568963768795,large_vehicle,2,7
1579082959622,small_vehicle,1,202
1565635924689,large_vehicle,2,161
1573945574612,large_vehicle,4,319
1567354809209,small_vehicle,0,226
1571491669014,small_vehicle,7,71
1577238891445,small_vehicle,9,194
1583520027530,small_vehicle,8,350
1584878962976,large_vehicle,4,43
1576786271498,large_vehicle,2,342
1576676122759,large_vehicle,0,224
1583789333155,small_vehicle,3,198
1583107003479,small_vehicle,4,199
1582283951980,small_vehicle,5,265
1583880277853,large_vehicle,0,19
1565573796027,small_vehicle,6,339
1574304254809,large_vehicle,7,153
1579320794474,large_vehicle,3,210
1568750343064,large_vehicle,8,96
1572022930618,small_vehicle,5,360
1573045375830,large_vehicle,6,98
1565852605605,small_vehicle,10,341
1585139527862,small_vehicle,8,96
1576639236240,large_vehicle,2,246
1571906178720,small_vehicle,8,155
1579956281734,small_vehicle,0,296
1565490666486,large_vehicle,0,125
1576576679940,large_vehicle,7,162
1580622673444,large_vehicle,8,96
1580764676734,large_vehicle,3,182
1581776478163,small_vehicle,8,14
1575720353294,large_vehicle,1,266
1570326695216,large_vehicle,2,55
1583026233331,small_vehicle,10,55
1576126993278,small_vehicle,4,12
1565155778143,small_vehicle,10,73
1577955034397,small_vehicle,3,63
1577198261904,large_vehicle,7,316
1576450756084,small_vehicle,6,58
1582468670869,large_vehicle,0,258
1577002273191,small_vehicle,3,275
1577161636701,small_vehicle,7,231
1586128879468,small_vehicle,3,71
1579044742630,small_vehicle,5,241
1579708266756,large_vehicle,9,275
1582153823707,small_vehicle,6,325
1567150897096,small_vehicle,3,80
1571141565665,large_vehicle,2,270
1579591641850,large_vehicle,10,359
1583356104753,small_vehicle,6,200
1567586510223,small_vehicle,7,85
1573717657681,large_vehicle,7,51
1571534609744,small_vehicle,9,196
1570559301547,large_vehicle,7,103
1585468710176,large_vehicle,6,296
1569160520680,large_vehicle,6,278
1578451852439,large_vehicle,3,247
1567050051376,large_vehicle,5,199
1577627416529,small_vehicle,7,107
1570458997987,large_vehicle,7,336
1573353620056,large_vehicle,10,343
1582331979186,large_vehicle,4,300
1574544915055,small_vehicle,2,186
1578211509109,small_vehicle,10,88
1583229607153,small_vehicle,7,338
1580106628518,large_vehicle,5,331
1579480723992,small_vehicle,5,318
1574599324670,small_vehicle,1,80
1571756946065,small_vehicle,9,233
1566116580807,small_vehicle,1,153
1577536900392,small_vehicle,7,39
1566217523490,large_vehicle,3,157
1577189743771,small_vehicle,6,240
1584675893181,large_vehicle,4,76
1586160962214,large_vehicle,5,207
1581800963713,large_vehicle,6,162
1577276711130,large_vehicle,0,66
1583599161476,large_vehicle,5,174
1581907864570,large_vehicle,5,84
1565165477601,small_vehicle,1,315
1576243790369,large_vehicle,8,149
1585348496248,small_vehicle,9,6
1565682220842,large_vehicle,7,71
1577646273392,small_vehicle,7,271
1584336478435,large_vehicle,9,229
1582616100276,large_vehicle,10,152
1576226101497,large_vehicle,3,141
1565284231892,small_vehicle,8,144
1572303124042,small_vehicle,5,282
1582809150998,small_vehicle,7,137
1577733443090,small_vehicle,3,144
1582286153294,small_vehicle,4,318
1578518834700,small_vehicle,5,262
1565429950006,large_vehicle,4,185
1573446631014,small_vehicle,6,190
1578669219249,small_vehicle,2,54
1573108880372,small_vehicle,8,174
1570544684840,small_vehicle,2,110
1585299972699,large_vehicle,0,99
1579334892738,small_vehicle,4,275
1580272269631,small_vehicle,4,345
1567819020569,small_vehicle,3,345
1579861282492,large_vehicle,8,89
1571739524004,large_vehicle,0,138
1582929141019,large_vehicle,2,285
1570207236532,large_vehicle,9,261
1574066223784,large_vehicle,6,348
1578424316286,small_vehicle,7,36
1574331147155,large_vehicle,1,126
1584930869312,large_vehicle,5,4
1578958516218,small_vehicle,1,218
1564912491781,large_vehicle,1,321
1575313162775,small_vehicle,10,281
1578217392908,large_vehicle,2,66
1570857204356,small_vehicle,6,62
1570363945705,large_vehicle,3,7
1575064923976,large_vehicle,7,96
1577601253772,small_vehicle,8,106
1572625664094,large_vehicle,2,310
1585764013471,small_vehicle,1,302
1582491542049,large_vehicle,9,4
1571274540774,large_vehicle,9,351
1579511172859,small_vehicle,6,48
1583193731251,small_vehicle,5,257
1566753334027,small_vehicle,6,121
1575070541263,large_vehicle,3,303
1565687004181,small_vehicle,4,129
1572667276191,small_vehicle,2,155
1581522191048,small_vehicle,1,39
1582151605084,small_vehicle,10,356
1567041084444,small_vehicle,4,17
1580956856136,small_vehicle,6,132
1586069094598,large_vehicle,9,191
1569025872099,small_vehicle,0,109
1570002079601,large_vehicle,7,330
1584664727512,large_vehicle,5,69
1567430989173,large_vehicle,9,281
1565879480408,small_vehicle,8,208
1581747273779,small_vehicle,0,109
1569920668334,small_vehicle,0,315
1566047734745,large_vehicle,10,50
1581717379464,large_vehicle,7,345
1573173912879,small_vehicle,10,198
1579294539433,large_vehicle,8,147
1586070556844,small_vehicle,7,205
1576438113220,large_vehicle,1,353
1565784814912,large_vehicle,4,327
1580121347173,small_vehicle,1,223
1565392734412,small_vehicle,1,78
1578264859554,large_vehicle,4,287
1581123878892,small_vehicle,6,77
1579364599613,large_vehicle,7,21
1581184054685,large_vehicle,6,102
1577884136931,small_vehicle,7,196
1571873844137,large_vehicle,0,347
1576741600770,small_vehicle,1,10
1570429632668,large_vehicle,0,315
1584337901708,large_vehicle,7,132
1566152786122,large_vehicle,9,146
1582794676768,large_vehicle,1,238
1580827001105,large_vehicle,10,324
1586582112683,large_vehicle,5,247
1583358263399,large_vehicle,7,270
1571458022529,small_vehicle,7,350
1580254666004,large_vehicle,1,191
1577951197308,large_vehicle,1,359
1573180075188,large_vehicle,9,304
1581789837202,small_vehicle,9,310
1585409457316,large_vehicle,0,247
1578383103155,small_vehicle,9,276
1565328364492,large_vehicle,10,134
1585645524646,small_vehicle,8,243
1574684637457,large_vehicle,10,177
1584643615353,large_vehicle,10,71
1574179138632,small_vehicle,10,336
1574568814504,large_vehicle,7,4
1572462797912,small_vehicle,9,358
1565664023092,large_vehicle,0,315
1579540167996,large_vehicle,5,164
1581581845919,small_vehicle,7,308
1577144912363,large_vehicle,10,7
1583309898988,large_vehicle,5,262
1576043390989,small_vehicle,4,175
1571854658684,small_vehicle,6,53
1570829054043,small_vehicle,10,318
1571409641404,small_vehicle,10,82
1575700659309,large_vehicle,5,51
1585040093768,small_vehicle,5,316
1572563346787,small_vehicle,8,154
1568126964053,large_vehicle,8,220
1571446147179,small_vehicle,5,355
1578637118965,large_vehicle,2,237
1569155787034,large_vehicle,7,0
1570175927517,small_vehicle,5,207
1585626066016,small_vehicle,0,332
1579280809437,large_vehicle,3,311
1582458478686,large_vehicle,7,116
1586051132395,large_vehicle,5,197
1582288732327,large_vehicle,7,200
1576357366385,large_vehicle,8,353
1579220710930,small_vehicle,2,138
1570517087723,large_vehicle,8,9
1571772726017,large_vehicle,1,308
1567411096201,small_vehicle,5,3
1578546100837,small_vehicle,1,261
1570953312224,small_vehicle,0,129
1573408227793,small_vehicle,3,134
1585387131387,small_vehicle,5,326
1585725210754,small_vehicle,5,216
1574037341376,small_vehicle,3,220
1582397798502,large_vehicle,1,273
1583851054716,large_vehicle,3,9
1572803029365,small_vehicle,3,268
1570260387075,small_vehicle,8,283
1571949026027,small_vehicle,10,189
1580018475699,large_vehicle,9,144
1578800836479,small_vehicle,2,349
1571250119824,large_vehicle,7,128
1566393016318,small_vehicle,1,169
1565000209937,small_vehicle,10,241
1585977091931,large_vehicle,10,334
1576923703007,large_vehicle,2,133
1566075141171,small_vehicle,6,290
1567879050566,small_vehicle,5,177
1583975633689,large_vehicle,2,196
1586282249876,small_vehicle,8,101
1572211763404,small_vehicle,8,56
1579963366228,small_vehicle,4,178
1585185318461,large_vehicle,9,50
1575352467027,small_vehicle,3,40
1575686544692,small_vehicle,6,358
1585516449393,small_vehicle,9,184
1574866235953,small_vehicle,3,337
1580248128410,large_vehicle,5,268
1573155730495,small_vehicle,4,76
1584304722476,small_vehicle,6,253
1564659167927,large_vehicle,1,71
1571222738229,small_vehicle,7,107
1565757904474,large_vehicle,9,128
1578443163485,large_vehicle,2,301
1577776352523,small_vehicle,1,92
1564713993702,small_vehicle,2,36
1577701824520,small_vehicle,6,201
1578473016174,small_vehicle,1,117
1574373117619,large_vehicle,5,57
1572058114072,small_vehicle,0,102
1578642169098,large_vehicle,1,205
1579000280434,large_vehicle,3,103
1574102162392,large_vehicle,0,186
1572850859192,large_vehicle,0,155
1568329795272,large_vehicle,6,253
1570219606514,small_vehicle,4,292
1581683503502,large_vehicle,10,293
1565777221229,small_vehicle,5,288
1568661218424,small_vehicle,0,339
1571676947156,small_vehicle,0,114
1573984782581,large_vehicle,9,204
1570271650882,large_vehicle,8,214
1570584696073,large_vehicle,8,257
1585844146204,large_vehicle,9,211
1579033715606,small_vehicle,6,207
1583362713518,large_vehicle,1,148
1576867004859,small_vehicle,3,71
1572041365555,large_vehicle,8,148
1582503646500,large_vehicle,7,310
1569280711963,small_vehicle,6,314
1584522108031,large_vehicle,10,353
1576017796964,small_vehicle,8,11
1571510540897,small_vehicle,8,79
1581246983425,large_vehicle,3,203
1570824747265,large_vehicle,8,289
1582115506712,large_vehicle,10,106
1572507851318,large_vehicle,9,319
1566931828722,small_vehicle,3,67
1572546698222,small_vehicle,4,225
1584760455479,large_vehicle,3,53
1570141567718,large_vehicle,0,5
1585850402449,large_vehicle,7,232
1574232451296,large_vehicle,7,110
1569185615788,large_vehicle,10,33
1567507344348,large_vehicle,9,193
1568005783532,small_vehicle,2,63
1577716453054,small_vehicle,9,338
1574551839581,large_vehicle,3,28
1566969025075,large_vehicle,10,275
1582758929356,large_vehicle,6,229
1576292327015,large_vehicle,9,30
1572786327147,small_vehicle,3,1
1576034550953,large_vehicle,5,234
1586585526734,large_vehicle,8,228
1574429808334,large_vehicle,4,16
1576281048270,large_vehicle,2,299
1582056580700,small_vehicle,5,168
1584988848239,small_vehicle,0,85
1576568955486,large_vehicle,10,299
1569171532383,small_vehicle,8,193
1569348389722,large_vehicle,0,116
1567180513989,large_vehicle,4,23
1574465084022,small_vehicle,2,259
1585434678325,small_vehicle,9,195
1576552782778,large_vehicle,7,170
1566526042760,large_vehicle,3,224
1581351257597,large_vehicle,10,59
1572437393664,small_vehicle,0,81
1578382791835,small_vehicle,9,214
1582382233103,small_vehicle,1,96
1577574295954,small_vehicle,9,151
1575877337373,large_vehicle,10,74
1578838415317,small_vehicle,2,227
1586014031941,small_vehicle,4,29
1569917355055,small_vehicle,7,191
1572943222122,small_vehicle,1,217
1577898399988,small_vehicle,4,112
1566497263003,large_vehicle,7,127
1566929786081,large_vehicle,1,24
1575691197112,small_vehicle,5,108
1574561807717,small_vehicle,0,144
1582965304217,large_vehicle,1,116
1570364749315,large_vehicle,7,360
1569962671783,large_vehicle,5,12
1576029935626,small_vehicle,1,18
1582106779431,small_vehicle,6,349
1569774883260,small_vehicle,10,225
1567514675172,small_vehicle,1,21
1571237009456,small_vehicle,2,270
1572495785729,large_vehicle,7,23
1572235224842,large_vehicle,9,151
1573325585382,large_vehicle,8,25
1584616055030,large_vehicle,6,283
1570139966663,small_vehicle,0,19
1570038537615,small_vehicle,0,114
1581543085981,large_vehicle,7,77
1572790145021,small_vehicle,8,203
1573691279974,large_vehicle,6,44
1575301646493,small_vehicle,8,122
1570797056540,small_vehicle,3,122
1579048478563,large_vehicle,2,345
1566094794814,small_vehicle,9,266
1567181662997,large_vehicle,10,195
1579100727671,small_vehicle,9,109
1580631271543,small_vehicle,6,108
1569974369470,small_vehicle,5,103
1579506465224,small_vehicle,2,289
1565458656399,small_vehicle,5,106
1580925542816,small_vehicle,2,220
1576629509307,small_vehicle,0,182
1566465624378,small_vehicle,5,210
1565631274973,large_vehicle,10,335
1577380957266,large_vehicle,5,90
1567107445991,large_vehicle,9,201
1575185121272,large_vehicle,0,314
1565010183924,large_vehicle,10,55
1576883669608,large_vehicle,6,303
1572839969795,small_vehicle,8,72
1581558761161,small_vehicle,0,143
1576397277454,small_vehicle,5,340
1573209455639,large_vehicle,6,51
1579318473619,small_vehicle,2,203
1564748981947,large_vehicle,4,85
1570829205164,large_vehicle,6,122
1565255954478,large_vehicle,2,135
1580993454708,small_vehicle,1,342
