1581201917998,large_vehicle,2,190
1574616416166,large_vehicle,4,110
1579747322640,large_vehicle,6,194
1584283657068,large_vehicle,7,297
1572106697424,large_vehicle,5,39
1584065966484,small_vehicle,6,59
1585952973631,small_vehicle,0,154
1572868029809,small_vehicle,7,229
1585504370216,small_vehicle,9,300
1567912721096,small_vehicle,1,19
1575634707318,small_vehicle,5,126
1570505084683,large_vehicle,6,254
1585726564712,large_vehicle,8,238
1573725697403,large_vehicle,9,292
1574436818505,small_vehicle,10,38
1569581399598,large_vehicle,2,298
1571950820467,small_vehicle,5,331
1577467461447,small_vehicle,1,104
1572110731368,small_vehicle,3,232
1579329981569,small_vehicle,4,314
1583198766421,large_vehicle,10,8
1584984749199,small_vehicle,6,356
1574319605487,large_vehicle,7,259
1578851429917,small_vehicle,4,20
1571050058071,large_vehicle,4,151
1580966239390,large_vehicle,6,172
1579312753383,large_vehicle,5,309
1580129350360,large_vehicle,8,125
1578079513322,large_vehicle,5,334
1585787599730,large_vehicle,2,338
1576155427485,large_vehicle,5,184
1581408704818,large_vehicle,3,345
1567380488852,small_vehicle,0,181
1579240200733,large_vehicle,5,35
1574160974204,large_vehicle,2,288
1565901181653,large_vehicle,0,53
1581341110307,large_vehicle,5,29
1578907442534,large_vehicle,3,154
1577849935919,large_vehicle,6,136
1573183679217,large_vehicle,7,121
1566400701666,small_vehicle,4,335
1578898683097,small_vehicle,6,316
1576419765192,small_vehicle,8,120
1579275907088,small_vehicle,1,101
1579582044749,large_vehicle,9,360
1586388630029,small_vehicle,1,287
1578237761852,large_vehicle,0,46
1565770353010,small_vehicle,6,9
1576534638478,small_vehicle,1,264
1574388175548,small_vehicle,5,154
1566529160365,large_vehicle,3,51
1585016875738,small_vehicle,2,325
1579300900137,large_vehicle,2,284
1583166396013,small_vehicle,10,250
1578208825936,small_vehicle,5,311
1565816892429,small_vehicle,7,216
1577878995524,large_vehicle,6,287
1583938665620,large_vehicle,6,38
1564719455014,large_vehicle,5,96
1580705050711,small_vehicle,7,247
1565390369725,small_vehicle,7,65
1584072065593,small_vehicle,0,92
1568663061477,small_vehicle,5,59
1568167497718,small_vehicle,8,137
1567893457092,large_vehicle,4,126
1577970837537,large_vehicle,8,344
1584309437785,large_vehicle,8,182
1586567059626,large_vehicle,4,243
1569398235223,small_vehicle,10,137
1584717822139,small_vehicle,7,40
1576254264041,small_vehicle,0,229
1580843473229,small_vehicle,10,208
1583380731963,large_vehicle,2,246
1580095004023,small_vehicle,6,269
1576231429538,large_vehicle,7,161
1583093804650,large_vehicle,8,76
1578408086901,large_vehicle,2,310
1586101136768,small_vehicle,7,52
1567230807628,large_vehicle,4,16
1577746953927,large_vehicle,10,44
1577863024236,small_vehicle,9,299
1569718255511,large_vehicle,6,110
1577387254030,large_vehicle,3,64
1566021876770,small_vehicle,7,3
1565362853741,small_vehicle,6,87
1573461776566,large_vehicle,8,310
1577354430539,large_vehicle,1,250
1571563933659,large_vehicle,3,224
1566653327033,large_vehicle,9,265
1568770327647,small_vehicle,3,205
1569054674116,small_vehicle,4,302
1577035976910,small_vehicle,0,113
1578234510138,large_vehicle,10,294
1576167413599,small_vehicle,5,249
1571814884415,large_vehicle,6,321
1586108215610,large_vehicle,2,158
1569967773237,large_vehicle,9,64
1572503478754,large_vehicle,5,318
1567770059402,large_vehicle,3,185
1571394076852,large_vehicle,9,204
1575658947035,large_vehicle,2,270
1577164184483,small_vehicle,4,216
1567341674245,small_vehicle,8,163
1585499943899,small_vehicle,7,105
1583696370393,small_vehicle,7,108
1574638701396,large_vehicle,6,58
1572825964119,small_vehicle,3,125
1581271648601,small_vehicle,1,321
1577055985868,small_vehicle,0,64
1581892815550,large_vehicle,0,309
1585284625789,small_vehicle,5,348
1580566391287,large_vehicle,5,74
1578923025638,large_vehicle,8,122
1574272213655,large_vehicle,7,126
1582435183311,large_vehicle,7,68
1584203799689,small_vehicle,10,160
1569482357477,large_vehicle,3,239
1575795016248,large_vehicle,8,12
1565824526997,large_vehicle,3,147
1572762589630,small_vehicle,6,164
1586472363577,large_vehicle,5,176
1582500854549,large_vehicle,5,303
1585016535563,large_vehicle,2,205
1578067773754,small_vehicle,0,241
1583644065002,small_vehicle,6,73
1571714621406,small_vehicle,3,197
1572153121366,large_vehicle,7,179
1567586762953,small_vehicle,10,342
1586486028941,small_vehicle,9,3
1578363032154,large_vehicle,5,320
1579814674399,small_vehicle,2,260
1565728320057,large_vehicle,9,136
1582952283524,large_vehicle,1,215
1567785818485,small_vehicle,7,31
1565352943940,large_vehicle,6,211
1573058617641,small_vehicle,8,151
1575071621631,large_vehicle,5,236
1585444258303,small_vehicle,9,280
1583783502659,small_vehicle,8,69
1567299458504,small_vehicle,1,24
1571684774254,large_vehicle,0,246
1575679414100,small_vehicle,4,259
1583510607691,small_vehicle,2,296
1564808103383,small_vehicle,5,243
1568155438196,large_vehicle,10,10
1575488478382,large_vehicle,6,235
1573337344614,small_vehicle,8,97
1569423223850,small_vehicle,7,16
1582887867319,large_vehicle,0,333
1583889249499,small_vehicle,6,23
1578200327052,large_vehicle,10,303
1569229802976,small_vehicle,1,309
1581228252500,small_vehicle,3,308
1570474790871,small_vehicle,3,211
1573357130822,small_vehicle,4,228
1573536755569,small_vehicle,3,119
1584632325753,large_vehicle,6,354
1572156708961,large_vehicle,9,253
1584837884173,small_vehicle,3,52
1579604869379,small_vehicle,9,166
1581759275161,large_vehicle,4,173
1580739498690,small_vehicle,10,136
1569834394843,large_vehicle,5,292
1571309680691,small_vehicle,0,287
1575868919376,large_vehicle,7,148
1580291152711,small_vehicle,8,153
1567349669012,small_vehicle,8,239
1565015925497,large_vehicle,4,95
1578580183664,large_vehicle,10,43
1568146875828,small_vehicle,7,100
1567614371508,large_vehicle,8,126
1583293958383,small_vehicle,3,330
1578321922312,large_vehicle,6,86
1564977057363,small_vehicle,10,325
1576004448936,large_vehicle,8,195
1573899588276,small_vehicle,9,37
1566990189264,small_vehicle,1,42
1576004568076,small_vehicle,6,104
1579473841933,large_vehicle,0,123
1581823998555,small_vehicle,1,244
1584541384505,large_vehicle,8,126
1584475760451,large_vehicle,3,105
1577201238360,large_vehicle,3,17
1573643767689,large_vehicle,10,148
1580572734206,large_vehicle,2,100
1582092722801,small_vehicle,1,333
1585426111123,small_vehicle,7,35
1576664890100,small_vehicle,2,283
1579180742147,large_vehicle,5,144
1575756681556,small_vehicle,6,105
1585880093326,large_vehicle,5,313
1579461815045,large_vehicle,1,50
1581522800990,large_vehicle,5,309
1572396394758,large_vehicle,10,339
1575317083949,large_vehicle,1,105
1564678445902,small_vehicle,1,331
1572741006819,large_vehicle,8,160
1578902733869,small_vehicle,9,113
1577207714713,small_vehicle,9,149
1579238078597,large_vehicle,3,272
1569716856286,small_vehicle,9,182
1584422016270,small_vehicle,7,335
1570491595839,large_vehicle,3,4
1575090070523,large_vehicle,10,297
1577580587523,small_vehicle,4,282
1565881582428,large_vehicle,2,123
1571596761746,large_vehicle,1,150
1570805084744,large_vehicle,3,159
1566067411934,small_vehicle,3,318
1580755825777,small_vehicle,5,317
1578444102685,large_vehicle,9,223
1579141965108,small_vehicle,5,165
1580291401875,small_vehicle,10,22
1585145841717,small_vehicle,1,254
1567445498722,small_vehicle,10,107
1581696810974,large_vehicle,6,298
1576891047925,small_vehicle,2,194
1565895656329,small_vehicle,9,139
1586108372364,small_vehicle,0,84
1570498390246,large_vehicle,1,156
1573305686539,small_vehicle,6,206
1576603647600,small_vehicle,1,41
1583932720680,large_vehicle,3,89
1586311876103,small_vehicle,8,338
1577101879280,large_vehicle,4,262
1581385328187,small_vehicle,0,46
1574637555359,large_vehicle,8,139
1583736712559,large_vehicle,6,252
1581436979138,small_vehicle,0,131
1566741184765,large_vehicle,5,153
1584053014625,large_vehicle,4,221
1577545064436,small_vehicle,6,346
1585286337083,small_vehicle,1,308
1575442026929,small_vehicle,1,46
1576821467699,large_vehicle,10,326
1565995257870,large_vehicle,0,134
1585509585229,large_vehicle,5,248
1566481751720,small_vehicle,8,271
1566105706316,large_vehicle,2,201
1575738143868,small_vehicle,10,60
1567858603922,large_vehicle,4,126
1567583860974,small_vehicle,6,177
1565744909947,small_vehicle,1,223
1575093635404,small_vehicle,3,34
1577414667502,large_vehicle,1,310
1565004000395,large_vehicle,9,63
1575295054846,small_vehicle,7,18
1572395214621,large_vehicle,6,336
1574396309146,large_vehicle,9,208
1567325336650,large_vehicle,9,301
1575180159592,small_vehicle,2,358
1583353239647,large_vehicle,0,272
1586719116488,large_vehicle,6,132
1580511082655,large_vehicle,1,216
1576427719735,small_vehicle,7,291
1566916328112,small_vehicle,8,280
1569071519297,small_vehicle,6,59
1578130446352,large_vehicle,3,49
1578050708687,large_vehicle,0,35
1573061210358,small_vehicle,1,10
1573049333615,small_vehicle,0,107
1579182589859,small_vehicle,6,289
1581522263155,small_vehicle,3,86
1568576010182,small_vehicle,7,355
1574279792608,large_vehicle,0,148
1577401921671,large_vehicle,1,114
1580616112518,large_vehicle,2,317
1580387071531,small_vehicle,6,286
1570081344162,large_vehicle,3,15
1585172817238,large_vehicle,5,289
1572668966769,small_vehicle,0,247
1580568433172,small_vehicle,8,21
1580650999982,large_vehicle,0,317
1580096047833,small_vehicle,3,140
1580532786508,large_vehicle,10,196
1566824289281,large_vehicle,2,317
1573732318424,large_vehicle,4,252
1575233688791,large_vehicle,7,173
1567711215421,large_vehicle,0,336
1586348980173,small_vehicle,6,32
1579424134256,small_vehicle,1,47
1570368763709,small_vehicle,5,303
1581375193603,small_vehicle,8,241
1582171566915,small_vehicle,1,155
1576005310383,small_vehicle,3,60
1573577843073,small_vehicle,10,139
1564691412309,small_vehicle,7,164
1584685995715,large_vehicle,8,127
1582006691720,small_vehicle,6,306
1586035468025,small_vehicle,3,66
1569354032699,small_vehicle,10,12
1578351346463,small_vehicle,5,92
1578095267020,small_vehicle,9,340
1579614116866,large_vehicle,10,247
1578658134891,small_vehicle,7,44
1570492212201,large_vehicle,1,160
1580020154372,small_vehicle,7,335
1569925924760,small_vehicle,5,6
1571752453435,small_vehicle,6,61
1567713204914,large_vehicle,3,169
1565127602291,large_vehicle,10,271
1571894871316,small_vehicle,0,30
1578294388983,small_vehicle,4,184
1566372174278,large_vehicle,0,326
1585418065806,large_vehicle,7,29
1576997449661,small_vehicle,8,29
1582123088714,small_vehicle,1,321
1576623517739,small_vehicle,6,248
1567538788349,small_vehicle,9,220
1573041360437,large_vehicle,4,347
1577783096848,small_vehicle,0,148
1570298377062,large_vehicle,5,299
1581217059382,small_vehicle,8,95
1577681230954,large_vehicle,8,159
1577568215646,large_vehicle,4,168
1577356646512,small_vehicle,10,73
1570214542669,small_vehicle,3,27
1585198760958,large_vehicle,10,0
1586481015287,small_vehicle,4,200
1577105740330,large_vehicle,6,134
1565100792910,small_vehicle,6,203
1565968264834,small_vehicle,5,226
1582263769666,small_vehicle,3,352
1581098105481,small_vehicle,6,107
1582178743187,large_vehicle,2,10
1575361453916,large_vehicle,2,159
1576378088180,small_vehicle,2,60
1570067886201,small_vehicle,5,287
1575237268678,large_vehicle,4,138
1584367491481,small_vehicle,5,221
1582512767954,small_vehicle,3,266
1564968361864,small_vehicle,0,141
1568534592572,large_vehicle,4,47
1565723681065,small_vehicle,8,235
1580001691947,large_vehicle,0,238
1573896732794,large_vehicle,2,138
1571894509104,small_vehicle,0,76
1575096626288,large_vehicle,2,262
1569651500912,small_vehicle,2,168
1581206737837,large_vehicle,2,203
1567690603447,large_vehicle,0,212
1569320254128,small_vehicle,0,208
1567526744183,small_vehicle,9,205
1572427233828,large_vehicle,2,324
1578374762515,large_vehicle,2,148
1575619697365,small_vehicle,1,5
1577417138760,small_vehicle,3,110
1586049821471,small_vehicle,5,40
1571462952471,large_vehicle,7,88
1577561988012,small_vehicle,7,177
1572131340513,small_vehicle,10,203
1579543370790,large_vehicle,3,358
1584882111281,large_vehicle,1,224
1569680626198,small_vehicle,1,349
1576978267475,large_vehicle,6,73
1583747002739,small_vehicle,4,274
1576763671004,large_vehicle,6,346
1585078952786,large_vehicle,10,4
1577348536655,small_vehicle,10,343
1570956613965,small_vehicle,9,272
1586078588014,large_vehicle,0,142
1580044994967,small_vehicle,0,100
1568958024101,small_vehicle,3,76
1566078968053,large_vehicle,5,250
1585215846225,small_vehicle,6,218
1575485943544,large_vehicle,3,360
1571583250329,small_vehicle,3,273
1570322862563,small_vehicle,9,77
1564946912857,small_vehicle,8,192
1565433011712,large_vehicle,5,226
1569649152173,small_vehicle,2,93
1582391913086,large_vehicle,10,187
1585731624638,large_vehicle,0,40
1581954628117,large_vehicle,7,340
1573669197098,small_vehicle,9,113
1570895133856,large_vehicle,2,36
1578848577449,large_vehicle,2,360
1566118843965,large_vehicle,5,343
1577660006640,small_vehicle,2,255
1582809348302,small_vehicle,9,29
1585608066433,large_vehicle,10,141
1573770833807,large_vehicle,7,14
1574890757998,small_vehicle,6,214
1575125293107,large_vehicle,1,11
1581580797106,small_vehicle,2,121
1582034443400,small_vehicle,4,93
1581892511195,large_vehicle,0,180
1585043835347,large_vehicle,6,166
1581653873311,small_vehicle,4,68
1577728576235,small_vehicle,0,0
1582095667139,large_vehicle,3,214
1570029123488,small_vehicle,4,4
1584988934837,small_vehicle,9,126
1572509968090,large_vehicle,5,289
1569129447502,large_vehicle,7,61
1579290595351,small_vehicle,1,149
1565156989897,large_vehicle,8,158
1583917831382,small_vehicle,2,109
1573264506323,large_vehicle,2,308
1580243919359,small_vehicle,8,10
1585113429259,large_vehicle,1,316
1580419479629,large_vehicle,10,44
1577749448218,small_vehicle,4,275
1584015163455,large_vehicle,10,190
1564867291622,small_vehicle,5,227
1576026030215,small_vehicle,2,267
1580061419434,large_vehicle,6,263
1578924730400,large_vehicle,2,327
1571509365440,small_vehicle,9,33
1584292258023,large_vehicle,1,45
1585223141560,large_vehicle,3,264
1565682888111,small_vehicle,6,199
1569888965033,large_vehicle,1,200
1576911413646,large_vehicle,1,292
1585786938581,large_vehicle,5,248
1582212072303,small_vehicle,7,12
1576659941006,small_vehicle,7,329
1573696873851,small_vehicle,4,36
1566404283535,small_vehicle,2,57
1574211930010,small_vehicle,8,95
1578016899985,large_vehicle,3,81
1584611192853,small_vehicle,4,120
1583091216574,small_vehicle,4,216
1579280594347,small_vehicle,5,151
1570344291280,large_vehicle,3,57
1565083271785,small_vehicle,5,132
1568750664685,small_vehicle,5,65
1565873036097,small_vehicle,4,2
1581471036051,large_vehicle,1,254
1579181836858,small_vehicle,7,68
1582389163578,small_vehicle,5,113
1583122742411,small_vehicle,8,10
1580563544784,small_vehicle,8,145
1569087807229,large_vehicle,8,108
1565422101094,small_vehicle,0,111
1584982391976,small_vehicle,3,259
1579076374708,large_vehicle,5,282
1571971004731,large_vehicle,10,159
1568424377244,small_vehicle,7,222
1582230097845,small_vehicle,3,252
1574513484475,large_vehicle,7,117
1579966180947,large_vehicle,3,122
1582962525740,small_vehicle,7,326
1583493714286,small_vehicle,10,257
1572622663232,large_vehicle,2,48
1574186503902,small_vehicle,4,126
1572476076973,large_vehicle,7,236
1581957036874,small_vehicle,4,69
1586092755924,large_vehicle,5,128
1569838701534,large_vehicle,5,255
1571872620306,small_vehicle,1,140
1575965290759,large_vehicle,8,179
1571035515629,large_vehicle,1,338
1570090126400,large_vehicle,6,335
1580055141493,small_vehicle,8,85
1581485900597,small_vehicle,1,217
1584346941429,small_vehicle,2,82
1581928755938,small_vehicle,6,195
1577434804939,large_vehicle,6,10
1572348999341,small_vehicle,8,167
1581345377211,large_vehicle,10,22
1578299985109,large_vehicle,8,197
1580082953637,small_vehicle,9,346
1567400668173,large_vehicle,9,91
1573240781912,large_vehicle,6,82
1572601608283,small_vehicle,1,91
1568940059607,small_vehicle,5,106
1567760313171,large_vehicle,0,265
1578384393249,large_vehicle,3,1
1580896973857,small_vehicle,2,243
1581675987414,small_vehicle,2,106
1564778943717,small_vehicle,3,187
1573648518080,large_vehicle,5,130
1580631801042,small_vehicle,10,307
1584187924816,small_vehicle,7,37
1573615569854,small_vehicle,5,138
1584420527066,small_vehicle,1,56
1576730506931,small_vehicle,7,186
1574203319235,large_vehicle,7,333
1572255013216,small_vehicle,3,351
1584755749507,large_vehicle,7,83
1567324862389,large_vehicle,0,329
1572600880509,large_vehicle,9,108
1567486987839,small_vehicle,6,35
1570801614880,large_vehicle,7,164
1583117004729,small_vehicle,8,306
1569831234845,large_vehicle,4,37
1565119358541,large_vehicle,2,240
1581776017270,small_vehicle,9,54
1564740117297,large_vehicle,8,219
1572970787614,small_vehicle,9,135
1578490542512,small_vehicle,2,105
1580949475671,large_vehicle,1,305
1580804754876,large_vehicle,5,235
1570625366902,large_vehicle,5,149
1571373927539,small_vehicle,8,286
1570293319874,large_vehicle,8,356
1576036275658,small_vehicle,4,136
1585259738492,large_vehicle,0,194
1571613604940,large_vehicle,0,282
1575049421203,large_vehicle,10,5
1585534756646,small_vehicle,3,168
1573449636628,small_vehicle,10,172
1564666246541,small_vehicle,6,274
1572115612825,large_vehicle,10,271
1569596490804,small_vehicle,2,139
1574147007755,small_vehicle,0,260
1586042353970,large_vehicle,7,66
1579785531027,large_vehicle,3,241
1565109431274,small_vehicle,4,71
1585338058561,large_vehicle,3,194
1578856284429,small_vehicle,9,144
1579564949036,small_vehicle,2,232
1566677944785,small_vehicle,6,186
1577172355619,small_vehicle,7,135
1577152369710,large_vehicle,3,197
1568310839543,small_vehicle,7,126
1575263207806,large_vehicle,2,90
1585435259231,small_vehicle,1,314
1570119457188,small_vehicle,3,199
1583935047704,large_vehicle,6,164
1574302821968,large_vehicle,2,2
1568879387652,small_vehicle,8,29
1581542309095,small_vehicle,3,134
1576492178628,small_vehicle,3,129
1567317111893,small_vehicle,10,73
1582773843803,large_vehicle,8,122
1576174948650,large_vehicle,0,48
1568340533432,large_vehicle,2,143
1583933896923,small_vehicle,4,118
1575907173221,small_vehicle,7,109
1575897075347,small_vehicle,8,292
1565388730444,small_vehicle,0,113
1572632825010,large_vehicle,4,332
1569351006267,small_vehicle,0,43
1571069850382,large_vehicle,9,168
1570464231115,small_vehicle,5,32
1565796464889,small_vehicle,7,53
1573722756774,small_vehicle,8,199
1575015794292,small_vehicle,10,350
1567634868488,small_vehicle,1,326
1573655530732,large_vehicle,5,275
1574750947683,small_vehicle,3,151
1565687586279,large_vehicle,8,298
1567124746789,large_vehicle,1,161
1572658343263,large_vehicle,9,231
1585892133720,large_vehicle,8,71
1586714293594,large_vehicle,10,36
1571627753495,small_vehicle,7,117
1565120387566,large_vehicle,3,47
1581296378915,small_vehicle,0,342
1574519539196,large_vehicle,5,136
1567746856960,small_vehicle,5,281
1574004711014,small_vehicle,6,140
1568590135176,small_vehicle,0,168
1583597493930,small_vehicle,0,34
1583023745841,large_vehicle,7,295
1584530109359,small_vehicle,4,297
1565795533292,small_vehicle,2,138
1576061490350,large_vehicle,1,6
1567437964375,large_vehicle,8,325
1579270195224,small_vehicle,3,160
1582885925036,small_vehicle,9,93
1565778995311,small_vehicle,2,225
1579151630477,small_vehicle,6,267
1567714532762,small_vehicle,2,2
1579374089980,small_vehicle,0,201
1572402913945,large_vehicle,8,127
1580233047178,large_vehicle,0,171
1568236959894,large_vehicle,3,303
1572970755558,large_vehicle,10,328
1585526033316,small_vehicle,9,242
1570258400973,small_vehicle,6,286
1565664723009,large_vehicle,5,137
1572396453790,large_vehicle,6,110
1569149920570,small_vehicle,8,196
1566899010070,large_vehicle,7,350
1583598794858,small_vehicle,5,120
1574240853603,large_vehicle,4,213
1584792004321,small_vehicle,1,289
1585890418650,small_vehicle,1,265
1574001428872,large_vehicle,4,126
1570837400575,large_vehicle,5,168
1577552476319,small_vehicle,7,253
1566171504774,small_vehicle,3,16
1575875645818,large_vehicle,5,234
1578453422653,small_vehicle,8,68
1583543378916,large_vehicle,2,111
1568336466282,small_vehicle,6,198
1581287448715,small_vehicle,6,61
1572213077518,large_vehicle,2,292
1574369483924,small_vehicle,0,101
1568511317032,small_vehicle,2,208
1583260957288,large_vehicle,10,298
1577489042344,small_vehicle,2,283
1570650376603,small_vehicle,2,9
1579377266603,small_vehicle,7,223
1578643924330,small_vehicle,8,87
1577039174343,small_vehicle,2,7
1575304706847,large_vehicle,7,163
1582845279622,small_vehicle,0,317
1585898715071,small_vehicle,3,130
1573711356460,large_vehicle,1,246
1565519458277,small_vehicle,4,184
1584259630265,large_vehicle,7,257
1584315458852,large_vehicle,9,302
1584053074240,small_vehicle,3,12
1564784424619,large_vehicle,2,237
1576634692130,small_vehicle,8,269
1572727344286,small_vehicle,6,105
1569366144838,large_vehicle,7,273
1577812927288,small_vehicle,2,0
1579781219473,large_vehicle,8,192
1577838782525,small_vehicle,9,181
1575837070992,large_vehicle,8,54
1568053748223,small_vehicle,2,224
1577771511663,small_vehicle,4,156
1574796938463,small_vehicle,2,10
1586081773029,large_vehicle,1,72
1568769472215,small_vehicle,2,165
1573892905373,small_vehicle,9,262
1567478039543,large_vehicle,5,232
1573599672618,large_vehicle,6,338
1581235437887,small_vehicle,6,254
1585619411889,small_vehicle,3,69
1569252459757,large_vehicle,8,317
1567707459272,small_vehicle,4,167
1569962046756,large_vehicle,2,320
1583272218094,large_vehicle,9,165
1573179862059,large_vehicle,2,30
1577886643233,small_vehicle,4,118
1583028422468,small_vehicle,5,164
1567101118728,large_vehicle,2,120
1583552124687,large_vehicle,0,168
1577315491598,small_vehicle,1,129
1572603561628,large_vehicle,10,56
1579359754739,small_vehicle,4,61
1572529741528,large_vehicle,5,238
1578467254406,large_vehicle,5,267
1569002332233,small_vehicle,7,257
1581725895822,small_vehicle,4,177
1565057671211,large_vehicle,2,13
1573299946896,small_vehicle,10,145
1577652564441,small_vehicle,8,202
1570188153063,large_vehicle,0,200
1570546925441,small_vehicle,8,336
1580205903629,large_vehicle,8,84
1567436013347,large_vehicle,4,163
1578719402879,small_vehicle,2,162
1569566236272,large_vehicle,7,250
1575159821883,large_vehicle,6,209
1565445568703,small_vehicle,8,262
1571871012629,large_vehicle,7,258
1584350242265,small_vehicle,3,86
1570267982540,large_vehicle,9,167
1580466461592,large_vehicle,8,121
1583096950810,small_vehicle,2,26
1583168085172,large_vehicle,4,116
1578800261727,large_vehicle,4,250
1565505582111,small_vehicle,9,206
1579660155598,large_vehicle,1,346
1579126475302,small_vehicle,1,229
1568817285116,large_vehicle,2,44
1584882917161,small_vehicle,1,167
1572269170795,large_vehicle,4,119
1576406973338,small_vehicle,1,218
1572786894979,large_vehicle,7,1
1566649623017,large_vehicle,1,274
1567663769234,small_vehicle,8,250
1572472167265,small_vehicle,4,170
1571147900163,small_vehicle,6,330
1576773185250,large_vehicle,1,100
1570742697944,small_vehicle,6,70
1572562127688,large_vehicle,1,289
1576260531001,large_vehicle,0,319
1576189995913,small_vehicle,9,34
1565629152873,large_vehicle,2,331
1575063363004,small_vehicle,1,142
1572081743428,small_vehicle,1,119
1572998502743,large_vehicle,5,304
1583830913537,large_vehicle,8,296
1574096569905,small_vehicle,4,152
1584605622508,large_vehicle,3,118
1567755595768,small_vehicle,6,282
1580549708085,large_vehicle,7,103
1585406831220,small_vehicle,2,38
1572552023053,large_vehicle,7,340
1585645640474,small_vehicle,0,257
1579918327598,small_vehicle,7,7
1574625933655,large_vehicle,7,233
1571030112453,large_vehicle,6,228
1585675304958,large_vehicle,0,280
1580158324290,large_vehicle,0,210
1576423825229,small_vehicle,5,312
1578793707816,small_vehicle,8,292
1570085506869,small_vehicle,10,16
1582178280018,large_vehicle,9,10
1579646930168,small_vehicle,9,89
1582805295674,large_vehicle,4,225
1585864134075,large_vehicle,0,111
1578882632830,large_vehicle,6,310
1583507481370,small_vehicle,9,169
1568520072212,small_vehicle,6,305
1579237739091,large_vehicle,0,157
1565930812163,small_vehicle,9,77
1576167631432,small_vehicle,7,127
1575318524887,large_vehicle,8,124
1571145620150,large_vehicle,7,183
1567232496923,large_vehicle,6,245
1575428209273,large_vehicle,8,87
1575580451826,large_vehicle,8,100
1568638020947,large_vehicle,7,325
1574920037184,large_vehicle,4,90
1576115990697,small_vehicle,4,228
1583910643203,large_vehicle,5,306
1580710289571,small_vehicle,10,24
1573221372337,small_vehicle,0,199
1573338887905,large_vehicle,0,227
1574948913447,large_vehicle,4,162
1564791126280,large_vehicle,6,284
1575138298073,small_vehicle,9,357
1565827027924,large_vehicle,3,37
1576378316777,large_vehicle,8,180
1574174338560,large_vehicle,2,160
1586469120216,small_vehicle,9,149
1579846714871,small_vehicle,0,49
1571678723970,large_vehicle,10,74
1574960037462,small_vehicle,8,290
1566211797447,small_vehicle,10,265
1574509623290,large_vehicle,9,251
1565317139059,small_vehicle,4,282
1586449260803,small_vehicle,5,164
1570846705640,small_vehicle,4,178
1571667261704,large_vehicle,8,119
1576445221443,large_vehicle,6,99
1572216165670,small_vehicle,6,259
1581919735207,large_vehicle,6,74
1571066706221,large_vehicle,4,262
1568687596563,large_vehicle,1,221
1579185160866,small_vehicle,3,120
1565889848683,small_vehicle,3,111
1583226979207,large_vehicle,2,127
1577544758422,small_vehicle,5,37
1570481115956,small_vehicle,5,150
1584966711000,small_vehicle,2,242
1584920994965,large_vehicle,0,48
1578131131836,large_vehicle,2,84
1573560195117,small_vehicle,6,50
1581543503891,small_vehicle,0,6
1566324354720,large_vehicle,6,299
1582853107457,large_vehicle,6,168
1572305785378,large_vehicle,1,168
1566952500977,small_vehicle,4,149
1574104386356,small_vehicle,9,255
1565211673395,small_vehicle,10,67
1576047795880,small_vehicle,0,16
1577407978645,large_vehicle,6,264
1578926668362,small_vehicle,5,333
1566606084088,small_vehicle,5,63
1585706432288,large_vehicle,4,286
1570329486148,small_vehicle,9,141
1580424182986,small_vehicle,2,272
1586719770010,large_vehicle,8,155
1585829731232,small_vehicle,10,320
1577978978915,large_vehicle,10,59
1582551254956,small_vehicle,3,148
1573814907233,large_vehicle,9,135
1576833678695,small_vehicle,3,236
1580068545218,large_vehicle,1,6
1575471578649,large_vehicle,2,23
1582065492986,large_vehicle,6,179
1579167536445,large_vehicle,5,151
1567328847914,large_vehicle,1,321
1571952829832,small_vehicle,5,339
1581042906656,large_vehicle,6,196
1568598863405,large_vehicle,9,50
1581126884250,small_vehicle,8,349
1577083365873,small_vehicle,1,233
1569987115393,large_vehicle,0,246
1571867091337,large_vehicle,2,204
1580808666320,large_vehicle,8,7
1577739780622,small_vehicle,3,42
1584693521538,small_vehicle,8,155
1586430295793,small_vehicle,2,201
1571555003880,large_vehicle,10,40
1567474625946,large_vehicle,4,222
1573640646298,small_vehicle,6,293
1572455456996,large_vehicle,4,47
1582665866808,small_vehicle,4,77
1576620282412,large_vehicle,8,20
1574770642484,large_vehicle,10,85
1580362017286,small_vehicle,6,102
1571946825257,large_vehicle,1,352
1574665542509,large_vehicle,3,162
1575091100579,small_vehicle,3,309
1568670684287,large_vehicle,5,41
1576857597124,small_vehicle,6,139
1575789439049,small_vehicle,9,280
1575644608841,small_vehicle,10,306
1577702319186,large_vehicle,4,53
1581327578213,small_vehicle,2,149
1566705944686,large_vehicle,1,110
1575897922353,large_vehicle,9,125
1566250640847,large_vehicle,5,226
1567234507409,large_vehicle,9,189
1574267367354,small_vehicle,3,331
1572302168209,large_vehicle,10,198
1584402600828,small_vehicle,0,30
1576023989715,small_vehicle,0,76
1585495654074,large_vehicle,6,281
1567366086219,large_vehicle,6,56
1585171587790,small_vehicle,4,306
1574097842639,large_vehicle,3,34
1570555168432,small_vehicle,4,212
1574528180653,large_vehicle,9,255
1576069591710,large_vehicle,7,339
1567970182690,large_vehicle,1,96
1569410527202,large_vehicle,5,119
1566533887377,small_vehicle,8,45
1576361021542,small_vehicle,4,321
1581476378983,small_vehicle,6,145
1568546288088,large_vehicle,7,23
1575768865662,large_vehicle,4,2
1569634126843,small_vehicle,8,102
1567091583109,large_vehicle,3,40
1586728730933,small_vehicle,9,19
1573522928747,large_vehicle,3,99
1583093472458,large_vehicle,7,142
1566976274985,small_vehicle,0,167
1566285238271,small_vehicle,0,106
1574173835340,large_vehicle,4,19
1576693138750,large_vehicle,6,258
1573493143670,large_vehicle,5,165
1566496034682,small_vehicle,8,15
1565697815264,small_vehicle,6,28
1572135940232,large_vehicle,1,295
1585860925789,small_vehicle,5,107
1580205023180,small_vehicle,2,161
1577485152766,large_vehicle,9,94
1570992723274,large_vehicle,10,25
1570156447625,small_vehicle,2,49
1572407848805,small_vehicle,3,4
1577634465727,small_vehicle,8,82
1573348128318,large_vehicle,1,187
1575528069883,small_vehicle,0,121
1577412554697,small_vehicle,10,331
1574753859949,large_vehicle,7,358
1569129842537,large_vehicle,4,42
1566783875525,small_vehicle,5,326
1577219121219,large_vehicle,0,226
1577679788110,small_vehicle,9,187
1565685868620,large_vehicle,8,168
1570265880945,small_vehicle,7,6
1584916531847,large_vehicle,2,294
1569848555559,large_vehicle,7,307
1577471233275,small_vehicle,1,263
1577604961796,large_vehicle,0,247
1574893685749,small_vehicle,2,257
1576855208064,small_vehicle,6,241
1585041846057,small_vehicle,9,270
1581563088904,large_vehicle,1,69
1577574344401,small_vehicle,8,166
1565669393759,large_vehicle,9,38
1566818519164,small_vehicle,3,223
1572027014562,small_vehicle,1,11
1578619859422,large_vehicle,4,323
1585080313868,small_vehicle,0,138
1575626056652,large_vehicle,6,136
1581871684763,large_vehicle,0,278
1566442175282,small_vehicle,2,159
1583423381055,small_vehicle,6,313
1582797688108,large_vehicle,6,92
1585235180535,small_vehicle,8,99
1575919422002,large_vehicle,8,41
1570691491094,small_vehicle,5,156
1574916163490,small_vehicle,3,90
1571311469743,small_vehicle,6,4
1568779198628,small_vehicle,10,288
1576001455256,large_vehicle,8,175
1586606443193,large_vehicle,4,180
1567512274515,small_vehicle,6,114
1586022867416,small_vehicle,9,176
1586282149869,large_vehicle,8,170
1568854995513,small_vehicle,8,254
1573261909654,small_vehicle,7,121
1574801676766,small_vehicle,10,39
1564971919475,small_vehicle,4,282
1576728550009,large_vehicle,8,352
1582611866068,small_vehicle,8,12
1570608763203,large_vehicle,8,298
1574611418397,small_vehicle,3,148
1574964175404,large_vehicle,3,241
1564657753890,small_vehicle,7,50
1574381488193,large_vehicle,3,193
1573873067192,small_vehicle,3,157
1574130098090,small_vehicle,8,164
1584277033760,small_vehicle,8,142
1579249676461,small_vehicle,1,41
1578466044667,large_vehicle,6,32
1570835413253,large_vehicle,9,49
1572997603112,small_vehicle,10,333
1582672112988,large_vehicle,4,203
1583914720883,large_vehicle,2,51
1580802581966,large_vehicle,3,163
1570631773876,small_vehicle,3,160
1564761074373,large_vehicle,10,204
1584569663376,large_vehicle,5,48
1576796159165,large_vehicle,0,272
1571462196105,large_vehicle,5,71
1565531984596,small_vehicle,6,242
1586481554322,small_vehicle,6,278
1585980031221,small_vehicle,4,353
1570200358987,small_vehicle,8,37
1568370138944,large_vehicle,9,213
1568007509171,large_vehicle,7,148
1578732657136,large_vehicle,2,81
1566752444826,large_vehicle,7,266
1586721564033,large_vehicle,5,224
1570678474325,small_vehicle,9,98
1566507197100,large_vehicle,4,60
1572917511475,large_vehicle,7,294
1567758470733,small_vehicle,8,219
1576793281834,small_vehicle,8,141
1576675636184,small_vehicle,1,245
1568771587306,small_vehicle,7,266
1573298566784,large_vehicle,4,114
1576067826562,large_vehicle,9,184
1573229132234,small_vehicle,3,68
1567998875056,large_vehicle,9,87
1574597499161,small_vehicle,3,339
1573958476968,small_vehicle,10,334
1580361282229,large_vehicle,4,207
1585425464491,large_vehicle,4,31
1574571696801,large_vehicle,1,65
1582134828357,large_vehicle,3,27
1575544994038,large_vehicle,7,339
1576500436558,large_vehicle,6,27
1575841981024,small_vehicle,3,82
1574049670299,small_vehicle,8,340
1567012849798,small_vehicle,10,333
1576395248949,small_vehicle,6,153
1582545358627,large_vehicle,9,334
1586043458754,large_vehicle,8,269
1581593477096,large_vehicle,10,282
1571852173434,large_vehicle,7,91
1570529290412,large_vehicle,4,158
1572092222096,large_vehicle,9,81
1576296664839,large_vehicle,0,268
1577875687244,large_vehicle,2,322
1586319755982,large_vehicle,0,350
1566468023552,large_vehicle,9,330
1582243638657,large_vehicle,2,109
1565609957700,large_vehicle,0,341
1571851149445,large_vehicle,2,49
1582420860341,small_vehicle,4,248
1570032251125,large_vehicle,8,3
1585328606147,large_vehicle,4,100
1572351237628,large_vehicle,1,262
1584405971796,large_vehicle,9,342
1577053771981,large_vehicle,10,169
1564983122120,large_vehicle,8,291
1567116616124,large_vehicle,5,246
1586672706316,small_vehicle,0,22
1580789380914,large_vehicle,5,323
1567265169395,small_vehicle,4,27
1567692779263,large_vehicle,2,117
1567803170584,small_vehicle,6,356
1567235701820,large_vehicle,0,14
1565613842913,small_vehicle,9,33
1574175439991,small_vehicle,5,7
1570905483268,large_vehicle,3,46
1569770660052,small_vehicle,2,182
1569694119966,small_vehicle,0,20
1573915815212,large_vehicle,5,293
1576175537923,large_vehicle,10,145
1568432403560,small_vehicle,6,242
1575310312432,large_vehicle,4,258
1583569665246,small_vehicle,6,136
1569389227148,large_vehicle,7,73
1577241638576,small_vehicle,5,19
1583954649315,small_vehicle,8,292
1573374242189,large_vehicle,9,224
1574734080888,large_vehicle,6,232
1585735597147,large_vehicle,6,161
1574469720259,small_vehicle,3,185
1572210206933,small_vehicle,0,27
1581261216399,large_vehicle,7,12
1569069927622,small_vehicle,8,201
1571309210077,small_vehicle,1,254
1580146942110,large_vehicle,10,117
1571927471322,large_vehicle,9,154
1568906878781,large_vehicle,2,256
1571747523486,large_vehicle,10,104
1578227508139,small_vehicle,8,84
1573357578708,small_vehicle,9,136
1572079652738,small_vehicle,5,56
1574544648628,small_vehicle,5,177
1574906157151,large_vehicle,8,134
1573795844898,small_vehicle,0,79
1571062717634,small_vehicle,7,106
