1578429922114,small_vehicle,10,213
1569610422860,small_vehicle,0,76
1579255756853,small_vehicle,0,217
1571362554395,small_vehicle,3,186
1581678121055,small_vehicle,8,119
1584352215689,small_vehicle,7,216
1575140833821,large_vehicle,4,277
1571636003650,large_vehicle,8,229
1576506398311,large_vehicle,4,347
1567315344153,large_vehicle,0,157
1576097189519,small_vehicle,8,203
1565076113949,small_vehicle,0,343
1569302787836,small_vehicle,3,181
1573509469295,small_vehicle,4,57
1565273325260,small_vehicle,5,346
1579523298173,large_vehicle,8,2
1571887974977,small_vehicle,3,119
1571203780753,large_vehicle,5,286
1576683461423,small_vehicle,0,68
1568319678819,large_vehicle,6,205
1571153159198,large_vehicle,1,91
1569267937768,large_vehicle,6,147
1583994974389,small_vehicle,0,246
1569652962938,small_vehicle,7,211
1564731178589,large_vehicle,6,294
1586639611404,large_vehicle,4,166
1583064894577,large_vehicle,6,146
1578074583219,large_vehicle,2,88
1568914833787,large_vehicle,1,358
1577455717256,large_vehicle,5,248
1581668814355,small_vehicle,1,350
1574152485835,small_vehicle,9,347
1566340310643,small_vehicle,6,181
1568031483945,large_vehicle,1,44
1573934529386,small_vehicle,8,37
1570993131267,small_vehicle,8,119
1578750366338,large_vehicle,1,155
1576575097006,small_vehicle,6,133
1585509298407,small_vehicle,7,296
1567203526662,large_vehicle,1,63
1581564896302,small_vehicle,10,158
1576473215759,small_vehicle,8,314
1585105415955,small_vehicle,1,338
1567658501600,large_vehicle,5,149
1564867115161,large_vehicle,10,186
1574638154856,small_vehicle,2,203
1571005724717,small_vehicle,7,156
1568055834674,small_vehicle,3,284
1566266477915,large_vehicle,4,25
1570239240776,small_vehicle,0,116
1583241254661,small_vehicle,10,165
1569028254159,small_vehicle,0,212
1565909754008,large_vehicle,9,102
1574848820298,large_vehicle,8,202
1564773422812,large_vehicle,0,25
1568350377246,large_vehicle,5,110
1581414291051,large_vehicle,1,176
1574489542780,small_vehicle,5,143
1578048917002,large_vehicle,0,111
1577567888087,large_vehicle,9,150
1584702280341,small_vehicle,10,185
1579803760153,large_vehicle,8,205
1579664923904,small_vehicle,1,30
1579637888503,large_vehicle,2,157
1580052829043,large_vehicle,6,116
1582686950583,large_vehicle,7,191
1573625427120,small_vehicle,1,233
1572565932743,small_vehicle,0,165
1577713973310,small_vehicle,4,79
1581318919916,large_vehicle,0,239
1585957768717,small_vehicle,10,113
1578961031504,small_vehicle,7,318
1585412801090,small_vehicle,8,132
1571520774386,small_vehicle,0,259
1573626040508,large_vehicle,9,76
1581569388756,small_vehicle,4,111
1573170358458,large_vehicle,3,19
1565660960379,small_vehicle,5,266
1579408151809,small_vehicle,2,5
1574031952849,large_vehicle,5,259
1577563878763,large_vehicle,2,189
1580502525204,small_vehicle,10,337
1586380394022,large_vehicle,5,140
1567177009715,large_vehicle,4,275
1582928098972,large_vehicle,0,28
1566381695764,small_vehicle,2,44
1577129038808,large_vehicle,6,277
1565267258263,small_vehicle,6,245
1572011818967,large_vehicle,1,75
1573076616425,small_vehicle,7,241
1583061074872,small_vehicle,8,253
1581932877134,large_vehicle,8,56
1575621822446,small_vehicle,4,37
1568529579936,small_vehicle,9,284
1579476175385,small_vehicle,10,351
1583245120297,large_vehicle,10,346
1577315092694,small_vehicle,3,121
1570665777988,small_vehicle,2,24
1572110779536,large_vehicle,8,110
1583274009260,large_vehicle,0,237
1583645830029,large_vehicle,9,104
1578605576798,small_vehicle,1,23
1574126679249,large_vehicle,0,153
1584980888325,large_vehicle,1,300
1569695603909,large_vehicle,1,40
1584902975527,small_vehicle,6,328
1574511314244,large_vehicle,0,20
1586461178253,small_vehicle,7,32
1567875877693,small_vehicle,5,98
1576559786355,small_vehicle,3,66
1567659796897,small_vehicle,2,213
1566650559536,small_vehicle,6,344
1567396416127,large_vehicle,9,38
1568603086937,large_vehicle,5,42
1577065938541,small_vehicle,8,161
1569362848826,small_vehicle,2,26
1585734885837,small_vehicle,6,296
1573581182830,large_vehicle,6,46
1567208274015,small_vehicle,4,105
1581971464430,small_vehicle,6,227
1578481616131,small_vehicle,4,75
1580187479662,small_vehicle,2,237
1568124516782,small_vehicle,2,351
1574090098258,small_vehicle,2,259
1577691389233,large_vehicle,4,103
1583583628197,small_vehicle,10,357
1585121860717,small_vehicle,0,208
1565359904935,large_vehicle,1,54
1580597794733,large_vehicle,4,360
1569032888600,large_vehicle,8,57
1564654094946,small_vehicle,4,55
1578972420385,small_vehicle,3,75
1577824833674,large_vehicle,2,63
1583251613137,large_vehicle,0,85
1577076291225,small_vehicle,3,205
1584830016856,large_vehicle,1,330
1572788987832,small_vehicle,1,40
1585332080287,small_vehicle,7,100
1574492759699,large_vehicle,1,4
1565725370933,large_vehicle,4,47
1568802658808,large_vehicle,10,0
1566585740202,small_vehicle,6,261
1572697482464,small_vehicle,7,261
1576133756859,large_vehicle,10,148
1570477235997,large_vehicle,1,161
1583187938911,large_vehicle,4,323
1582144579907,small_vehicle,3,316
1576502748624,small_vehicle,5,170
1586343786946,small_vehicle,0,242
1568635020826,large_vehicle,4,97
1567161666063,small_vehicle,4,233
1582711305769,large_vehicle,6,55
1577638934249,large_vehicle,7,185
1570686696858,small_vehicle,2,262
1583408774641,large_vehicle,8,194
1582859393397,small_vehicle,8,60
1569228071180,large_vehicle,5,221
1577962423798,small_vehicle,5,295
1574250123810,large_vehicle,6,18
1566080251459,small_vehicle,1,191
1578413447122,small_vehicle,2,31
1579494357203,small_vehicle,8,349
1575863390756,large_vehicle,10,106
1565330921327,small_vehicle,10,291
1569833871157,small_vehicle,3,2
1581686462075,large_vehicle,8,79
1572155855841,small_vehicle,0,42
1577072975054,small_vehicle,8,68
1575109948912,large_vehicle,0,342
1577040787805,small_vehicle,10,117
1580853873778,small_vehicle,8,147
1574544196285,small_vehicle,8,49
1573429177768,large_vehicle,8,135
1582153201444,large_vehicle,4,298
1571361050710,large_vehicle,10,103
1571058999101,large_vehicle,0,258
1577756880529,small_vehicle,6,48
1574459364732,large_vehicle,5,349
1584948014576,small_vehicle,10,331
1574282106161,large_vehicle,2,163
1578603894339,large_vehicle,2,351
1569845197069,large_vehicle,5,57
1568231466184,small_vehicle,6,238
1585702070102,large_vehicle,9,121
1567133549568,small_vehicle,4,151
1566678393456,small_vehicle,5,103
1567653870824,small_vehicle,7,304
1578687686356,large_vehicle,5,275
1584318358293,large_vehicle,4,37
1572494547977,large_vehicle,2,205
1579158644610,large_vehicle,2,71
1585787160198,small_vehicle,6,16
1585949048076,small_vehicle,5,54
1574371185467,small_vehicle,3,257
1584119867645,small_vehicle,5,169
1586394328145,small_vehicle,3,323
1571191353570,large_vehicle,10,360
1569921314286,large_vehicle,3,202
1567373726130,large_vehicle,0,32
1571952637730,small_vehicle,3,281
1574685435643,large_vehicle,9,176
1564674332553,small_vehicle,0,145
1578391272495,small_vehicle,2,26
1581547386659,large_vehicle,7,93
1578421739656,small_vehicle,2,283
1586557313567,small_vehicle,2,5
1574953683510,large_vehicle,2,239
1573643200779,small_vehicle,10,66
1581168242030,small_vehicle,2,171
1582329869894,large_vehicle,6,214
1565312172886,large_vehicle,10,122
1572179907246,large_vehicle,2,284
1573159967190,small_vehicle,6,60
1571313577767,small_vehicle,3,59
1583480154048,large_vehicle,1,184
1566870837340,small_vehicle,1,292
1577900486869,small_vehicle,0,337
1579939810072,large_vehicle,10,166
1585283572157,large_vehicle,10,85
1564795586763,small_vehicle,2,87
1570722443219,large_vehicle,3,174
1566586502607,small_vehicle,10,199
1581735829151,small_vehicle,9,122
1565855579592,large_vehicle,8,161
1576757476752,large_vehicle,10,41
1570283690937,large_vehicle,2,298
1571774258325,small_vehicle,1,231
1580469242013,large_vehicle,0,193
1576942644654,large_vehicle,6,110
1583794847264,large_vehicle,7,308
1567589282916,small_vehicle,7,125
1568613956454,large_vehicle,7,91
1577018156385,large_vehicle,0,265
1577506955874,large_vehicle,2,163
1586091829908,small_vehicle,3,328
1577010816593,small_vehicle,0,248
1581334198063,large_vehicle,10,359
1566283810526,large_vehicle,8,141
1569452055317,large_vehicle,8,261
1574915887827,large_vehicle,4,141
1585061232957,small_vehicle,10,307
1572012405485,small_vehicle,4,244
1572518061022,large_vehicle,7,36
1564758969552,small_vehicle,0,180
1577990414837,large_vehicle,8,44
1585914244050,large_vehicle,9,224
1581348233349,small_vehicle,6,251
1577733364231,small_vehicle,4,246
1576082898650,large_vehicle,0,141
1565519617302,large_vehicle,9,15
1586325471345,small_vehicle,1,255
1575142287279,small_vehicle,5,153
1566610096870,small_vehicle,8,173
1583382718749,small_vehicle,9,352
1584069852611,large_vehicle,6,341
1583756916804,small_vehicle,3,92
1581536453610,small_vehicle,3,193
1581150508342,small_vehicle,7,302
1570918684649,small_vehicle,9,231
1570246025566,large_vehicle,6,50
1566455264953,large_vehicle,3,17
1578683529197,small_vehicle,2,321
1573892302159,small_vehicle,5,157
1572138800207,large_vehicle,3,29
1573202710669,large_vehicle,0,173
1579649565504,large_vehicle,7,13
1575752594559,large_vehicle,8,276
1565175581949,large_vehicle,1,91
1580400206858,small_vehicle,9,263
1577503792146,large_vehicle,1,295
1566190216363,small_vehicle,4,212
1579685600555,large_vehicle,5,111
1586558468650,large_vehicle,1,275
1568825098004,small_vehicle,10,338
1580842713648,small_vehicle,5,55
1579799747112,small_vehicle,7,58
1583442680339,small_vehicle,1,161
1565987993842,large_vehicle,7,342
1567148798414,small_vehicle,1,320
1580964515322,large_vehicle,0,272
1577921418395,small_vehicle,5,310
1574484962142,small_vehicle,5,356
1566951932848,large_vehicle,1,176
1568591387347,small_vehicle,4,124
1576264614141,large_vehicle,10,237
1574805939911,large_vehicle,0,287
1566429324833,large_vehicle,0,231
1584634368913,large_vehicle,5,13
1584269329965,large_vehicle,1,183
1577297401956,large_vehicle,3,99
1566721413206,small_vehicle,4,275
1581845979250,small_vehicle,8,305
1576313402966,large_vehicle,4,93
1572131690873,small_vehicle,2,345
1567892354434,small_vehicle,9,47
1569095211483,large_vehicle,8,39
1568170625666,small_vehicle,5,174
1572099985104,small_vehicle,0,286
1576461532334,small_vehicle,2,108
1584724102928,small_vehicle,3,236
1566171215352,large_vehicle,1,271
1572035171020,large_vehicle,4,291
1566735022694,large_vehicle,4,187
1565612377851,small_vehicle,3,249
1579939329316,small_vehicle,6,324
1568655019583,small_vehicle,3,195
1584404481419,small_vehicle,7,31
1585142294532,small_vehicle,6,60
1571037382463,large_vehicle,2,24
1571017922827,large_vehicle,1,238
1576608164498,large_vehicle,7,6
1571494962996,small_vehicle,5,123
1565174610793,large_vehicle,2,197
1572263461562,small_vehicle,0,258
1582635163204,large_vehicle,7,120
1578209285757,small_vehicle,3,115
1572526315977,large_vehicle,6,129
1566196973436,small_vehicle,7,204
1584492203485,small_vehicle,0,310
1568892988495,large_vehicle,5,1
1570093841679,small_vehicle,6,106
1581807687017,large_vehicle,7,187
1566908843752,small_vehicle,4,192
1585127238788,small_vehicle,3,236
1579257068320,large_vehicle,4,122
1566427100592,small_vehicle,0,351
1578375792423,large_vehicle,8,342
1581577591263,large_vehicle,2,344
1573136600260,small_vehicle,10,123
1574338144878,large_vehicle,2,191
1565206303199,small_vehicle,4,3
1582960730530,small_vehicle,4,17
1580202139912,small_vehicle,5,337
1567079585481,small_vehicle,0,204
1585676589010,large_vehicle,10,338
1572929843679,small_vehicle,9,333
1574888093101,small_vehicle,10,83
1568717140739,small_vehicle,1,234
1568765021518,large_vehicle,8,132
1566162231776,large_vehicle,7,315
1567588703463,small_vehicle,0,299
1585402003570,small_vehicle,0,39
1566651317850,large_vehicle,7,300
1586136397930,small_vehicle,8,203
1580050446871,small_vehicle,0,352
1586131191295,small_vehicle,1,302
1584833218669,small_vehicle,8,306
1579357849802,small_vehicle,0,326
1574486924154,small_vehicle,2,128
1578794894455,small_vehicle,10,358
1580410232071,small_vehicle,1,151
1569141389708,large_vehicle,10,84
1566185898960,small_vehicle,0,164
1568860157242,large_vehicle,4,53
1573956885076,large_vehicle,4,342
1576994319329,large_vehicle,7,297
1572516048918,small_vehicle,1,309
1574567788466,large_vehicle,2,324
1578309805920,large_vehicle,10,13
1567001557440,small_vehicle,2,193
1580929917444,small_vehicle,3,50
1581725478693,large_vehicle,4,243
1584946999215,small_vehicle,5,205
1576738794151,small_vehicle,3,187
1568988832132,large_vehicle,3,126
1580179771833,large_vehicle,2,77
1569175421173,large_vehicle,1,192
1577046140450,small_vehicle,3,352
1585744761147,small_vehicle,6,327
1566069557605,large_vehicle,10,205
1572052187965,large_vehicle,8,262
1574298202082,large_vehicle,2,256
1579784894324,large_vehicle,7,276
1566587856690,small_vehicle,9,300
1584032898162,small_vehicle,7,110
1583596998934,small_vehicle,10,130
1570059067014,large_vehicle,5,140
1585781613074,large_vehicle,3,244
1578717794466,small_vehicle,3,319
1571177499327,small_vehicle,9,1
1584973571447,large_vehicle,4,351
1586675850009,small_vehicle,4,301
1581371879903,large_vehicle,3,273
1580940179642,small_vehicle,4,99
1577303304940,small_vehicle,1,54
1578752363848,large_vehicle,9,171
1574907390936,large_vehicle,6,32
1569100613969,large_vehicle,2,217
1570289976335,small_vehicle,3,83
1582889986661,small_vehicle,3,352
1577063806651,small_vehicle,10,197
1573181937752,large_vehicle,4,343
1573946803350,small_vehicle,4,63
1574063735501,large_vehicle,3,79
1572920559614,small_vehicle,1,146
1572173865485,small_vehicle,10,219
1565177858837,large_vehicle,9,189
1568542019724,small_vehicle,3,104
1583194066760,small_vehicle,4,108
1570966874151,large_vehicle,1,190
1569139730240,large_vehicle,5,321
1573654838415,small_vehicle,10,0
1575766074701,small_vehicle,0,283
1580842372648,large_vehicle,7,305
1576802775677,large_vehicle,6,182
1574438889637,small_vehicle,9,189
1579703069383,large_vehicle,4,11
1567312152779,large_vehicle,4,135
1575979846669,small_vehicle,5,164
1583163973136,small_vehicle,8,226
1570637332114,small_vehicle,9,206
1580962389841,small_vehicle,9,341
1565847853864,small_vehicle,10,182
1569095426255,small_vehicle,7,3
1571595625068,small_vehicle,2,267
1585304838896,small_vehicle,4,135
1575674415267,large_vehicle,3,218
1565608678854,small_vehicle,10,160
1570026679603,large_vehicle,10,303
1569752324666,large_vehicle,8,235
1583945815016,large_vehicle,4,300
1566029398242,large_vehicle,8,218
1574451480946,small_vehicle,4,77
1571662550378,large_vehicle,1,69
1573506357216,small_vehicle,1,13
1568355053652,small_vehicle,4,82
1574217459617,small_vehicle,0,271
1577570819118,large_vehicle,7,28
1580231000496,small_vehicle,2,188
1566897656168,large_vehicle,7,250
1569556837010,large_vehicle,9,66
1573536290647,large_vehicle,3,100
1569837468924,small_vehicle,1,243
1568963427625,small_vehicle,6,266
1570821692912,large_vehicle,10,220
1583471101988,large_vehicle,0,16
1586260779586,large_vehicle,4,342
1579459962198,large_vehicle,1,57
1584873313788,small_vehicle,2,116
1575162955763,large_vehicle,9,104
1581727393040,small_vehicle,8,320
1569282857338,large_vehicle,10,21
1571251131190,small_vehicle,4,339
1575314332936,small_vehicle,0,84
1575039126009,large_vehicle,6,280
1577849808715,small_vehicle,8,206
1586253863260,small_vehicle,6,102
1568196239508,small_vehicle,9,254
1573417391115,large_vehicle,10,11
1585954198221,small_vehicle,9,240
1574757509231,large_vehicle,2,257
1575697359449,small_vehicle,5,325
1583335235394,large_vehicle,5,232
1574812502036,large_vehicle,10,342
1585632093538,small_vehicle,7,220
1585334245428,small_vehicle,8,354
1571892311248,large_vehicle,2,214
1581792909129,large_vehicle,5,338
1584102134085,small_vehicle,6,355
1578942208053,small_vehicle,8,72
1580284054114,small_vehicle,2,60
1578703269140,small_vehicle,4,302
1572293745811,small_vehicle,0,74
1570286608306,small_vehicle,3,294
1585461881564,large_vehicle,3,274
1566333635076,large_vehicle,10,240
1571530708070,large_vehicle,5,335
1566315177124,large_vehicle,6,104
1575289807360,small_vehicle,8,304
1580840885689,large_vehicle,3,87
1576316525517,large_vehicle,1,182
1585612322446,large_vehicle,4,186
1585575692277,small_vehicle,10,109
1573325358333,large_vehicle,0,249
1568655215069,small_vehicle,1,235
1585359222425,large_vehicle,3,1
1570802878039,large_vehicle,3,100
1566851395180,small_vehicle,10,55
1573804281461,large_vehicle,5,254
1577322997713,large_vehicle,4,237
1566519525428,large_vehicle,4,107
1571085478865,large_vehicle,3,315
1569746536258,small_vehicle,5,345
1570204215582,large_vehicle,0,317
1572426894938,large_vehicle,10,321
1583186187251,large_vehicle,2,115
1570292902536,large_vehicle,10,8
1581180896894,large_vehicle,1,229
1576833379575,small_vehicle,5,75
1582283711222,large_vehicle,3,190
1576832742842,small_vehicle,2,229
1567430449343,large_vehicle,5,329
1574861906115,large_vehicle,9,16
1570791438394,large_vehicle,4,151
1586364967188,large_vehicle,0,314
1582618510204,small_vehicle,6,88
1586051986447,small_vehicle,3,278
1586554270830,small_vehicle,1,244
1585941062063,small_vehicle,5,5
1567262720784,small_vehicle,10,29
1570824821148,large_vehicle,8,309
1572214480393,small_vehicle,1,253
1577772635431,large_vehicle,5,10
1567897429714,small_vehicle,6,329
1577729458635,small_vehicle,3,11
1567092271400,small_vehicle,8,141
1573829122439,small_vehicle,0,272
1570874241479,large_vehicle,10,302
1582121814749,large_vehicle,5,153
1574957965166,small_vehicle,10,19
1581784125944,large_vehicle,3,280
1566102642832,small_vehicle,5,95
1575001044761,large_vehicle,2,352
1570071205980,small_vehicle,6,124
1579402000629,small_vehicle,7,334
1580562023138,small_vehicle,7,333
1569224914039,large_vehicle,7,62
1575497330432,small_vehicle,2,152
1583077801092,small_vehicle,1,271
1564900503693,small_vehicle,0,315
1583861802709,small_vehicle,6,142
1567270592098,large_vehicle,2,345
1578584996276,large_vehicle,10,282
1580905175235,small_vehicle,7,246
1586671606346,small_vehicle,0,172
1585427107066,small_vehicle,1,10
1565182584156,large_vehicle,2,91
1579777401069,large_vehicle,3,169
1578933238714,large_vehicle,1,311
1573396155023,large_vehicle,10,236
1577511380580,large_vehicle,7,176
1582252219966,large_vehicle,1,107
1573760822596,large_vehicle,5,139
1569506883856,large_vehicle,2,333
1582454341695,large_vehicle,9,155
1580894708204,large_vehicle,9,30
1571939433802,large_vehicle,5,158
1571234020817,large_vehicle,10,62
1578487793988,small_vehicle,1,226
1584982150496,large_vehicle,5,12
1580691741034,large_vehicle,0,338
1581511506119,small_vehicle,3,264
1572348123436,small_vehicle,6,164
1585857121403,large_vehicle,8,210
1584884553388,large_vehicle,5,75
1586556814121,small_vehicle,5,347
1570100685257,large_vehicle,8,170
1584844122622,small_vehicle,8,140
1573110593170,small_vehicle,2,86
1575256683420,large_vehicle,5,221
1583430415138,large_vehicle,0,185
1566263773574,small_vehicle,1,125
1569828535780,large_vehicle,0,84
1573130094859,large_vehicle,8,123
1575133882205,large_vehicle,3,286
1566028398966,small_vehicle,2,212
1575232429287,small_vehicle,1,244
1580523113016,large_vehicle,0,49
1585943150934,small_vehicle,8,0
1565913730436,large_vehicle,9,177
1582797998120,large_vehicle,4,57
1572887685622,small_vehicle,2,206
1569790269302,large_vehicle,1,186
1573606138586,large_vehicle,9,228
1584448755496,small_vehicle,9,231
1568721645535,small_vehicle,9,6
1571278953242,small_vehicle,8,253
1570454221880,small_vehicle,8,310
1569355685696,large_vehicle,9,164
1574091528762,small_vehicle,7,130
1585805108371,small_vehicle,7,299
1583845578545,large_vehicle,0,137
1578684917194,large_vehicle,8,315
1570248103834,small_vehicle,3,59
1582700035087,small_vehicle,8,241
1583834630928,small_vehicle,3,148
1581175589412,large_vehicle,8,316
1583366592460,small_vehicle,6,34
1581193005802,large_vehicle,10,168
1584187289328,large_vehicle,7,51
1583968764061,large_vehicle,7,268
1582515654339,large_vehicle,5,18
1565272503868,large_vehicle,3,77
1581591154615,small_vehicle,5,319
1576107086671,small_vehicle,2,125
1574472209358,large_vehicle,6,338
1583889856962,small_vehicle,10,253
1580393187630,small_vehicle,1,95
1575784657756,large_vehicle,4,110
1572176360352,large_vehicle,9,287
1581704926891,large_vehicle,10,192
1566710565943,large_vehicle,0,180
1572304800903,small_vehicle,4,43
1566740163141,small_vehicle,5,250
1572611171712,small_vehicle,6,30
1573996241817,large_vehicle,9,129
1565475569102,small_vehicle,1,118
1578240278346,small_vehicle,9,41
1569364328416,large_vehicle,5,225
1575888927198,small_vehicle,6,231
1572084371287,small_vehicle,6,21
1568007363085,large_vehicle,9,204
1584517607958,large_vehicle,3,32
1573450418762,small_vehicle,7,135
1571655115765,large_vehicle,4,74
1576180177836,large_vehicle,1,228
1578241563031,large_vehicle,7,51
1565723601130,large_vehicle,3,215
1566011433637,large_vehicle,1,73
1585549249692,small_vehicle,0,104
1586199795115,large_vehicle,6,167
1570761675424,small_vehicle,8,23
1565324695178,small_vehicle,10,173
1569208272340,small_vehicle,7,304
1570113679819,large_vehicle,10,167
1569063017289,small_vehicle,4,125
1582390107583,large_vehicle,2,90
1571666133411,large_vehicle,6,171
1581900668611,small_vehicle,2,272
1576809415651,small_vehicle,8,22
1575681962511,large_vehicle,0,307
1569780139647,large_vehicle,6,287
1580330038409,large_vehicle,7,275
1575573049917,small_vehicle,3,233
1571913204529,small_vehicle,3,326
1567413756964,large_vehicle,0,244
1570441009441,large_vehicle,5,196
1579744710327,small_vehicle,10,128
1579219888414,small_vehicle,9,302
1573321362282,large_vehicle,0,66
1582544363424,small_vehicle,1,235
1581934128771,small_vehicle,4,143
1571527487497,small_vehicle,8,174
1579813230957,large_vehicle,4,220
1570249170352,small_vehicle,2,358
1571142437239,large_vehicle,5,140
1583085255107,large_vehicle,9,42
1576162334048,small_vehicle,5,360
1580200941225,small_vehicle,0,40
1584758847068,large_vehicle,8,262
1572838897168,large_vehicle,4,200
1579440927316,small_vehicle,3,202
1564984653589,small_vehicle,6,274
1571819120574,small_vehicle,1,69
1572940808800,large_vehicle,2,215
1582352947149,large_vehicle,3,10
1574827041072,large_vehicle,2,179
1565756520818,large_vehicle,8,34
1565329942135,small_vehicle,9,25
1567382094458,large_vehicle,8,3
1580213304491,large_vehicle,9,150
1577252116335,small_vehicle,6,129
1582447276483,large_vehicle,0,338
1582606949029,small_vehicle,8,194
1581010592123,large_vehicle,7,265
1582406638324,large_vehicle,2,349
1581102321473,large_vehicle,3,360
1576178497198,small_vehicle,3,25
1566892971317,small_vehicle,3,149
1585207613201,large_vehicle,3,343
1574693797000,small_vehicle,6,144
1564773799575,large_vehicle,3,33
1586599997471,small_vehicle,0,40
1586516062108,large_vehicle,8,50
1585591413637,large_vehicle,6,32
1582722428300,large_vehicle,8,111
1574703738028,large_vehicle,9,153
1584779013900,large_vehicle,5,127
1564925235364,large_vehicle,2,44
1571302980638,small_vehicle,10,249
1572128791098,large_vehicle,0,354
1584598132721,small_vehicle,4,300
1568704601103,small_vehicle,0,216
1582097200662,small_vehicle,9,288
1576904333154,small_vehicle,2,25
1567926701285,large_vehicle,4,42
1581496681762,small_vehicle,0,75
1570323117522,small_vehicle,4,271
1571406863139,small_vehicle,10,199
1586413625742,small_vehicle,5,304
1571547612043,large_vehicle,4,155
1566488183592,large_vehicle,9,35
1581562348049,small_vehicle,4,32
1569333612104,small_vehicle,4,129
1582295529824,small_vehicle,0,89
1576802196161,small_vehicle,4,136
1569032352204,small_vehicle,9,346
1573248030936,large_vehicle,3,21
1572430741660,small_vehicle,9,316
1577174595594,large_vehicle,9,216
1579860018527,small_vehicle,5,128
1567880579424,large_vehicle,9,51
1569216374387,large_vehicle,10,32
1572185869628,large_vehicle,0,277
1565507813537,large_vehicle,4,288
1565284861599,small_vehicle,10,206
1573693197254,small_vehicle,0,25
1568196081820,large_vehicle,6,126
1570703198569,large_vehicle,8,185
1568579280337,large_vehicle,5,190
1570390108936,large_vehicle,2,211
1566637808490,large_vehicle,10,136
1578230239164,small_vehicle,8,189
1576506475894,small_vehicle,7,298
1578683502722,large_vehicle,10,292
1578547480315,small_vehicle,7,334
1584435397622,small_vehicle,3,159
1566552111929,small_vehicle,0,112
1579492846899,large_vehicle,2,178
1569672367575,small_vehicle,1,178
1579638854527,small_vehicle,4,227
1585269321139,large_vehicle,1,23
1582724293447,small_vehicle,2,134
1580798083567,large_vehicle,6,264
1583153608579,large_vehicle,4,112
1582436515120,large_vehicle,0,116
1580688600693,small_vehicle,4,1
1580578608532,small_vehicle,9,43
1575011333968,small_vehicle,4,320
1571848769739,small_vehicle,7,77
1583801041273,large_vehicle,3,23
1573339657433,small_vehicle,4,108
1565360075816,small_vehicle,2,221
1582879418933,small_vehicle,2,54
1574010759507,small_vehicle,2,219
1581551857867,large_vehicle,6,332
1580334676062,large_vehicle,4,100
1577369900231,large_vehicle,5,271
1571360226793,large_vehicle,4,303
1585010972049,large_vehicle,9,264
1586571239892,large_vehicle,7,36
1577253080586,small_vehicle,2,268
1572512109728,large_vehicle,6,17
1571735577026,small_vehicle,7,332
1572693047941,small_vehicle,5,259
1579116641499,small_vehicle,4,201
1584932843810,small_vehicle,9,141
1579838015030,large_vehicle,9,212
1586047879422,small_vehicle,5,101
1579063387864,large_vehicle,4,182
1575423040100,large_vehicle,10,322
1576274774350,small_vehicle,6,96
1565790371423,small_vehicle,7,224
1583756015526,large_vehicle,2,42
1585138606408,small_vehicle,1,77
1566724464961,large_vehicle,6,9
1570802820719,large_vehicle,4,7
1572362765570,large_vehicle,0,309
1580978004949,small_vehicle,1,330
1581413375777,large_vehicle,2,40
1575940101667,large_vehicle,1,131
1576702232137,small_vehicle,7,222
1581742261367,large_vehicle,7,354
1580372367025,large_vehicle,2,323
1582381278888,large_vehicle,10,270
1575957626530,large_vehicle,7,163
1576963259789,small_vehicle,8,71
1582165140760,small_vehicle,7,112
1586481422805,small_vehicle,9,142
1578573380862,large_vehicle,7,214
1566137401314,small_vehicle,1,269
1572261651346,large_vehicle,2,57
1566013885641,small_vehicle,4,143
1572850863886,large_vehicle,5,90
1566605972712,small_vehicle,8,201
1565457392166,small_vehicle,5,285
1567992828428,large_vehicle,0,252
1572614566861,large_vehicle,4,234
1580203728609,large_vehicle,4,348
1585491638535,large_vehicle,10,285
1566350574869,small_vehicle,4,230
1574055212316,small_vehicle,0,153
1575203596092,small_vehicle,3,174
1580032488434,large_vehicle,1,229
1581939143867,large_vehicle,9,336
1570586608455,large_vehicle,6,224
1580322821179,small_vehicle,3,225
1583908694939,large_vehicle,8,51
1575990155551,small_vehicle,3,127
1585065358522,small_vehicle,2,84
1570144202418,small_vehicle,1,289
1566697769800,small_vehicle,5,171
1579089433058,large_vehicle,9,31
1571527274526,large_vehicle,3,90
1585571502832,small_vehicle,8,258
1569010851174,small_vehicle,1,104
1579770877667,large_vehicle,2,278
1578467559677,large_vehicle,2,105
1571821370858,small_vehicle,0,208
1577406816164,small_vehicle,5,300
1586314284062,small_vehicle,7,51
1581319918596,small_vehicle,8,104
1578497253566,large_vehicle,9,145
1579791733346,large_vehicle,1,328
1584376109650,small_vehicle,7,155
1580125248219,large_vehicle,9,5
1570876026021,large_vehicle,5,1
1570303784601,small_vehicle,6,334
1571715019266,large_vehicle,9,227
1579565155409,small_vehicle,1,332
1576909681842,large_vehicle,3,356
1581695345332,large_vehicle,7,152
1570566086138,large_vehicle,7,158
1574111913418,large_vehicle,9,96
1571398122853,small_vehicle,8,320
1581722378669,large_vehicle,8,113
1567368196312,small_vehicle,3,280
1570137794680,small_vehicle,8,217
1574401274589,small_vehicle,8,203
1568909942048,small_vehicle,5,246
1576920304060,small_vehicle,3,217
1583681691539,large_vehicle,0,275
1572504032684,large_vehicle,6,235
1575392293958,small_vehicle,3,238
1585038163285,small_vehicle,2,177
1567460722336,large_vehicle,5,107
1577278800032,small_vehicle,10,159
1570072749429,large_vehicle,10,18
1574456414767,large_vehicle,6,6
1570581109887,large_vehicle,3,219
1576003809871,small_vehicle,6,333
1565655338870,large_vehicle,0,253
1573883787384,large_vehicle,3,164
1566453416784,small_vehicle,10,8
1578554585106,large_vehicle,10,2
1583907509100,large_vehicle,2,319
1574626269355,small_vehicle,5,13
1577519049643,small_vehicle,7,331
1582021504633,small_vehicle,4,332
1583013655246,large_vehicle,3,204
1569570743401,small_vehicle,1,352
1572940991221,small_vehicle,1,117
1565203750834,large_vehicle,3,138
1585497650332,large_vehicle,5,12
1585899788897,large_vehicle,7,91
1574416462818,large_vehicle,5,13
1566843379622,small_vehicle,6,324
1580430748729,small_vehicle,7,92
1572376052877,large_vehicle,9,22
1580603740995,small_vehicle,6,171
1565502619983,large_vehicle,6,329
1570351852593,large_vehicle,2,261
1568077384319,small_vehicle,5,89
1568792353151,large_vehicle,10,69
1567729214521,large_vehicle,8,171
1572557185796,small_vehicle,5,84
1569973168791,small_vehicle,1,61
1571984734880,small_vehicle,7,119
1574125415037,large_vehicle,3,340
1565573970329,small_vehicle,10,226
1574758278540,large_vehicle,3,298
1576685505633,small_vehicle,3,1
1583112114052,small_vehicle,4,151
1575721471658,large_vehicle,1,92
1580270535712,small_vehicle,3,310
1568980305506,large_vehicle,7,126
1572495798640,small_vehicle,5,16
1583467555624,small_vehicle,7,343
1568161221273,large_vehicle,2,320
1572769108161,large_vehicle,3,298
1577066547112,small_vehicle,4,132
1577251162862,large_vehicle,10,249
1582298733820,small_vehicle,8,348
1567499143036,large_vehicle,1,241
1574513928144,large_vehicle,5,153
1573951024466,large_vehicle,9,227
1571775006688,small_vehicle,0,237
1578479136717,small_vehicle,10,85
1580403882391,large_vehicle,10,166
1566933491788,large_vehicle,9,6
1586224286402,large_vehicle,6,131
1572249660565,small_vehicle,1,4
1569451415689,large_vehicle,4,123
1579398973040,small_vehicle,2,193
1576851113619,large_vehicle,1,172
1578270576095,large_vehicle,5,349
1565443408483,small_vehicle,8,277
1568825357029,large_vehicle,1,147
1566565244726,large_vehicle,3,207
1572747357257,small_vehicle,0,315
1568244508249,small_vehicle,6,307
1571860899101,small_vehicle,3,146
1576395535276,small_vehicle,5,23
1566030846963,large_vehicle,3,169
1572146687293,large_vehicle,3,354
1582851373930,large_vehicle,6,272
1575761153383,large_vehicle,1,347
1564750908431,small_vehicle,3,343
1572689016555,large_vehicle,6,186
1584207717629,large_vehicle,4,315
1579147712972,small_vehicle,8,181
1570623472906,large_vehicle,8,47
1586218247532,large_vehicle,3,294
1578533143893,small_vehicle,0,210
1583590360424,small_vehicle,10,88
1571381972524,large_vehicle,1,153
1576125086778,large_vehicle,2,115
1569337352399,large_vehicle,8,44
1583767431100,small_vehicle,2,236
1586343414017,small_vehicle,6,137
1577378631980,small_vehicle,7,209
1579659561064,small_vehicle,4,209
1578792111239,large_vehicle,1,348
1566994113188,small_vehicle,8,6
1586706335899,large_vehicle,2,141
1582582928251,large_vehicle,10,318
1581322866547,large_vehicle,3,59
1579093857452,large_vehicle,4,208
1585890973294,large_vehicle,4,294
1569653927612,large_vehicle,3,56
1579189248194,large_vehicle,5,169
1579196556500,small_vehicle,3,124
1564677075954,large_vehicle,10,273
1573420018389,large_vehicle,0,315
1581150243186,small_vehicle,9,295
1574262647027,small_vehicle,0,250
1575440095759,large_vehicle,1,357
1575929827672,small_vehicle,7,21
1567183270456,small_vehicle,1,319
1570800907637,large_vehicle,10,301
1576482691532,large_vehicle,6,113
1568525198563,large_vehicle,4,322
1569453071808,large_vehicle,10,278
1586177316839,small_vehicle,3,170
1584167462971,large_vehicle,4,251
1585031145269,small_vehicle,1,101
1574448567011,small_vehicle,2,121
1570944915014,large_vehicle,2,121
1578922587857,large_vehicle,7,252
1583446536146,small_vehicle,8,48
1585197219067,large_vehicle,6,38
1581103884683,large_vehicle,3,267
1585019616262,large_vehicle,9,318
1567169945985,small_vehicle,1,284
1564680987033,large_vehicle,3,309
1583244022996,small_vehicle,2,14
1571184245853,large_vehicle,2,201
1566787112846,small_vehicle,4,66
1583944053072,small_vehicle,8,97
1580029475402,large_vehicle,6,331
1585764194262,small_vehicle,6,324
1565652025501,small_vehicle,2,256
1567951348287,small_vehicle,10,267
1586192154197,small_vehicle,9,356
1578876867665,large_vehicle,3,223
1584054680724,small_vehicle,8,28
1573998845960,large_vehicle,0,306
1567498972045,small_vehicle,8,315
1575129587964,small_vehicle,5,228
1575522871359,small_vehicle,2,113
1571714504110,large_vehicle,8,26
1570624167834,large_vehicle,9,242
1571339840393,large_vehicle,10,71
1566853220177,small_vehicle,9,130
1571786389977,small_vehicle,0,301
1575565375682,large_vehicle,0,177
1577232296260,large_vehicle,10,135
1571534867424,large_vehicle,1,169
1578832877603,large_vehicle,3,158
1572151697953,large_vehicle,10,218
1575811791834,large_vehicle,5,9
1574577390937,large_vehicle,0,181
1569516818314,large_vehicle,6,183
1565244097593,small_vehicle,8,321
1570105246724,large_vehicle,3,219
1568320210663,large_vehicle,1,282
1572946504829,large_vehicle,3,186
1581437202995,small_vehicle,3,62
1569736483697,small_vehicle,3,35
1585369350935,large_vehicle,10,96
1585300064859,small_vehicle,1,17
1580719000021,large_vehicle,3,91
1575988904401,small_vehicle,6,50
1570007789154,small_vehicle,7,166
1580659873355,large_vehicle,7,125
1585766503353,small_vehicle,5,329
1576013434720,small_vehicle,3,135
1564707149098,large_vehicle,7,198
1582282122904,small_vehicle,3,246
1580255627347,small_vehicle,9,296
1578072295419,large_vehicle,1,322
1575463352430,large_vehicle,1,143
1582335628853,small_vehicle,9,201
1580302538399,large_vehicle,7,357
1579048359279,large_vehicle,3,290
1572337614669,large_vehicle,1,194
1567582650026,large_vehicle,8,65
1584170486340,small_vehicle,2,47
1582974173831,small_vehicle,3,202
1572770792216,large_vehicle,3,128
1570883471903,small_vehicle,9,289
1584613428295,large_vehicle,0,180
1581993966155,large_vehicle,0,90
1577631905209,small_vehicle,0,291
1581672333990,large_vehicle,1,168
1566073699829,large_vehicle,1,102
1583410880370,small_vehicle,3,258
1564899632484,large_vehicle,2,280
1580391740452,small_vehicle,1,266
1586523505797,large_vehicle,1,305
