1580353976514,large_vehicle,4,0
1573910149150,small_vehicle,5,332
1566682398781,large_vehicle,6,79
1580758379509,small_vehicle,7,49
1583038923782,large_vehicle,3,283
1583588526801,large_vehicle,8,182
1583585521187,small_vehicle,7,106
1577459953250,small_vehicle,5,276
1577890116829,large_vehicle,1,352
1570897925527,small_vehicle,9,23
1579247290179,large_vehicle,8,28
1577504267863,large_vehicle,9,58
1585643221617,large_vehicle,1,211
1565668960741,small_vehicle,7,356
1574441968029,small_vehicle,5,41
1582115246261,large_vehicle,6,40
1573032303673,large_vehicle,9,26
1582247511157,small_vehicle,3,114
1566617572498,small_vehicle,9,350
1586661608217,large_vehicle,6,268
1580832834100,large_vehicle,9,91
1585332833005,small_vehicle,6,141
1585170640030,small_vehicle,6,33
1580971648317,small_vehicle,5,141
1567186253859,small_vehicle,7,268
1573732852618,small_vehicle,8,157
1572953040459,small_vehicle,9,223
1574597951923,large_vehicle,7,224
1582751095468,small_vehicle,9,180
1570392570646,large_vehicle,8,52
1581186169900,large_vehicle,4,38
1581209950789,small_vehicle,6,328
1570986211620,small_vehicle,7,199
1578602935544,small_vehicle,7,135
1582972012773,small_vehicle,7,67
1574793407126,large_vehicle,1,286
1581248385346,large_vehicle,6,265
1581454102254,small_vehicle,7,318
1580126679174,small_vehicle,9,142
1570052867156,small_vehicle,6,268
1578628766882,small_vehicle,2,109
1584581305619,large_vehicle,6,145
1575406277645,large_vehicle,0,162
1575738602554,large_vehicle,7,34
1568761398408,large_vehicle,2,175
1576919299866,small_vehicle,6,356
1582899979564,small_vehicle,5,40
1565055705938,large_vehicle,7,224
1568487972057,large_vehicle,3,329
1570507502835,small_vehicle,6,102
1574559206092,small_vehicle,7,75
1574989921483,small_vehicle,0,24
1586313010409,large_vehicle,5,47
1568988177476,large_vehicle,3,62
1572123625619,small_vehicle,0,50
1570344287998,small_vehicle,6,80
1566053429077,small_vehicle,4,187
1567373128417,large_vehicle,3,160
1581502625717,small_vehicle,5,8
1570824199737,large_vehicle,9,330
1577462494286,large_vehicle,10,169
1567310278784,small_vehicle,6,334
1564918187247,large_vehicle,5,346
1569630486034,large_vehicle,3,83
1571295668452,large_vehicle,1,216
1581076545515,large_vehicle,6,280
1583721452919,small_vehicle,9,119
1567167314374,large_vehicle,6,263
1585989554430,large_vehicle,0,169
1585190435430,small_vehicle,6,68
1579534599255,small_vehicle,8,99
1567407025388,large_vehicle,4,303
1564647751630,small_vehicle,10,71
1586601533080,small_vehicle,4,148
1583167612253,large_vehicle,7,97
1568839107591,small_vehicle,6,186
1570075378128,large_vehicle,2,168
1565842495692,large_vehicle,2,271
1585294731745,large_vehicle,0,238
1569396077428,small_vehicle,3,32
1585951594884,small_vehicle,2,112
1575374611222,small_vehicle,0,251
1565848905825,large_vehicle,2,100
1576747411090,small_vehicle,3,75
1581978387545,small_vehicle,5,142
1568057957183,large_vehicle,8,270
1577315250472,small_vehicle,8,217
1575992586950,small_vehicle,0,49
1575936499913,small_vehicle,3,216
1578207246765,large_vehicle,0,358
1575238832500,large_vehicle,10,40
1586712825236,small_vehicle,10,32
1575521135194,small_vehicle,4,236
1582673823389,large_vehicle,9,312
1580060368061,small_vehicle,10,327
1570753976754,small_vehicle,10,300
1580108358417,large_vehicle,2,252
1581174106038,small_vehicle,4,33
1582002327990,large_vehicle,2,301
1564703950300,large_vehicle,4,60
1577352871850,large_vehicle,7,311
1571209291713,small_vehicle,4,344
1575739231741,large_vehicle,1,85
1582932421819,large_vehicle,2,212
1584912467738,large_vehicle,3,186
1566610136878,large_vehicle,7,51
1582217734717,large_vehicle,8,196
1582556628533,large_vehicle,7,68
1574558316818,large_vehicle,7,9
1577535129607,small_vehicle,10,315
1572857134946,large_vehicle,2,292
1573381653169,small_vehicle,6,245
1586370529438,large_vehicle,8,133
1573725037680,large_vehicle,1,177
1571628747779,large_vehicle,4,121
1573788883051,large_vehicle,4,137
1566222202545,small_vehicle,4,163
1582249290622,large_vehicle,10,150
1567650789067,small_vehicle,0,108
1568904332928,large_vehicle,5,83
1575210596555,large_vehicle,1,221
1570178931831,large_vehicle,1,46
1580035286693,small_vehicle,1,216
1565219476545,small_vehicle,2,113
1583289873642,large_vehicle,2,184
1574405404088,large_vehicle,0,1
1568706133139,large_vehicle,6,39
1584513703250,small_vehicle,2,257
1573716860752,large_vehicle,7,280
1584321206958,large_vehicle,1,185
1582715837751,large_vehicle,0,351
1572708876899,small_vehicle,4,60
1573083772401,small_vehicle,7,335
1583542179016,large_vehicle,7,58
1580101227088,large_vehicle,7,309
1567054856194,small_vehicle,2,110
1576766111142,small_vehicle,9,214
1584078048501,small_vehicle,5,266
1568938416803,small_vehicle,3,155
1575010733937,large_vehicle,2,321
1573453452300,large_vehicle,9,345
1586100185279,small_vehicle,10,7
1570981008299,large_vehicle,6,236
1573586056214,large_vehicle,1,360
1576548779644,large_vehicle,10,272
1565227519348,large_vehicle,3,223
1581278096269,small_vehicle,0,218
1568076120734,large_vehicle,10,101
1573993810465,large_vehicle,10,254
1567843676466,small_vehicle,8,231
1586056521127,small_vehicle,4,78
1574998219664,small_vehicle,10,230
1586067043810,small_vehicle,2,267
1569533729156,small_vehicle,6,319
1571238853447,large_vehicle,4,57
1578368894151,small_vehicle,3,239
1583978951809,small_vehicle,1,268
1585974415808,large_vehicle,5,266
1578980012610,small_vehicle,6,321
1579061851768,small_vehicle,3,188
1579269368204,small_vehicle,10,300
1566087722026,small_vehicle,1,80
1570622974002,small_vehicle,9,223
1581679674120,large_vehicle,6,181
1571115981443,large_vehicle,5,175
1580644600220,large_vehicle,8,126
1570857445521,small_vehicle,6,214
1572623100636,small_vehicle,9,67
1579087652029,large_vehicle,1,189
1570034376943,small_vehicle,5,16
1579034759839,small_vehicle,0,278
1573122771007,large_vehicle,1,285
1575013219607,large_vehicle,4,120
1576983098796,small_vehicle,9,131
1574281417418,small_vehicle,2,297
1582974539593,small_vehicle,9,215
1574314125538,large_vehicle,6,294
1574797413643,large_vehicle,6,45
1565573112147,large_vehicle,0,322
1576267170588,small_vehicle,2,278
1569443673098,small_vehicle,3,225
1570779509285,large_vehicle,5,220
1582693148726,large_vehicle,9,149
1577494498631,small_vehicle,1,112
1572250694811,large_vehicle,8,181
1574156509430,large_vehicle,5,155
1573251798281,large_vehicle,3,341
1576665286517,large_vehicle,2,169
1580009317723,small_vehicle,7,216
1585742659847,small_vehicle,8,127
1582406112567,small_vehicle,5,86
1573884664019,large_vehicle,1,240
1578943769449,large_vehicle,8,253
1576479671293,large_vehicle,6,45
1586516077968,small_vehicle,3,42
1578527179585,small_vehicle,2,268
1574688978316,small_vehicle,3,122
1579586930412,large_vehicle,10,343
1573283024595,small_vehicle,10,19
1580033052877,large_vehicle,8,11
1576640151967,small_vehicle,6,250
1573735121988,large_vehicle,4,191
1579944629951,small_vehicle,1,50
1581872899554,small_vehicle,1,342
1574932418467,small_vehicle,9,116
1581196602888,large_vehicle,0,335
1568826198093,small_vehicle,4,134
1566067613604,small_vehicle,10,345
1570607089518,small_vehicle,6,249
1573803744463,large_vehicle,2,160
1573041540695,small_vehicle,9,42
1569902226850,large_vehicle,2,2
1565263672279,large_vehicle,9,331
1574600252725,large_vehicle,2,91
1579779144938,large_vehicle,4,165
1580914289494,small_vehicle,2,153
1576193915079,large_vehicle,2,157
1578587661571,large_vehicle,9,185
1582202145936,large_vehicle,9,223
1572311998980,large_vehicle,0,116
1575817936007,large_vehicle,10,213
1568300382045,small_vehicle,9,54
1579711711398,small_vehicle,7,241
1578750313142,large_vehicle,6,90
1565365527841,small_vehicle,5,302
1569679958607,small_vehicle,5,103
1572000826840,large_vehicle,10,227
1586002114030,large_vehicle,9,266
1576526553344,large_vehicle,6,63
1571332825854,large_vehicle,9,283
1565237051268,large_vehicle,9,142
1583803778076,small_vehicle,4,337
1585930471981,large_vehicle,6,202
1576624039504,small_vehicle,5,25
1578246384742,small_vehicle,4,160
1579590735481,large_vehicle,3,237
1566038544296,small_vehicle,5,288
1583795433329,small_vehicle,4,207
1582768710217,large_vehicle,0,186
1571815415180,large_vehicle,6,175
1566537995079,large_vehicle,2,318
1581927965471,large_vehicle,5,258
1566603330982,small_vehicle,5,80
1582450510402,large_vehicle,8,44
1575207441127,small_vehicle,8,263
1570078373402,small_vehicle,0,111
1574885019303,small_vehicle,10,249
1573571057361,large_vehicle,2,215
1583395600042,large_vehicle,2,231
1579331781044,small_vehicle,6,253
1573486551135,small_vehicle,9,227
1567408206393,small_vehicle,0,7
1570003456176,small_vehicle,1,32
1565414042959,large_vehicle,7,309
1576768968182,large_vehicle,5,53
1569574564134,small_vehicle,4,69
1577198934524,large_vehicle,5,193
1564857170985,small_vehicle,9,222
1578536963371,small_vehicle,4,179
1585134958793,small_vehicle,5,86
1564987469314,large_vehicle,7,203
1571235060460,small_vehicle,10,353
1571385308725,large_vehicle,10,172
1585079988508,large_vehicle,3,275
1582916298317,large_vehicle,2,92
1570478230273,small_vehicle,2,1
1571242533068,large_vehicle,7,184
1583326550352,large_vehicle,9,270
1566297768495,small_vehicle,8,78
1581744094989,small_vehicle,5,286
1578244403522,small_vehicle,2,64
1580036033494,small_vehicle,9,99
1567416319891,small_vehicle,10,93
1578755007079,large_vehicle,1,8
1581687888087,large_vehicle,6,27
1584773960188,large_vehicle,3,46
1578383374532,large_vehicle,5,161
1583089281671,small_vehicle,8,119
1574566892359,small_vehicle,9,6
1574692706832,large_vehicle,9,202
1576661770481,large_vehicle,3,229
1584162511979,large_vehicle,1,161
1585472639076,small_vehicle,2,295
1583587079464,large_vehicle,0,192
1566412710380,small_vehicle,5,184
1568063543472,small_vehicle,0,38
1571825179177,small_vehicle,4,293
1581162623231,large_vehicle,6,116
1583508534899,small_vehicle,8,324
1583924756611,large_vehicle,10,182
1577285055315,small_vehicle,6,185
1570725896746,large_vehicle,2,115
1580268555459,small_vehicle,9,240
1574141294011,large_vehicle,3,328
1576988928435,small_vehicle,1,52
1579745021062,large_vehicle,10,263
1579692737968,large_vehicle,9,200
1564805047450,small_vehicle,3,114
1579570913712,large_vehicle,10,342
1572931669538,large_vehicle,1,208
1573551075219,small_vehicle,7,308
1585677987161,large_vehicle,3,311
1566291173218,large_vehicle,8,326
1582340662449,small_vehicle,10,259
1567314538032,small_vehicle,9,192
1579837424987,small_vehicle,4,263
1575282666640,small_vehicle,3,272
1580022530969,large_vehicle,4,241
1580373343152,small_vehicle,0,352
1586636589619,small_vehicle,5,218
1568859489461,small_vehicle,9,125
1567682087010,small_vehicle,7,83
1574069483723,small_vehicle,4,172
1570082783577,small_vehicle,4,154
1580192830746,large_vehicle,5,98
1574447684578,large_vehicle,6,185
1579186832233,large_vehicle,4,124
1564856677521,small_vehicle,8,239
1579137071209,small_vehicle,10,168
1571713802889,large_vehicle,2,101
1566729185584,small_vehicle,8,254
1572247084250,small_vehicle,7,139
1583084483781,large_vehicle,10,41
1581287500387,large_vehicle,9,243
1566463971137,large_vehicle,5,226
1582465668608,small_vehicle,1,274
1567244771399,small_vehicle,10,23
1584272026802,small_vehicle,6,347
1570859238530,large_vehicle,10,60
1583305702062,small_vehicle,7,131
1566534494243,small_vehicle,4,44
1568111503553,large_vehicle,3,254
1580356706847,large_vehicle,7,285
1566983785760,small_vehicle,8,241
1566426034274,small_vehicle,2,141
1580326469338,small_vehicle,4,231
1584053803420,small_vehicle,1,226
1584365039497,small_vehicle,4,123
1571604420317,large_vehicle,1,118
1578042675102,large_vehicle,2,193
1568141598047,large_vehicle,1,21
1580614119704,large_vehicle,5,306
1585173917596,small_vehicle,9,52
1573033035951,large_vehicle,10,42
1566005490469,small_vehicle,6,42
1573125971917,large_vehicle,5,329
1569905296691,small_vehicle,9,121
1583906999781,small_vehicle,2,138
1568546625613,large_vehicle,8,262
1585789465274,small_vehicle,5,235
1568940813925,small_vehicle,7,171
1579456336529,small_vehicle,2,65
1582835629727,large_vehicle,3,96
1584319647410,large_vehicle,4,135
1580434519554,small_vehicle,10,78
1581113161389,small_vehicle,1,65
1571761042550,small_vehicle,1,222
1566453183064,small_vehicle,9,178
1579215947737,large_vehicle,10,241
1584914386684,large_vehicle,2,244
1564964758117,small_vehicle,4,204
1570164876575,small_vehicle,5,213
1583183767149,small_vehicle,8,25
1581276660119,large_vehicle,10,347
1569135651351,large_vehicle,6,318
1580882746835,large_vehicle,7,239
1579178228136,small_vehicle,10,346
1585738199078,small_vehicle,10,344
1567358290251,small_vehicle,3,64
1583886699650,small_vehicle,0,170
1569059614244,large_vehicle,3,298
1576955582816,small_vehicle,3,248
1575832936180,large_vehicle,9,46
1579459241016,large_vehicle,9,225
1580958413123,large_vehicle,8,255
1566891248275,large_vehicle,4,158
1567170257005,small_vehicle,0,201
1579904625449,small_vehicle,9,281
1575748348948,large_vehicle,0,204
1565445481170,large_vehicle,0,1
1573904609744,large_vehicle,8,137
1570103554366,small_vehicle,9,297
1571029941540,small_vehicle,4,177
1582706339146,large_vehicle,4,242
1565380027934,large_vehicle,6,144
1583712638322,large_vehicle,7,210
1571340974911,small_vehicle,0,20
1570266330967,large_vehicle,0,130
1576162816666,large_vehicle,6,179
1574953092144,small_vehicle,3,321
1577353412958,small_vehicle,0,211
1582760257938,small_vehicle,4,300
1586247751345,small_vehicle,6,32
1572561877052,large_vehicle,5,342
1586393438910,small_vehicle,9,93
1577332588595,large_vehicle,3,278
1574895668933,large_vehicle,8,62
1584661429730,large_vehicle,5,264
1582540347336,small_vehicle,0,35
1583374756580,small_vehicle,3,5
1575877943438,small_vehicle,9,314
1586600164941,large_vehicle,0,133
1573964175400,large_vehicle,4,159
1574665286138,large_vehicle,0,0
1577282023298,large_vehicle,0,59
1570053713392,large_vehicle,9,122
1578880102042,small_vehicle,8,225
1569558728233,large_vehicle,7,140
1574023142727,large_vehicle,6,199
1580240009049,small_vehicle,1,200
1576092269197,large_vehicle,5,262
1579587674756,large_vehicle,1,64
1580663746659,large_vehicle,1,223
1566900848180,large_vehicle,2,201
1565995925407,large_vehicle,6,157
1583689880111,large_vehicle,5,152
1572017458213,large_vehicle,0,2
1577155009467,large_vehicle,9,281
1573626679511,large_vehicle,5,275
1567113506627,small_vehicle,3,214
1585945618383,small_vehicle,2,230
1586168223535,small_vehicle,3,311
1565528314371,small_vehicle,5,105
1581970704228,large_vehicle,2,4
1577506523308,large_vehicle,8,338
1581651214255,large_vehicle,5,353
1583464703856,small_vehicle,6,168
1581483995022,large_vehicle,1,258
1585265285000,small_vehicle,0,149
1582727581597,small_vehicle,7,24
1580228652871,large_vehicle,0,194
1578519928200,large_vehicle,6,264
1579428462168,large_vehicle,10,132
1568931442715,large_vehicle,1,227
1586585477226,small_vehicle,2,54
1580950504324,small_vehicle,3,142
1580363254641,large_vehicle,3,254
1573848444419,small_vehicle,4,255
1573941753503,small_vehicle,4,234
1570436056830,small_vehicle,8,26
1575680657958,large_vehicle,9,185
1586484068406,large_vehicle,2,229
1566492224437,large_vehicle,4,202
1571348236604,small_vehicle,2,153
1585430174993,small_vehicle,2,73
1570626653592,small_vehicle,2,11
1571010270082,large_vehicle,3,332
1585039557639,small_vehicle,10,197
1568985833162,large_vehicle,1,296
1582247923854,large_vehicle,7,276
1580587381420,small_vehicle,5,344
1570288589347,small_vehicle,7,301
1576290526233,large_vehicle,2,124
1584443996415,small_vehicle,9,256
1567203287372,large_vehicle,9,3
1583402540767,large_vehicle,1,272
1578184417870,small_vehicle,4,272
1572571512376,large_vehicle,5,88
1584707475615,small_vehicle,4,171
1582238308425,small_vehicle,5,42
1568827636993,small_vehicle,9,78
1586561100654,large_vehicle,3,2
1575119639531,small_vehicle,4,71
1576720069378,small_vehicle,1,139
1565849251195,small_vehicle,4,245
1584289697164,small_vehicle,9,190
1576439819912,large_vehicle,1,140
1573110957511,large_vehicle,3,100
1572835413058,large_vehicle,7,95
1565614048374,large_vehicle,1,53
1579909821274,large_vehicle,10,263
1577983368069,small_vehicle,6,100
1573015242981,large_vehicle,9,88
1585271538306,large_vehicle,10,300
1579703099430,large_vehicle,10,283
1573742297922,large_vehicle,2,60
1584230880537,large_vehicle,6,210
1579271800597,large_vehicle,5,30
1576763686486,small_vehicle,4,296
1572179962415,small_vehicle,8,200
1573488804496,large_vehicle,7,79
1577780620877,small_vehicle,3,99
1568327241190,large_vehicle,0,250
1581388208071,small_vehicle,3,122
1573733249282,large_vehicle,9,139
1583442106657,small_vehicle,6,208
1576892756338,large_vehicle,7,153
1586205630372,large_vehicle,7,47
1567959566975,small_vehicle,4,6
1570582399847,small_vehicle,7,338
1586040312490,large_vehicle,9,192
1575505879813,large_vehicle,1,181
1576974292983,large_vehicle,1,297
1574184192677,large_vehicle,8,104
1585599358716,small_vehicle,2,122
1577929420200,small_vehicle,2,159
1583446268205,large_vehicle,9,179
1574130877816,large_vehicle,7,162
1567310129284,large_vehicle,2,156
1578447385229,small_vehicle,4,104
1567017727424,small_vehicle,7,67
1573871626696,small_vehicle,1,173
1571472973563,small_vehicle,9,157
1572858513810,large_vehicle,6,220
1569504229022,small_vehicle,10,157
1583646081936,large_vehicle,2,258
1566125736115,small_vehicle,0,84
1567135299878,small_vehicle,4,57
1570235484624,small_vehicle,3,49
1565659503294,small_vehicle,1,70
1573656555638,small_vehicle,1,351
1582304117447,large_vehicle,9,30
1584506792766,small_vehicle,1,166
1566829823528,small_vehicle,4,148
1573267817371,small_vehicle,10,250
1568858517958,large_vehicle,6,111
1584663738871,small_vehicle,8,224
1581773782688,large_vehicle,3,242
1584778828032,large_vehicle,10,58
1571045680453,small_vehicle,10,5
1586724824267,small_vehicle,2,245
1580982684081,large_vehicle,10,183
1582471687312,small_vehicle,4,157
1575923464193,large_vehicle,6,124
1570514346756,large_vehicle,0,182
1574363081390,small_vehicle,4,200
1578823608152,small_vehicle,3,138
1583439097548,large_vehicle,4,153
1586047876025,small_vehicle,7,121
1586473181151,small_vehicle,5,277
1574586868998,large_vehicle,0,350
1567024675362,large_vehicle,9,165
1581976278850,small_vehicle,5,271
1585831800883,large_vehicle,5,11
1584395751355,large_vehicle,8,12
1577684481136,small_vehicle,8,135
1575531510074,small_vehicle,4,86
1583535027381,large_vehicle,4,112
1577072879892,large_vehicle,0,40
1577160913875,large_vehicle,1,297
1572395434170,large_vehicle,1,221
1578016746353,small_vehicle,1,30
1573047729857,small_vehicle,0,310
1584436050683,large_vehicle,8,259
1582419699365,large_vehicle,8,72
1583049590727,small_vehicle,6,45
1584692832961,small_vehicle,10,246
1576463234168,small_vehicle,0,261
1573087167080,large_vehicle,1,46
1571427103759,large_vehicle,3,161
1574022878516,small_vehicle,8,172
1574247545442,large_vehicle,0,198
1575516800493,large_vehicle,5,179
1572730280808,large_vehicle,7,87
1583971012525,small_vehicle,3,300
1568018288280,small_vehicle,1,229
1569327876978,large_vehicle,7,296
1581320498523,small_vehicle,0,313
1579677215288,large_vehicle,8,11
1577647170142,small_vehicle,4,230
1583543577911,small_vehicle,9,185
1580129392863,small_vehicle,7,61
1584850854383,small_vehicle,7,279
1585133470037,large_vehicle,6,153
1565235712070,large_vehicle,1,91
1578421634770,small_vehicle,3,106
1566096528609,large_vehicle,1,242
1582974815729,large_vehicle,5,82
1569789209174,large_vehicle,4,297
1581513541591,small_vehicle,3,41
1572228360946,large_vehicle,2,285
1585256022267,small_vehicle,0,133
1578115666387,small_vehicle,9,39
1583616150140,large_vehicle,7,328
1584976777993,large_vehicle,9,184
1569728709221,large_vehicle,4,151
1568748747464,large_vehicle,1,327
1581210332223,large_vehicle,2,132
1576469764211,small_vehicle,2,298
1565768307167,small_vehicle,5,137
1568537477495,large_vehicle,8,260
1570065536624,small_vehicle,1,353
1579534975487,small_vehicle,3,94
1564936092026,small_vehicle,6,84
1577331524164,small_vehicle,0,178
1576625481120,small_vehicle,10,153
1579419160955,large_vehicle,9,18
1579106343077,large_vehicle,1,212
1579016344371,small_vehicle,2,14
1581277018228,large_vehicle,4,199
1577683044707,small_vehicle,4,312
1568681295651,small_vehicle,8,252
1580698300218,small_vehicle,6,117
1584443946657,large_vehicle,0,22
1575675544904,small_vehicle,10,133
1575160257228,large_vehicle,2,230
1583768185042,large_vehicle,1,96
1571732877170,small_vehicle,2,269
1574550804996,small_vehicle,4,359
1579525182234,small_vehicle,5,210
1571177514648,large_vehicle,7,202
1583718764870,large_vehicle,8,330
1581269217189,small_vehicle,5,351
1578761951831,small_vehicle,4,178
1565662888953,large_vehicle,7,20
1575087392801,small_vehicle,2,195
1579084948251,small_vehicle,5,93
1572827292438,large_vehicle,6,309
1586708611948,large_vehicle,7,316
1579529063539,small_vehicle,2,224
1581529578993,large_vehicle,5,353
1586335033796,large_vehicle,10,306
1575699705274,small_vehicle,6,81
1568883181708,small_vehicle,9,113
1569854226631,large_vehicle,4,9
1571033854922,large_vehicle,3,243
1584336083719,large_vehicle,7,347
1576632654102,small_vehicle,1,31
1576049268324,large_vehicle,9,150
1572145429337,large_vehicle,1,265
1580410484126,large_vehicle,2,143
1575677473518,small_vehicle,6,131
1568571675360,small_vehicle,9,322
1571054838146,large_vehicle,5,255
1583448145576,small_vehicle,6,279
1567380157871,large_vehicle,8,127
1578040100386,large_vehicle,1,338
1574331644385,small_vehicle,4,57
1579262422566,small_vehicle,7,287
1579729644265,large_vehicle,10,188
1568965782666,large_vehicle,2,4
1577007564843,large_vehicle,7,102
1581887864201,large_vehicle,5,201
1572760998263,large_vehicle,2,123
1566179965480,large_vehicle,6,329
1583190965089,small_vehicle,9,347
1575625205979,large_vehicle,6,267
1584116152388,large_vehicle,7,199
1580851806426,small_vehicle,5,352
1569691734297,large_vehicle,3,152
1577816340252,small_vehicle,0,92
1577204668555,small_vehicle,7,57
1576151136047,large_vehicle,3,29
1582514148791,large_vehicle,5,346
1580789000288,large_vehicle,5,259
1570221245904,small_vehicle,7,35
1584198231648,small_vehicle,6,118
1584444962206,small_vehicle,9,133
1584171472080,small_vehicle,8,317
1586699046096,small_vehicle,6,348
1573297424381,large_vehicle,9,50
1574030296839,large_vehicle,5,33
1566394713629,large_vehicle,8,228
1579924460767,large_vehicle,8,202
1581154640171,large_vehicle,9,104
1582584101996,small_vehicle,7,52
1571479135085,small_vehicle,7,270
1583151096348,small_vehicle,0,339
1582507747741,large_vehicle,10,47
1574332418139,small_vehicle,8,115
1576354516939,small_vehicle,2,279
1577365932135,small_vehicle,4,257
1581913758921,large_vehicle,6,239
1569245886622,small_vehicle,8,48
1579079879169,small_vehicle,4,246
1571780995029,large_vehicle,7,169
1574073470467,small_vehicle,6,355
1578501633312,large_vehicle,4,141
1573220270329,large_vehicle,9,163
1584751793622,large_vehicle,4,349
1584255287258,small_vehicle,9,110
1585951152157,large_vehicle,2,360
1565046948846,large_vehicle,0,334
1582902025490,large_vehicle,3,197
1579603828638,small_vehicle,10,318
1574257341553,large_vehicle,7,337
1586261447813,large_vehicle,1,226
1581316156443,small_vehicle,7,359
1583588013381,large_vehicle,7,142
1570110783448,small_vehicle,2,82
1570458091570,large_vehicle,9,111
1574833853284,small_vehicle,0,230
1584835509956,small_vehicle,0,268
1582904759514,large_vehicle,2,13
1577328269686,large_vehicle,6,358
1568392413865,large_vehicle,10,113
1585276120181,large_vehicle,7,124
1566080882036,small_vehicle,8,85
1565477628553,small_vehicle,6,190
1572283252361,large_vehicle,4,176
1577291568794,small_vehicle,0,312
1582617942695,large_vehicle,3,191
1566455454319,small_vehicle,10,242
1566028964173,small_vehicle,6,134
1570866968728,large_vehicle,3,328
1576779809967,small_vehicle,9,186
1573527377229,large_vehicle,7,329
1584229392349,small_vehicle,4,142
1570279767727,large_vehicle,6,310
1578217221313,small_vehicle,3,244
1582733070123,large_vehicle,6,284
1572165589205,small_vehicle,5,129
1578756151951,small_vehicle,10,38
1566658807682,large_vehicle,10,1
1570870457166,small_vehicle,4,308
1572306890114,small_vehicle,7,279
1572747867113,small_vehicle,2,50
1568918962403,small_vehicle,2,150
1576477564713,small_vehicle,6,7
1583303507378,small_vehicle,10,153
1568447697223,small_vehicle,2,23
1574564671957,large_vehicle,6,140
1574183060109,small_vehicle,2,58
1581873456762,small_vehicle,7,285
1566577181873,large_vehicle,4,177
1569328236956,small_vehicle,6,358
1584340321761,small_vehicle,7,324
1568572007182,small_vehicle,5,160
1578195551667,large_vehicle,0,291
1565551324531,large_vehicle,10,300
1577822207094,large_vehicle,8,194
1583968753806,small_vehicle,7,156
1580396333101,large_vehicle,7,256
1569247672619,small_vehicle,4,333
1580116363474,large_vehicle,5,286
1579027175657,small_vehicle,2,291
1575003169464,large_vehicle,2,80
1570861773870,small_vehicle,3,132
1574770387890,large_vehicle,2,92
1574150034845,small_vehicle,6,21
1570692714901,small_vehicle,5,249
1571544568394,small_vehicle,5,139
1567377861312,large_vehicle,3,112
1585845512011,small_vehicle,1,17
1575851469617,small_vehicle,7,60
1584005724841,large_vehicle,8,220
1567950991414,small_vehicle,6,35
1581708667718,large_vehicle,10,288
1566726063016,small_vehicle,4,300
1570741935271,large_vehicle,5,29
1578018152955,small_vehicle,0,222
1567547274842,small_vehicle,0,245
1584146380959,small_vehicle,0,134
1576209764305,small_vehicle,4,288
1575122457873,large_vehicle,10,269
1586252895226,large_vehicle,5,355
1571300437048,large_vehicle,5,145
1585066034986,small_vehicle,4,29
1569998978071,small_vehicle,10,26
1567763017904,small_vehicle,5,73
1567800056941,large_vehicle,4,260
1582068336073,small_vehicle,5,298
1582557200373,large_vehicle,4,126
1579368816272,small_vehicle,8,227
1567673206446,large_vehicle,3,280
1571216132948,small_vehicle,8,170
1574798026721,large_vehicle,9,188
1568647750821,large_vehicle,8,285
1585993657315,large_vehicle,5,306
1578906539799,large_vehicle,1,68
1571934412585,small_vehicle,2,171
1570643343829,large_vehicle,3,207
1578321078358,small_vehicle,1,198
1565422674943,small_vehicle,1,221
1586686841731,large_vehicle,2,160
1568560373976,large_vehicle,5,212
1567654043311,small_vehicle,7,105
1570198797004,large_vehicle,2,346
1580773307439,large_vehicle,2,15
1584863561619,large_vehicle,9,313
1576325223535,large_vehicle,10,213
1565621666290,large_vehicle,5,185
1569780947551,large_vehicle,9,255
1583809790122,large_vehicle,9,13
1565419642440,large_vehicle,4,37
1566652437965,small_vehicle,7,116
1581419028495,small_vehicle,9,129
1567024150551,small_vehicle,0,218
1573478827041,small_vehicle,6,187
1585869409469,large_vehicle,9,284
1583152227981,large_vehicle,10,73
1574130813635,small_vehicle,9,341
1567352893047,small_vehicle,3,306
1584261897668,small_vehicle,4,344
1566357595877,large_vehicle,7,17
1571812696022,large_vehicle,5,222
1581985835059,small_vehicle,7,136
1576839809792,small_vehicle,1,112
1576542676916,large_vehicle,3,323
1578023604982,small_vehicle,3,54
1577500976721,large_vehicle,2,256
1581263748887,large_vehicle,4,68
1575912124323,large_vehicle,3,31
1573851031827,large_vehicle,6,191
1586645460201,large_vehicle,7,41
1565662595461,large_vehicle,4,90
1566139631074,small_vehicle,7,292
1581018583912,small_vehicle,10,155
1584514264705,small_vehicle,3,354
1583283219955,large_vehicle,0,49
1580973521932,large_vehicle,2,20
1577071107826,large_vehicle,3,92
1569500699498,small_vehicle,6,179
1576466345950,large_vehicle,1,31
1582572665943,small_vehicle,0,2
1578291878933,large_vehicle,3,116
1583212390658,large_vehicle,6,201
1576348180718,small_vehicle,4,216
1584042609784,small_vehicle,9,272
1575716769536,small_vehicle,10,252
1575117660716,large_vehicle,3,78
1578980919890,large_vehicle,3,210
1578826067117,large_vehicle,4,218
1569675790296,small_vehicle,5,115
1582716727327,large_vehicle,3,264
1584044835870,small_vehicle,8,61
1583858949252,small_vehicle,6,161
1576450061953,small_vehicle,3,334
1577553390071,large_vehicle,9,41
1582908618064,large_vehicle,2,34
1579757254527,large_vehicle,2,12
1578138038692,small_vehicle,9,124
1578116701001,small_vehicle,6,117
1573274624034,large_vehicle,3,202
1576885411462,large_vehicle,4,134
1568468414213,large_vehicle,3,171
1578433985736,small_vehicle,1,112
1566640208133,small_vehicle,7,335
1565336451318,large_vehicle,5,103
1564962453015,small_vehicle,8,184
1586050782055,large_vehicle,1,182
1564789143188,small_vehicle,7,65
1575916879329,large_vehicle,6,139
1581043438229,small_vehicle,4,107
1564773444214,large_vehicle,8,182
1582508872785,large_vehicle,1,170
1586248499327,small_vehicle,7,242
1585286800219,small_vehicle,2,123
1579124633512,large_vehicle,4,8
1566100698090,large_vehicle,10,300
1573164127523,small_vehicle,7,266
1581775685302,small_vehicle,7,188
1567393278365,large_vehicle,6,152
1576029350958,small_vehicle,2,281
1568197102902,small_vehicle,4,245
1584655296129,small_vehicle,0,333
1584313947320,large_vehicle,2,43
1584667765245,large_vehicle,5,8
1584782147300,small_vehicle,1,281
1567905771390,small_vehicle,4,82
1581061536327,small_vehicle,6,312
1565899664954,small_vehicle,1,180
1572925987378,small_vehicle,6,154
1574962949538,large_vehicle,9,216
1580584330016,small_vehicle,5,194
1586568978549,small_vehicle,6,69
1580925294469,large_vehicle,2,236
1581587087622,large_vehicle,9,207
1567672885536,small_vehicle,1,79
1564946550670,large_vehicle,5,41
1576978326528,small_vehicle,4,215
1585018471056,large_vehicle,6,66
1565151682275,small_vehicle,0,250
1566912071252,small_vehicle,3,78
1569651683190,large_vehicle,5,296
1576018412843,small_vehicle,2,141
1576902504278,large_vehicle,3,347
1565905703425,large_vehicle,3,210
1569620062154,large_vehicle,8,258
1579528026901,large_vehicle,10,126
1574877675652,large_vehicle,7,88
1585052960849,large_vehicle,1,344
1586389456249,large_vehicle,8,327
1566499866186,small_vehicle,5,259
1580859691041,small_vehicle,5,161
1576634842276,small_vehicle,3,342
1582731822626,large_vehicle,7,285
1582264426495,small_vehicle,4,7
1574544044929,large_vehicle,8,175
1567722988904,large_vehicle,5,108
1572153603599,large_vehicle,2,123
1577019885882,large_vehicle,0,238
1583748313308,large_vehicle,0,14
1580060826632,large_vehicle,9,152
1583364132587,large_vehicle,7,210
1579244169974,large_vehicle,9,163
1572979647873,small_vehicle,6,267
1569958045868,small_vehicle,0,210
1565501056792,small_vehicle,5,271
1572999246297,large_vehicle,6,133
1578202170987,small_vehicle,5,350
1580088743203,small_vehicle,8,220
1584986659496,large_vehicle,2,96
1567674130103,small_vehicle,6,202
1585857576452,small_vehicle,2,28
1581400650659,large_vehicle,8,285
1580891271157,large_vehicle,2,309
1578079615450,large_vehicle,7,288
1577959046737,large_vehicle,7,245
1572628527765,small_vehicle,2,24
1569534847597,small_vehicle,7,284
1584561727501,small_vehicle,7,233
1582977670108,small_vehicle,6,296
1573908500868,small_vehicle,4,243
1568516635128,small_vehicle,1,22
1569964401114,large_vehicle,3,136
1579833987891,small_vehicle,2,308
1569311512843,large_vehicle,2,101
1575465701672,small_vehicle,4,132
1568939404853,small_vehicle,4,148
1568799567142,large_vehicle,6,126
1568991940375,small_vehicle,2,103
1572390193828,small_vehicle,3,150
1573196940245,large_vehicle,6,125
1580022599949,large_vehicle,9,256
1569270732848,large_vehicle,5,305
1583267280423,small_vehicle,3,239
1583227584767,small_vehicle,1,251
1571497442624,large_vehicle,7,138
1575493632885,small_vehicle,1,5
1571517466273,small_vehicle,4,114
1574228942484,small_vehicle,9,296
1572976948158,small_vehicle,1,272
1578247596543,large_vehicle,2,220
1574081638766,large_vehicle,1,245
1578370957438,small_vehicle,3,183
1577104996095,small_vehicle,2,29
1581817576194,small_vehicle,7,72
1585412207524,small_vehicle,5,304
1570349970234,large_vehicle,3,149
1584192886575,large_vehicle,9,122
1568278727457,large_vehicle,9,308
1573911694613,small_vehicle,9,158
1574281226299,large_vehicle,6,198
1566029729522,large_vehicle,10,138
1583969290976,small_vehicle,10,321
1572778201000,small_vehicle,5,211
1567605148700,large_vehicle,8,251
1571738567299,large_vehicle,5,16
1566076679524,small_vehicle,10,337
1573563782511,small_vehicle,0,350
1568579242082,large_vehicle,3,3
1578732226584,small_vehicle,10,116
1584318263912,large_vehicle,3,330
1573185046997,large_vehicle,4,253
1580717614008,small_vehicle,8,94
1571981618375,large_vehicle,4,337
1586041040546,large_vehicle,7,213
1586372978171,small_vehicle,7,144
1584350743990,large_vehicle,5,42
1573753301308,large_vehicle,8,311
1577272347591,small_vehicle,9,336
1567261102388,small_vehicle,3,145
1581026154631,small_vehicle,2,77
1572010580648,large_vehicle,8,90
1569057339069,small_vehicle,1,154
1581607509643,large_vehicle,9,0
1573144098112,small_vehicle,0,160
1569951292260,large_vehicle,2,320
1572238631090,small_vehicle,8,360
1575167891437,large_vehicle,9,51
1575205428531,small_vehicle,10,251
1580246937751,large_vehicle,8,77
1583973375220,small_vehicle,5,251
1574386846072,small_vehicle,5,332
1567196407019,small_vehicle,9,244
1582630281696,small_vehicle,7,335
1568119472438,large_vehicle,2,108
1565202642466,large_vehicle,3,130
1567298077386,small_vehicle,0,123
1568045133212,small_vehicle,8,97
1569242643132,small_vehicle,4,159
1581635891246,large_vehicle,3,148
1579937522571,large_vehicle,3,173
1568601106514,small_vehicle,3,290
1565787134449,large_vehicle,0,243
1576488671998,large_vehicle,1,76
1577544399848,large_vehicle,7,50
1568405189822,small_vehicle,10,254
1568597719871,large_vehicle,8,161
1568882073245,large_vehicle,7,27
1567529539358,small_vehicle,4,132
1568975222928,small_vehicle,0,7
1577420854107,small_vehicle,5,323
1573358663651,large_vehicle,2,155
1568928845549,small_vehicle,3,213
1584103352347,large_vehicle,2,133
1566544315980,small_vehicle,2,169
1586062811645,small_vehicle,2,62
1566293232893,large_vehicle,0,254
1566450520842,large_vehicle,10,265
1581285614935,large_vehicle,10,137
1582525277797,large_vehicle,3,284
1572180653674,large_vehicle,6,334
1565092076387,small_vehicle,0,354
1568847667554,small_vehicle,3,6
1571644461774,large_vehicle,3,164
1569605577896,small_vehicle,10,88
1585811235020,large_vehicle,1,67
1580705972232,large_vehicle,5,130
