1584062008599,small_vehicle,3,331
1567403487656,small_vehicle,4,14
1567213898926,large_vehicle,2,1
1572847445328,large_vehicle,3,128
1582418016537,large_vehicle,1,185
1583848887719,small_vehicle,9,21
1572727288600,large_vehicle,4,246
1567837740843,large_vehicle,0,15
1568151556354,large_vehicle,5,234
1566969702146,small_vehicle,2,125
1579000753750,large_vehicle,10,358
1581068911798,large_vehicle,7,64
1575004271438,small_vehicle,5,186
1571657355638,large_vehicle,0,196
1569570356195,large_vehicle,6,153
1570591175802,small_vehicle,8,209
1579519639793,large_vehicle,4,115
1574088832530,small_vehicle,10,328
1573655351535,large_vehicle,9,157
1571593966152,small_vehicle,0,221
1576959305178,large_vehicle,5,101
1576768919338,large_vehicle,0,233
1576097771075,large_vehicle,2,127
1568370819724,large_vehicle,5,63
1586087333367,large_vehicle,8,1
1570596853359,large_vehicle,3,109
1572733158688,large_vehicle,8,107
1567483074651,large_vehicle,3,317
1568159566817,large_vehicle,4,97
1582247519961,small_vehicle,6,242
1572041366561,large_vehicle,8,188
1574484488596,small_vehicle,9,44
1573597751946,small_vehicle,4,242
1565061236221,large_vehicle,1,180
1577040727897,small_vehicle,4,177
1567679807523,large_vehicle,3,254
1579106907595,small_vehicle,0,351
1585474457486,large_vehicle,10,304
1565153092804,small_vehicle,10,326
1586541605702,small_vehicle,9,299
1568023266910,large_vehicle,9,192
1579657992430,small_vehicle,4,236
1566861476263,large_vehicle,9,246
1571014468096,small_vehicle,10,231
1579315660682,large_vehicle,0,355
1582362852154,large_vehicle,1,258
1576265183878,small_vehicle,4,303
1578138626610,small_vehicle,1,352
1584628667544,small_vehicle,10,57
1575905793568,small_vehicle,10,147
1583033952552,small_vehicle,5,23
1571334114587,large_vehicle,10,71
1584641795719,large_vehicle,8,306
1573531480554,small_vehicle,10,44
1576431108186,large_vehicle,1,290
1579462173722,large_vehicle,2,335
1578671182424,small_vehicle,6,293
1567792151693,large_vehicle,2,99
1567483896826,small_vehicle,1,150
1578595043407,large_vehicle,3,159
1580685395109,small_vehicle,0,223
1582994696626,large_vehicle,9,325
1565792065489,large_vehicle,6,141
1575309173908,small_vehicle,2,104
1584147384771,small_vehicle,3,1
1573579154981,small_vehicle,7,37
1581422744702,large_vehicle,0,299
1585864443066,large_vehicle,3,331
1584902686783,small_vehicle,1,336
1568475220032,large_vehicle,10,353
1565067797020,small_vehicle,9,249
1568151246413,small_vehicle,7,183
1571178360894,large_vehicle,1,61
1584471774656,large_vehicle,8,58
1579292340103,small_vehicle,6,324
1570217168688,small_vehicle,2,88
1580663167464,large_vehicle,4,93
1572058441588,large_vehicle,9,271
1584700876956,large_vehicle,10,15
1582349572568,small_vehicle,6,152
1567458304847,small_vehicle,10,30
1569324900133,small_vehicle,3,199
1572038374010,large_vehicle,2,360
1584992919597,small_vehicle,3,154
1578675941898,small_vehicle,5,222
1584261554492,large_vehicle,4,96
1580979693547,small_vehicle,2,315
1580499380780,large_vehicle,0,49
1565310330445,small_vehicle,0,79
1586463524738,large_vehicle,3,310
1582443429410,small_vehicle,3,48
1568332409020,small_vehicle,6,327
1586081060459,large_vehicle,0,119
1583153166990,small_vehicle,6,30
1584714319274,small_vehicle,6,3
1566147907611,large_vehicle,0,41
1581201853138,large_vehicle,6,25
1573679512399,large_vehicle,1,108
1579136594780,large_vehicle,8,303
1580383055548,small_vehicle,0,223
1586322563789,small_vehicle,0,270
1576213947138,large_vehicle,2,341
1565025693455,small_vehicle,3,177
1571795908235,small_vehicle,8,313
1584519378684,small_vehicle,4,342
1580387740011,small_vehicle,10,276
1565037661179,small_vehicle,8,178
1565468190570,small_vehicle,7,268
1582215929178,small_vehicle,7,71
1565997274189,large_vehicle,8,70
1583914864208,small_vehicle,2,243
1582830230237,small_vehicle,3,157
1565469199247,small_vehicle,8,348
1584991266222,small_vehicle,5,10
1577711272323,small_vehicle,2,282
1574978635921,large_vehicle,2,59
1574064280910,large_vehicle,7,143
1580022597856,small_vehicle,5,29
1585131639158,small_vehicle,1,178
1566689000637,large_vehicle,0,121
1565310123086,small_vehicle,4,296
1572015417771,small_vehicle,5,91
1581244082248,small_vehicle,3,111
1564776509384,small_vehicle,5,317
1577435987910,large_vehicle,5,272
1577848345401,large_vehicle,4,183
1573597083154,small_vehicle,6,18
1570685258280,small_vehicle,6,35
1580474487517,small_vehicle,7,180
1584827401495,large_vehicle,0,110
1585446848286,large_vehicle,3,80
1586517231992,large_vehicle,8,23
1579082698497,small_vehicle,4,283
1581057676235,small_vehicle,2,199
1586298658177,large_vehicle,0,59
1576625081781,large_vehicle,2,274
1578478202480,large_vehicle,5,211
1576405862154,large_vehicle,7,112
1579199559109,small_vehicle,5,58
1583554442367,small_vehicle,2,81
1569726738919,large_vehicle,2,152
1573159200464,large_vehicle,6,257
1582321054945,small_vehicle,7,211
1576182256031,small_vehicle,1,116
1569219546150,large_vehicle,7,119
1568960312952,large_vehicle,10,352
1571223454313,small_vehicle,3,90
1575769716731,small_vehicle,6,359
1573286020951,large_vehicle,8,121
1571802487033,large_vehicle,10,226
1581495076603,large_vehicle,3,164
1574634684786,large_vehicle,5,59
1575707706026,small_vehicle,4,148
1575904937900,small_vehicle,9,169
1586660403366,small_vehicle,10,200
1574009822526,large_vehicle,7,209
1568507740248,small_vehicle,0,187
1566830265771,large_vehicle,5,325
1574980559573,large_vehicle,8,355
1567140734417,small_vehicle,2,168
1568174407148,small_vehicle,3,142
1569928073837,large_vehicle,8,204
1574542593555,small_vehicle,9,71
1571048041161,large_vehicle,4,159
1579369905755,large_vehicle,10,298
1578786093353,small_vehicle,6,254
1585516910633,large_vehicle,6,154
1585935058568,large_vehicle,5,265
1585622443385,small_vehicle,1,128
1569833373003,small_vehicle,1,290
1575715363471,small_vehicle,2,32
1584962320643,large_vehicle,1,96
1571047235317,large_vehicle,4,127
1572445183308,small_vehicle,0,263
1586276758912,small_vehicle,0,241
1579978739476,small_vehicle,1,201
1582944826357,large_vehicle,9,107
1579547432665,large_vehicle,2,78
1584420290272,small_vehicle,10,327
1570798339932,small_vehicle,8,201
1574118593684,small_vehicle,3,228
1585591548146,large_vehicle,6,296
1577302752430,large_vehicle,10,156
1576490377744,large_vehicle,5,65
1578590979832,large_vehicle,2,75
1581260373735,large_vehicle,0,47
1582338282805,small_vehicle,4,129
1585252337160,large_vehicle,9,290
1571507414623,large_vehicle,1,339
1575702516176,large_vehicle,0,227
1570919977321,small_vehicle,9,309
1579197421364,small_vehicle,4,180
1566140730902,large_vehicle,8,31
1582801000251,large_vehicle,4,278
1573097471645,small_vehicle,6,309
1580580462139,small_vehicle,2,319
1578929510651,small_vehicle,8,127
1565200459002,large_vehicle,0,146
1582888393175,large_vehicle,1,99
1568066124935,large_vehicle,4,214
1574620609497,small_vehicle,0,15
1573390262297,small_vehicle,9,6
1567511574039,large_vehicle,5,223
1570196248325,small_vehicle,1,353
1570082341436,small_vehicle,8,226
1572101275771,large_vehicle,2,166
1570131726639,small_vehicle,4,116
1585581682094,small_vehicle,6,235
1586032188816,large_vehicle,4,59
1586355228425,small_vehicle,6,237
1580365769597,large_vehicle,8,136
1576479259078,large_vehicle,10,60
1586000010726,small_vehicle,5,52
1564755378216,large_vehicle,9,11
1579686385256,small_vehicle,4,246
1582089380128,large_vehicle,5,350
1572865944322,small_vehicle,0,261
1576161760318,small_vehicle,6,313
1573668802574,large_vehicle,6,224
1575363704823,large_vehicle,3,338
1578185542075,large_vehicle,2,92
1576675350102,small_vehicle,10,114
1577270419445,small_vehicle,6,28
1578485590826,large_vehicle,10,54
1584410407649,large_vehicle,4,246
1579137380140,large_vehicle,8,75
1566185342490,small_vehicle,5,77
1572819549659,large_vehicle,7,22
1566808777113,large_vehicle,6,147
1583652112132,small_vehicle,9,6
1576740919833,small_vehicle,8,243
1575151249974,small_vehicle,10,358
1579472717747,large_vehicle,3,255
1576142121977,small_vehicle,4,269
1585811841528,small_vehicle,8,87
1573995125035,small_vehicle,1,85
1570350849690,large_vehicle,4,306
1566142864250,small_vehicle,7,132
1581583268371,large_vehicle,10,62
1578837176962,large_vehicle,6,221
1576875480360,large_vehicle,3,123
1575910586072,small_vehicle,9,337
1578110972593,small_vehicle,3,70
1572722004455,small_vehicle,3,75
1581439294801,large_vehicle,5,223
1578006475967,large_vehicle,4,175
1577743317955,small_vehicle,2,230
1564782038998,small_vehicle,4,359
1571299149854,small_vehicle,10,341
1571856922125,large_vehicle,7,196
1586027536916,small_vehicle,10,170
1571242021947,small_vehicle,0,61
1574494400131,large_vehicle,2,69
1569282994183,small_vehicle,9,58
1579796961404,large_vehicle,2,106
1581323816022,small_vehicle,1,119
1577926628586,small_vehicle,9,205
1567719733775,large_vehicle,3,201
1573863516550,large_vehicle,10,1
1577811125710,large_vehicle,6,53
1576654079594,small_vehicle,8,263
1581206850237,small_vehicle,0,21
1567985770498,small_vehicle,9,43
1581384894661,large_vehicle,10,265
1567149069038,large_vehicle,6,77
1570626650066,small_vehicle,6,180
1581339447608,small_vehicle,1,51
1577187455968,large_vehicle,9,94
1577773489393,large_vehicle,6,171
1585842574813,small_vehicle,3,143
1569885122146,large_vehicle,8,246
1584106859542,small_vehicle,2,26
1565538668074,large_vehicle,0,64
1584967937319,large_vehicle,0,81
1574674167644,small_vehicle,8,120
1567354430046,large_vehicle,1,80
1580972213836,large_vehicle,10,336
1581250597242,small_vehicle,10,304
1571739734206,large_vehicle,4,248
1581123349322,large_vehicle,2,177
1571425275831,small_vehicle,10,62
1565133051818,large_vehicle,2,92
1585791680315,small_vehicle,4,301
1567904518263,large_vehicle,7,246
1579069692794,large_vehicle,1,102
1581617084363,small_vehicle,9,136
1564764881591,small_vehicle,6,241
1576906094708,small_vehicle,6,144
1572036031894,large_vehicle,1,345
1570736513806,large_vehicle,6,111
1579221581930,small_vehicle,10,82
1575294984608,large_vehicle,6,145
1583360479319,small_vehicle,0,104
1578816179775,small_vehicle,5,227
1565251706578,large_vehicle,6,235
1577409123560,large_vehicle,4,219
1565553781902,large_vehicle,6,182
1576735179874,large_vehicle,4,75
1582784633295,small_vehicle,6,110
1569965463969,small_vehicle,4,217
1585877880824,large_vehicle,8,67
1571034686872,large_vehicle,5,56
1580402940664,small_vehicle,2,26
1568169771302,large_vehicle,6,292
1568481538279,small_vehicle,8,251
1569760845758,large_vehicle,10,168
1584698574220,large_vehicle,9,58
1574443806297,large_vehicle,0,182
1578477883558,small_vehicle,5,66
1575817344181,small_vehicle,5,96
1578300579970,large_vehicle,1,140
1565745843639,small_vehicle,5,73
1574412036131,small_vehicle,3,195
1583105628969,small_vehicle,7,36
1569274026400,small_vehicle,2,340
1580595104982,large_vehicle,2,137
1578357175295,large_vehicle,2,343
1586514848425,small_vehicle,0,285
1575892138074,large_vehicle,10,5
1574823524951,large_vehicle,2,32
1567917708418,small_vehicle,6,44
1568572177248,large_vehicle,3,204
1574078896945,large_vehicle,10,340
1583236784608,small_vehicle,2,322
1571708394489,large_vehicle,0,184
1581327701519,small_vehicle,8,210
1581815527953,large_vehicle,4,183
1581395340911,small_vehicle,3,254
1565989264247,large_vehicle,8,177
1581182894885,large_vehicle,2,122
1576933784223,large_vehicle,2,80
1569957081109,large_vehicle,5,230
1581729052173,large_vehicle,3,233
1572396802360,small_vehicle,3,233
1585413797877,large_vehicle,7,229
1573974530135,large_vehicle,8,214
1569554711314,large_vehicle,7,68
1574557898099,large_vehicle,5,60
1567160083541,small_vehicle,1,231
1583631127474,small_vehicle,6,85
1580277684523,small_vehicle,1,26
1571401213857,large_vehicle,9,27
1568744820196,large_vehicle,6,287
1574007197840,large_vehicle,0,110
1576170593249,large_vehicle,4,221
1575962969087,large_vehicle,3,234
1575132930916,small_vehicle,6,231
1570474491488,large_vehicle,9,24
1576453331800,small_vehicle,10,224
1582539852541,small_vehicle,1,81
1576344485862,large_vehicle,0,81
1574385206724,large_vehicle,6,25
1584270013668,large_vehicle,7,6
1567573221701,large_vehicle,9,330
1566073667054,small_vehicle,10,359
1568700845407,large_vehicle,7,272
1574149463760,small_vehicle,2,275
1567650788276,small_vehicle,0,250
1577123214523,large_vehicle,1,62
1571472956315,small_vehicle,6,311
1572093878433,large_vehicle,1,23
1580125603812,large_vehicle,7,228
1578363975791,small_vehicle,1,240
1568479131108,small_vehicle,1,146
1572576511389,large_vehicle,9,77
1580895054218,large_vehicle,1,58
1568056331529,small_vehicle,6,143
1566391581528,small_vehicle,5,321
1573703343724,large_vehicle,5,24
1565070321750,large_vehicle,3,288
1573864830795,large_vehicle,6,333
1582278086554,large_vehicle,4,29
1585765585024,large_vehicle,9,89
1573567981396,large_vehicle,3,106
1578393487118,large_vehicle,7,233
1572501211332,large_vehicle,7,252
1569123182220,small_vehicle,4,218
1570837577721,large_vehicle,10,321
1578423536530,small_vehicle,5,287
1582043971135,large_vehicle,5,125
1575510896499,large_vehicle,5,100
1578879524694,large_vehicle,5,358
1577791883030,small_vehicle,7,66
1583486764323,small_vehicle,3,299
1581825523597,large_vehicle,4,119
1577475226561,large_vehicle,10,24
1572896138927,small_vehicle,2,49
1576190908206,small_vehicle,5,46
1576118361725,large_vehicle,9,280
1585234277236,large_vehicle,9,288
1566383417306,small_vehicle,9,274
1584245237470,large_vehicle,6,282
1576348198053,small_vehicle,9,192
1565784942900,small_vehicle,1,50
1573514901968,large_vehicle,7,233
1580835813067,small_vehicle,1,139
1582201906651,large_vehicle,10,265
1577423667136,large_vehicle,10,308
1567472721875,small_vehicle,6,92
1571219786812,large_vehicle,9,314
1586315971559,large_vehicle,4,121
1582307177764,large_vehicle,1,142
1571762912015,large_vehicle,1,264
1581041018706,small_vehicle,9,64
1580336208087,large_vehicle,7,234
1582233663675,large_vehicle,10,325
1574701450971,small_vehicle,6,253
1578559265740,small_vehicle,4,46
1586298835454,large_vehicle,0,206
1568707815336,large_vehicle,1,154
1577281833646,large_vehicle,6,147
1572437808837,small_vehicle,8,127
1572916596789,small_vehicle,9,72
1572923937551,large_vehicle,10,246
1575796461805,small_vehicle,6,165
1570383413093,small_vehicle,6,261
1580701306871,large_vehicle,4,250
1576331207015,small_vehicle,1,219
1564796668282,small_vehicle,1,333
1572109232198,large_vehicle,7,281
1577726810416,large_vehicle,3,356
1580910576197,large_vehicle,0,6
1573932677111,large_vehicle,1,308
1574180798817,small_vehicle,3,84
1575878474773,large_vehicle,2,231
1575155778699,large_vehicle,7,216
1582899317438,large_vehicle,4,253
1570589606378,large_vehicle,8,51
1586390013586,small_vehicle,9,351
1583062757452,small_vehicle,10,301
1568932928406,small_vehicle,0,194
1582493743471,large_vehicle,5,229
1576492045603,small_vehicle,8,282
1568090674826,small_vehicle,1,34
1573671479621,large_vehicle,5,20
1586687331697,large_vehicle,2,350
1574819373206,small_vehicle,4,357
1582554571127,large_vehicle,10,351
1567245989811,small_vehicle,1,51
1571082482916,small_vehicle,4,90
1568577019832,large_vehicle,1,355
1585536664531,small_vehicle,9,160
1578889278907,small_vehicle,8,249
1584209572183,small_vehicle,8,110
1583704751207,large_vehicle,5,147
1586264592541,small_vehicle,3,121
1577850972392,small_vehicle,8,310
1567984970360,large_vehicle,3,59
1571227088417,large_vehicle,6,230
1579214209994,small_vehicle,9,356
1585351206218,large_vehicle,1,145
1578167408200,large_vehicle,1,109
1570700535313,large_vehicle,4,251
1578457678939,large_vehicle,8,95
1570580631858,small_vehicle,4,275
1579682082388,small_vehicle,6,64
1578661289344,small_vehicle,10,255
1567496460617,small_vehicle,8,269
1573997612069,small_vehicle,4,25
1573052101456,small_vehicle,8,253
1577525214392,large_vehicle,2,20
1584007176890,large_vehicle,7,114
1566299537537,small_vehicle,0,320
1567824692685,large_vehicle,10,306
1568758856415,large_vehicle,3,50
1574813686386,large_vehicle,2,61
1564829611714,large_vehicle,4,60
1583596939729,small_vehicle,2,283
1572071710120,large_vehicle,6,269
1569321100461,small_vehicle,6,86
1577743978694,small_vehicle,4,256
1566130191569,small_vehicle,4,177
1574566480510,small_vehicle,3,228
1571483052195,large_vehicle,10,196
1586028715248,small_vehicle,2,186
1586026899131,small_vehicle,10,88
1579201258505,small_vehicle,8,155
1577843433102,small_vehicle,0,290
1571496199358,large_vehicle,10,224
1570294132739,large_vehicle,8,177
1569348721642,small_vehicle,3,308
1567796264472,small_vehicle,10,264
1572164489608,large_vehicle,2,13
1580331283284,large_vehicle,9,109
1568249011032,small_vehicle,6,311
1578021997031,large_vehicle,8,337
1574135040726,small_vehicle,10,176
1578694165463,small_vehicle,9,230
1572010944707,small_vehicle,6,14
1578489874361,large_vehicle,0,318
1580966115211,large_vehicle,1,252
1577611344560,small_vehicle,7,32
1579463244610,large_vehicle,10,308
1573261348726,small_vehicle,5,285
1580034014489,large_vehicle,2,115
1586206099402,large_vehicle,2,297
1571368571935,small_vehicle,10,208
1571482098854,large_vehicle,1,178
1565070301036,small_vehicle,7,49
1579642725517,large_vehicle,10,302
1582179749021,small_vehicle,9,313
1574561019217,large_vehicle,9,330
1579113620603,small_vehicle,3,179
1565040286007,small_vehicle,5,36
1585578897738,large_vehicle,8,263
1576318381639,large_vehicle,10,211
1571583217067,small_vehicle,6,46
1579395892353,large_vehicle,0,88
1567445990186,small_vehicle,1,92
1578960581672,large_vehicle,5,170
1573106927202,large_vehicle,0,342
1569923652424,small_vehicle,10,218
1582270649679,small_vehicle,1,94
1566870203958,large_vehicle,5,195
1585724636193,large_vehicle,10,117
1579520015440,large_vehicle,6,120
1569384014928,small_vehicle,4,315
1578977676794,small_vehicle,5,5
1575775775180,small_vehicle,3,223
1577624650944,large_vehicle,0,244
1569346702095,large_vehicle,5,155
1571857075417,small_vehicle,6,217
1580251544851,small_vehicle,7,79
1568228025392,large_vehicle,0,70
1574847048426,small_vehicle,9,274
1578112382353,large_vehicle,9,104
1581980568107,small_vehicle,1,288
1566617307162,large_vehicle,2,355
1577158371200,large_vehicle,0,224
1565288837060,large_vehicle,2,231
1567791252121,large_vehicle,0,230
1571212184160,small_vehicle,10,229
1573017383359,large_vehicle,7,266
1575954643553,large_vehicle,3,311
1578444401270,small_vehicle,2,273
1585629096132,small_vehicle,7,243
1572084300967,large_vehicle,6,143
1575858111116,small_vehicle,2,215
1571703967918,large_vehicle,8,262
1576352116629,large_vehicle,2,332
1577179351573,small_vehicle,10,281
1566741371995,small_vehicle,8,227
1581118580924,large_vehicle,1,143
1565966827489,large_vehicle,4,228
1573924606030,large_vehicle,9,222
1578799193947,small_vehicle,4,261
1579102991119,large_vehicle,0,68
1583674313484,large_vehicle,7,298
1584957421062,large_vehicle,3,340
1582574168086,large_vehicle,4,313
1578461229530,large_vehicle,10,208
1578213846879,small_vehicle,3,113
1568824069298,large_vehicle,5,92
1567583031956,large_vehicle,3,221
1564745580876,large_vehicle,4,103
1566891650525,small_vehicle,2,301
1584806480564,small_vehicle,0,259
1585879289013,large_vehicle,8,219
1584200479230,large_vehicle,8,286
1581722815791,small_vehicle,5,125
1571323478561,small_vehicle,5,243
1567984563923,large_vehicle,6,121
1584852537560,small_vehicle,7,97
1570653187700,small_vehicle,1,142
1571773466905,large_vehicle,0,98
1576792187673,small_vehicle,8,81
1573472878501,small_vehicle,4,213
1570403457282,large_vehicle,9,170
1579276696243,small_vehicle,5,218
1577942952523,large_vehicle,1,345
1580912582445,small_vehicle,5,78
1583094473676,small_vehicle,5,174
1581613426728,small_vehicle,1,114
1565063843841,large_vehicle,0,310
1567872445664,large_vehicle,2,239
1570233028547,small_vehicle,0,187
1571342699917,large_vehicle,5,150
1571846239375,small_vehicle,10,28
1585032477863,large_vehicle,9,243
1568346698350,large_vehicle,9,234
1584141123763,large_vehicle,7,7
1584778375414,large_vehicle,10,7
1565772118449,large_vehicle,7,278
1568221493691,small_vehicle,10,54
1585326593295,small_vehicle,4,4
1586263355674,small_vehicle,8,211
1578975316333,small_vehicle,6,201
1572885893793,large_vehicle,10,327
1583720960235,large_vehicle,2,131
1570122176541,small_vehicle,10,46
1582359511997,small_vehicle,3,174
1580936621234,small_vehicle,10,300
1576384163765,large_vehicle,9,306
1578493351312,large_vehicle,1,212
1580762396755,large_vehicle,4,341
1574569334456,small_vehicle,7,190
1582684966118,large_vehicle,0,335
1576706829784,small_vehicle,7,358
1572063977761,small_vehicle,10,207
1584865807576,small_vehicle,9,257
1579126652130,large_vehicle,5,175
1575934810381,small_vehicle,5,84
1586142683298,large_vehicle,4,131
1580556292427,small_vehicle,9,87
1566561627677,large_vehicle,9,212
1585824423994,small_vehicle,7,14
1568964171738,large_vehicle,7,32
1570326896550,small_vehicle,8,242
1576316541322,large_vehicle,9,126
1584753554272,large_vehicle,10,162
1576135854970,large_vehicle,1,76
1564828568666,large_vehicle,5,330
1577739447985,large_vehicle,7,139
1574361977762,small_vehicle,2,126
1572861596505,small_vehicle,9,173
1574896404711,small_vehicle,10,352
1583008326928,large_vehicle,0,208
1578428425014,large_vehicle,3,78
1580502949920,large_vehicle,3,56
1576905707038,small_vehicle,9,78
1576484013121,small_vehicle,7,122
1567972540982,large_vehicle,6,214
1581091223904,large_vehicle,1,23
1576332817468,small_vehicle,4,209
1579682327623,large_vehicle,8,173
1580869029580,large_vehicle,8,242
1571022211149,small_vehicle,3,292
1577063235059,large_vehicle,10,214
1575614675537,small_vehicle,1,144
1568000506975,large_vehicle,1,98
1572608936365,small_vehicle,9,218
1584598173894,small_vehicle,10,8
1584865082295,small_vehicle,10,114
1575742742526,small_vehicle,9,219
1565532649476,small_vehicle,3,29
1565213441695,small_vehicle,2,75
1577677120313,small_vehicle,3,194
1572602519374,small_vehicle,8,29
1581032027736,large_vehicle,1,30
1578270371740,large_vehicle,2,16
1581224701001,small_vehicle,4,130
1575753773136,small_vehicle,7,20
1584743854468,small_vehicle,6,240
1572320471398,large_vehicle,8,16
1586416332230,large_vehicle,10,225
1583112499546,small_vehicle,3,281
1568200763326,small_vehicle,2,273
1572375648420,small_vehicle,4,310
1582938261655,small_vehicle,2,261
1564710128860,small_vehicle,5,223
1579416074967,large_vehicle,0,309
1580896714536,large_vehicle,10,239
1577409691268,large_vehicle,5,281
1574781272557,small_vehicle,6,39
1570175179877,small_vehicle,7,255
1574281197174,large_vehicle,9,132
1577131922653,small_vehicle,4,155
1582187759839,small_vehicle,0,311
1566040940877,large_vehicle,3,69
1570575227112,large_vehicle,8,288
1584513748259,small_vehicle,6,327
1572757616082,small_vehicle,2,25
1579502060914,large_vehicle,7,351
1586213746768,small_vehicle,7,62
1572519204036,small_vehicle,6,13
1567288839646,large_vehicle,2,306
1571095112811,large_vehicle,9,308
1570960116785,large_vehicle,2,155
1575752164378,large_vehicle,7,58
1577842814443,small_vehicle,2,325
1578966067375,large_vehicle,0,117
1565355250275,large_vehicle,10,28
1567382948591,large_vehicle,0,127
1579108791548,small_vehicle,8,180
1568221757618,small_vehicle,8,27
1570847037961,large_vehicle,3,179
1572589114796,large_vehicle,6,51
1577672854098,small_vehicle,2,31
1581844850434,large_vehicle,6,213
1584918961774,small_vehicle,10,75
1577715882195,small_vehicle,2,278
1581304760700,small_vehicle,3,344
1566127005747,large_vehicle,6,109
1583080127609,large_vehicle,9,248
1574908247651,small_vehicle,4,65
1571288671654,small_vehicle,10,184
1569530283605,small_vehicle,7,206
1573536203440,large_vehicle,7,254
1567137943907,small_vehicle,6,360
1586402489662,small_vehicle,3,277
1576602620211,large_vehicle,2,6
1575103513556,small_vehicle,2,177
1573488493816,small_vehicle,5,146
1583588906595,large_vehicle,0,348
1579845199672,small_vehicle,5,325
1581006081542,large_vehicle,8,245
1583866366808,large_vehicle,4,117
1583669784477,small_vehicle,9,97
1577894266830,large_vehicle,2,228
1570840118771,small_vehicle,8,51
1577180626920,small_vehicle,7,297
1567328894634,large_vehicle,0,317
1570561537262,large_vehicle,3,44
1570457302629,large_vehicle,4,355
1572345325589,small_vehicle,5,96
1585411482451,large_vehicle,2,40
1586148759926,small_vehicle,8,154
1567594248959,large_vehicle,1,220
1578971932539,small_vehicle,0,16
1568123783519,small_vehicle,10,45
1570708382873,small_vehicle,2,32
1569575917338,small_vehicle,4,147
1569035132560,large_vehicle,6,111
1586463270198,small_vehicle,6,253
1579431438036,small_vehicle,10,237
1567260835872,large_vehicle,2,78
1570124848941,large_vehicle,10,232
1564701613906,large_vehicle,0,181
1574591838165,large_vehicle,1,148
1568335060062,small_vehicle,0,308
1585632045519,large_vehicle,0,14
1579767578720,small_vehicle,3,145
1575099434172,large_vehicle,9,78
1571441403795,large_vehicle,0,175
1571478585884,small_vehicle,7,257
1570565644816,small_vehicle,9,304
1576797876307,large_vehicle,6,221
1569953883382,small_vehicle,8,99
1569232182178,large_vehicle,5,264
1570563282415,small_vehicle,9,324
1580011057775,small_vehicle,10,324
1583849253102,small_vehicle,7,224
1566010861079,large_vehicle,6,57
1577530672180,small_vehicle,10,242
1575564057604,large_vehicle,9,321
1582729639272,large_vehicle,9,15
1574332645000,large_vehicle,10,84
1566356708188,large_vehicle,8,117
1567592067604,large_vehicle,8,43
1566498880243,small_vehicle,8,323
1568279637046,large_vehicle,6,342
1585530750322,small_vehicle,10,347
1586172192037,large_vehicle,5,243
1571057218209,small_vehicle,9,225
1568753092132,large_vehicle,1,266
1582130168421,small_vehicle,5,100
1577269115867,small_vehicle,9,342
1579522819068,large_vehicle,9,72
1584817942916,large_vehicle,1,125
1576828832457,small_vehicle,2,291
1576654045884,small_vehicle,4,3
1585250341730,small_vehicle,5,221
1582251900562,large_vehicle,7,163
1578820799432,large_vehicle,1,239
1581062701625,large_vehicle,8,15
1570221593386,large_vehicle,6,136
1569547420137,small_vehicle,1,73
1583111463423,large_vehicle,3,17
1586455895762,large_vehicle,7,86
1566172018527,large_vehicle,1,72
1573067790849,large_vehicle,7,309
1579780717089,large_vehicle,4,18
1566166552096,large_vehicle,6,329
1569531613353,small_vehicle,4,143
1572109809402,large_vehicle,6,309
1567325436096,small_vehicle,8,106
1577723258935,large_vehicle,4,236
1575329198999,large_vehicle,2,186
1580862368298,small_vehicle,7,0
1576976304338,large_vehicle,9,74
1579570299288,large_vehicle,6,116
1574032666762,small_vehicle,4,185
1569143290136,large_vehicle,1,176
1574933743319,small_vehicle,10,194
1581160904356,small_vehicle,7,125
1566486096161,large_vehicle,3,134
1580327082884,small_vehicle,0,94
1572602772833,large_vehicle,5,109
1569968407502,large_vehicle,1,53
1564935627637,small_vehicle,2,309
1571076101667,large_vehicle,1,301
1572261777006,small_vehicle,2,226
1569715703745,large_vehicle,1,101
1582746810342,large_vehicle,9,123
1582825877422,small_vehicle,9,75
1583888740888,large_vehicle,9,187
1585665865715,large_vehicle,6,79
1568050709401,large_vehicle,1,269
1570450168203,large_vehicle,0,123
1579362735356,small_vehicle,6,6
1569589054476,large_vehicle,9,67
1575744027788,small_vehicle,7,176
1584531102856,small_vehicle,10,70
1579169079220,small_vehicle,0,302
1583008233625,large_vehicle,7,79
1570645704327,large_vehicle,4,71
1568188997787,large_vehicle,0,276
1567297455342,small_vehicle,10,128
1576131228791,small_vehicle,9,312
1578377720227,large_vehicle,9,12
1582008213183,large_vehicle,8,41
1578170287641,small_vehicle,0,231
1566089889053,small_vehicle,10,20
1567089335751,small_vehicle,2,256
1575010029131,small_vehicle,5,190
1569988469051,large_vehicle,10,240
1581700541996,large_vehicle,8,81
1568070744053,large_vehicle,7,228
1580965306989,small_vehicle,10,153
1574085809659,large_vehicle,0,121
1568518378902,large_vehicle,6,274
1570926037902,small_vehicle,8,237
1569907477745,small_vehicle,8,271
1573135102476,small_vehicle,4,38
1580396109536,large_vehicle,0,315
1569411579742,large_vehicle,7,142
1568517167293,large_vehicle,6,276
1568418025385,large_vehicle,3,271
1575201422362,small_vehicle,0,276
1573851389106,small_vehicle,10,246
1570885587185,small_vehicle,7,174
1574880840252,large_vehicle,8,268
1583401360650,small_vehicle,0,340
1586122983948,large_vehicle,2,20
1566136590419,small_vehicle,0,28
1584541103540,small_vehicle,8,193
1570991015918,small_vehicle,5,324
1582864467739,small_vehicle,0,25
1571770521148,large_vehicle,9,205
1585988928573,large_vehicle,7,336
1565607513594,small_vehicle,4,358
1579033818705,small_vehicle,5,45
1585929976570,small_vehicle,1,223
1571608559407,large_vehicle,10,109
1569228772639,large_vehicle,9,288
1579486018587,small_vehicle,7,258
1569288255401,small_vehicle,9,182
1586499131745,large_vehicle,5,89
1574059650305,small_vehicle,5,264
1569921920431,large_vehicle,6,329
1572856712114,large_vehicle,7,106
1571224547164,small_vehicle,3,145
1578817880650,small_vehicle,8,44
1574915390459,small_vehicle,6,263
1574223743452,large_vehicle,1,53
1577470772034,small_vehicle,9,171
1566579940356,small_vehicle,1,253
1578507471294,large_vehicle,2,103
1570383931281,small_vehicle,2,28
1571960941183,large_vehicle,3,88
1578675756604,large_vehicle,2,280
1570238065811,small_vehicle,10,208
1573786699405,small_vehicle,4,257
1573960120109,small_vehicle,0,117
1576778798326,large_vehicle,2,321
1569997754765,large_vehicle,9,120
1568783044494,small_vehicle,8,289
1564871161177,small_vehicle,1,105
1568021138716,small_vehicle,3,1
1581258785138,large_vehicle,8,234
1568206507497,small_vehicle,0,189
1581775587979,small_vehicle,7,15
1584940548439,large_vehicle,0,349
1569259673038,small_vehicle,3,342
1573129280176,large_vehicle,10,341
1567756068826,small_vehicle,4,180
1584313677724,large_vehicle,3,120
1572884910011,small_vehicle,5,30
1569678653503,small_vehicle,7,47
1570828540688,large_vehicle,6,281
1573691602381,large_vehicle,8,150
1568474954843,large_vehicle,10,207
1576185628987,large_vehicle,3,305
1581104211765,large_vehicle,10,269
1567580559760,small_vehicle,7,78
1581718461005,small_vehicle,2,110
1575797037185,large_vehicle,5,221
1570255484959,small_vehicle,5,199
1567138175995,small_vehicle,8,55
1574023939029,small_vehicle,0,323
1575011553779,large_vehicle,4,240
1583614094764,small_vehicle,7,149
1576584835561,small_vehicle,8,100
1580639504703,small_vehicle,3,329
1582536319400,large_vehicle,6,210
1580435833561,large_vehicle,9,199
1582702982807,small_vehicle,8,275
1567172138860,small_vehicle,0,113
1570726920515,large_vehicle,7,345
1568530101717,small_vehicle,2,71
1571105317219,small_vehicle,8,81
1585472944418,small_vehicle,3,101
1574195038790,small_vehicle,1,159
1567765293667,large_vehicle,4,218
1574491614907,large_vehicle,8,302
1579482889639,small_vehicle,3,20
1581578025264,small_vehicle,4,247
1565265462734,large_vehicle,0,166
1564692057234,small_vehicle,9,245
1573067038963,large_vehicle,9,250
1583475475341,large_vehicle,0,112
1566345400388,large_vehicle,4,15
1571784650178,small_vehicle,4,277
1577238392420,large_vehicle,8,195
1584945375152,small_vehicle,9,2
1574491966602,large_vehicle,7,248
1572071062813,small_vehicle,10,54
1580820627698,small_vehicle,1,293
1581427548027,large_vehicle,8,20
1569683182075,small_vehicle,2,137
1579005536043,small_vehicle,7,125
1570247153333,large_vehicle,8,71
1585343411401,small_vehicle,7,238
1575437932667,large_vehicle,1,340
1580300207599,large_vehicle,8,163
1579869130222,large_vehicle,10,114
1583220316481,large_vehicle,10,349
1579797746289,small_vehicle,5,93
1586565578796,small_vehicle,5,186
1565191738769,large_vehicle,0,306
1580065513743,small_vehicle,2,251
1576782029890,large_vehicle,2,90
1583654871177,small_vehicle,1,116
1579539232103,large_vehicle,4,217
1569651453243,large_vehicle,4,123
1582803890259,large_vehicle,0,264
1568029666539,large_vehicle,2,200
1571613840779,small_vehicle,4,354
1586669634996,large_vehicle,4,246
1584815764015,large_vehicle,1,39
1583861069161,large_vehicle,8,127
1582905265151,small_vehicle,7,111
1582562243356,small_vehicle,2,356
1582451099484,small_vehicle,10,199
1583911003779,small_vehicle,2,110
1581494803627,small_vehicle,9,349
1577055310113,large_vehicle,8,323
1584183595672,large_vehicle,0,44
1565201361089,large_vehicle,3,246
1576217987869,small_vehicle,2,164
1586360924225,large_vehicle,10,334
1565730693456,large_vehicle,9,234
1576778778457,small_vehicle,10,229
1572770819917,large_vehicle,2,181
1583617911426,large_vehicle,9,278
1574210659259,small_vehicle,0,228
1584643814940,small_vehicle,0,339
1584885813959,large_vehicle,1,17
1565818241540,small_vehicle,9,353
1566244444230,small_vehicle,9,113
1568151556278,large_vehicle,8,326
1584641633062,small_vehicle,5,42
1586429074501,small_vehicle,9,68
1584006761334,small_vehicle,1,36
1577167597999,large_vehicle,6,89
1565279577415,large_vehicle,6,17
1566008136151,large_vehicle,0,8
1584698932430,large_vehicle,6,139
1585881766453,small_vehicle,2,188
1573344394398,small_vehicle,10,299
1571476970149,large_vehicle,7,110
1579424489942,small_vehicle,7,201
1565494576008,small_vehicle,9,336
1579760388938,large_vehicle,4,292
1572088477918,small_vehicle,4,43
1568393414043,small_vehicle,0,319
1581149760178,small_vehicle,4,249
1573481371918,small_vehicle,9,154
1572469048756,small_vehicle,3,93
1568924168593,small_vehicle,10,102
1580364597012,large_vehicle,6,95
1576097576213,large_vehicle,4,136
1575747657010,small_vehicle,6,213
1569777252543,small_vehicle,10,229
1582329962994,small_vehicle,4,66
1569235684682,large_vehicle,9,163
1574271163316,large_vehicle,3,324
1571722366927,small_vehicle,10,266
1568033882988,large_vehicle,10,290
1566039871571,small_vehicle,10,320
1582231774759,small_vehicle,8,325
1565180115911,large_vehicle,0,151
1568017430933,small_vehicle,6,86
1566685961267,small_vehicle,4,179
1579444908141,small_vehicle,7,207
1581389275486,small_vehicle,7,303
1574440691768,small_vehicle,5,141
1565546970428,large_vehicle,7,26
1572073033077,large_vehicle,6,356
1584498723667,small_vehicle,9,359
1584640035477,large_vehicle,1,329
1577797890666,large_vehicle,5,95
1565069081244,small_vehicle,1,3
1577854869592,large_vehicle,10,114
1571876849299,small_vehicle,10,157
1577480187726,small_vehicle,8,247
1582001774926,large_vehicle,6,360
1579761976528,large_vehicle,8,215
1569418675611,small_vehicle,10,218
1569820149056,large_vehicle,3,153
