1584449103111,small_vehicle,10,124
1584398815239,small_vehicle,7,211
1582369178410,small_vehicle,9,311
1580543958028,large_vehicle,1,202
1566612988316,small_vehicle,5,68
1579260000317,small_vehicle,7,339
1580800602068,large_vehicle,5,143
1576160195883,small_vehicle,3,23
1583965522172,small_vehicle,1,209
1580493341587,small_vehicle,7,274
1569061330551,large_vehicle,7,63
1572252436559,large_vehicle,0,209
1574114276776,small_vehicle,10,132
1571342550013,small_vehicle,1,340
1580293939642,large_vehicle,8,63
1581253958757,large_vehicle,7,36
1577068233518,large_vehicle,10,95
1574365295470,large_vehicle,6,147
1579482456099,small_vehicle,3,242
1570543663544,large_vehicle,6,234
1566495310109,large_vehicle,8,220
1566640821180,large_vehicle,1,247
1568851686829,large_vehicle,7,230
1565799014937,large_vehicle,10,97
1573206251177,large_vehicle,5,41
1570587842261,large_vehicle,4,23
1566802167153,large_vehicle,5,186
1566602480498,small_vehicle,9,161
1582065429775,large_vehicle,3,356
1566699054673,large_vehicle,1,182
1585028331532,large_vehicle,4,336
1579203863481,large_vehicle,8,132
1570674588660,large_vehicle,2,3
1578246804501,small_vehicle,5,339
1571825958337,small_vehicle,6,167
1582132138895,large_vehicle,2,183
1564934410872,large_vehicle,3,318
1567609577091,large_vehicle,8,31
1578856880515,small_vehicle,4,254
1571955656625,small_vehicle,6,337
1573942187361,small_vehicle,3,114
1581837280500,large_vehicle,4,126
1571877238124,small_vehicle,7,324
1584330655665,large_vehicle,5,96
1578881526386,large_vehicle,1,154
1583067207092,large_vehicle,7,204
1565385029956,small_vehicle,4,97
1572810668959,small_vehicle,10,267
1572767064932,small_vehicle,9,252
1585995515668,large_vehicle,6,30
1570114696269,large_vehicle,7,327
1578124138260,small_vehicle,0,18
1567097333987,small_vehicle,4,204
1584723392675,small_vehicle,2,90
1565184847364,small_vehicle,8,243
1567064714192,small_vehicle,9,357
1568425927495,large_vehicle,6,55
1583342804343,large_vehicle,5,102
1566760908941,small_vehicle,10,82
1576456366160,large_vehicle,3,9
1585763838836,large_vehicle,10,94
1576391484180,small_vehicle,10,95
1579040538092,large_vehicle,3,138
1576963319604,large_vehicle,3,211
1565268313150,small_vehicle,1,356
1583166180909,large_vehicle,0,14
1579920916555,small_vehicle,9,87
1573133076712,small_vehicle,8,340
1582169990792,small_vehicle,8,184
1577308019868,small_vehicle,9,107
1575105276581,small_vehicle,7,313
1585845762002,small_vehicle,9,358
1583972799918,small_vehicle,2,255
1566695943588,small_vehicle,2,300
1569048407216,large_vehicle,2,141
1568972926986,small_vehicle,7,206
1573586392951,small_vehicle,0,294
1576223072506,large_vehicle,5,164
1575022080222,large_vehicle,2,351
1576363353017,large_vehicle,8,0
1569076596546,small_vehicle,9,7
1577063038037,small_vehicle,9,18
1583926324565,large_vehicle,7,333
1565924008725,small_vehicle,9,273
1574443014069,large_vehicle,6,278
1581160110995,small_vehicle,6,162
1581502705193,large_vehicle,3,168
1566084802994,small_vehicle,5,256
1575573331907,large_vehicle,6,346
1586275239950,large_vehicle,9,278
1582497332367,small_vehicle,7,328
1571493888797,small_vehicle,5,272
1576791829551,small_vehicle,9,62
1577493587200,small_vehicle,1,217
1564884001253,small_vehicle,1,25
1584576736552,large_vehicle,7,119
1578321026389,large_vehicle,8,135
1580645631688,large_vehicle,10,138
1571141564635,large_vehicle,8,226
1575168057211,large_vehicle,7,82
1584842169115,small_vehicle,4,356
1579501185382,small_vehicle,2,88
1570402630970,small_vehicle,2,97
1585736674026,small_vehicle,5,32
1584488993709,small_vehicle,2,133
1585959732987,large_vehicle,5,93
1575729408094,large_vehicle,4,96
1581051255639,small_vehicle,2,217
1573348610274,large_vehicle,0,263
1578560370914,small_vehicle,6,129
1570831129361,large_vehicle,5,212
1576017683623,small_vehicle,9,140
1566343581891,small_vehicle,3,52
1584703429757,small_vehicle,0,283
1585884205306,large_vehicle,7,80
1576203881898,large_vehicle,8,300
1574963699511,large_vehicle,9,103
1573366440753,large_vehicle,7,226
1583394738542,small_vehicle,0,273
1570419205598,small_vehicle,0,290
1578361821506,large_vehicle,8,240
1574850797896,large_vehicle,0,105
1573507388680,large_vehicle,9,173
1581636757645,small_vehicle,3,203
1577679573641,large_vehicle,5,90
1583910798702,large_vehicle,2,162
1567353637751,small_vehicle,0,156
1586334522592,small_vehicle,4,291
1586281809705,large_vehicle,7,278
1575669510360,large_vehicle,9,18
1564881178215,large_vehicle,10,56
1580755857290,small_vehicle,7,150
1573702630791,small_vehicle,9,359
1576528052739,small_vehicle,0,336
1581246682365,small_vehicle,1,10
1580251770479,large_vehicle,2,122
1579236807557,large_vehicle,9,230
1569930475219,large_vehicle,9,97
1575070147047,small_vehicle,6,231
1564771402959,small_vehicle,2,147
1575217213127,small_vehicle,1,297
1570662061261,large_vehicle,3,251
1569223156195,small_vehicle,10,239
1575752812434,large_vehicle,5,56
1583655445310,small_vehicle,2,68
1567281557643,large_vehicle,9,148
1583956845152,small_vehicle,1,278
1582762609456,large_vehicle,8,215
1577083575765,large_vehicle,2,111
1575851021651,small_vehicle,3,174
1570537505798,small_vehicle,9,176
1571974647093,large_vehicle,9,191
1571843764333,small_vehicle,5,107
1579445394228,small_vehicle,5,159
1585688348662,large_vehicle,6,46
1580625374450,small_vehicle,6,200
1571757298672,large_vehicle,10,256
1586702148384,large_vehicle,8,15
1584903277033,small_vehicle,7,123
1577945031936,small_vehicle,2,325
1575196798207,small_vehicle,10,211
1584039261187,small_vehicle,0,24
1570029729798,small_vehicle,1,355
1582803074879,large_vehicle,5,61
1573357996453,small_vehicle,3,183
1570686997502,large_vehicle,7,207
1569424287825,large_vehicle,7,267
1582219443501,small_vehicle,8,183
1583966996166,small_vehicle,8,176
1575956262142,large_vehicle,5,82
1566951013561,small_vehicle,0,120
1573575054894,large_vehicle,9,59
1571758113466,large_vehicle,8,225
1569127139799,small_vehicle,0,293
1571646279662,large_vehicle,4,238
1574932267984,small_vehicle,3,138
1565561805137,large_vehicle,9,315
1571279776811,small_vehicle,6,215
1571190434580,small_vehicle,3,316
1573134583793,small_vehicle,6,152
1586723426297,large_vehicle,2,224
1575050772320,large_vehicle,1,264
1565692485210,large_vehicle,10,275
1584980239683,small_vehicle,8,343
1565569537768,small_vehicle,6,70
1565312277586,small_vehicle,8,6
1569138259013,large_vehicle,0,290
1574561494287,small_vehicle,5,248
1568407748191,small_vehicle,0,278
1579602428250,large_vehicle,9,251
1578265366674,large_vehicle,4,59
1571205355855,large_vehicle,5,197
1576375872381,small_vehicle,9,65
1575612887858,large_vehicle,5,263
1571917200046,small_vehicle,2,100
1579510010472,small_vehicle,6,7
1582749058506,small_vehicle,0,48
1566191337368,small_vehicle,10,269
1575043637564,small_vehicle,3,4
1576852662005,small_vehicle,5,241
1568540167610,small_vehicle,0,190
1570986014755,small_vehicle,6,85
1566531149289,large_vehicle,3,150
1584987314976,small_vehicle,0,11
1569510602083,small_vehicle,7,24
1582148540681,large_vehicle,6,247
1574470588560,large_vehicle,3,88
1579398279194,large_vehicle,3,6
1568778727923,small_vehicle,8,182
1574519393734,large_vehicle,0,341
1568987954610,small_vehicle,9,349
1576409368270,large_vehicle,5,146
1576710762779,large_vehicle,1,49
1583097400014,small_vehicle,10,292
1576322735733,small_vehicle,5,171
1574804060947,large_vehicle,3,252
1567164405545,large_vehicle,6,196
1574336200050,large_vehicle,7,13
1567041011837,small_vehicle,4,8
1569066848899,large_vehicle,10,111
1578191200827,large_vehicle,0,26
1579075944948,large_vehicle,5,54
1569426377316,large_vehicle,3,230
1569182369229,large_vehicle,3,147
1578082381796,small_vehicle,10,102
1575914884679,large_vehicle,5,21
1568086864725,small_vehicle,1,68
1565583825638,small_vehicle,0,165
1567466834473,small_vehicle,1,50
1575804858768,small_vehicle,3,310
1574806879848,small_vehicle,6,111
1579778082802,small_vehicle,8,10
1583043989844,large_vehicle,2,330
1567709283858,small_vehicle,5,264
1573785605804,large_vehicle,3,255
1582900056261,large_vehicle,6,184
1578940130261,small_vehicle,9,265
1577811235595,small_vehicle,6,186
1583812490937,small_vehicle,8,73
1586652073858,small_vehicle,6,10
1583068460630,large_vehicle,10,189
1568639601314,large_vehicle,8,43
1571871182984,small_vehicle,2,138
1577974010609,small_vehicle,7,321
1581431867605,large_vehicle,0,355
1580986636013,small_vehicle,5,212
1567803975468,large_vehicle,1,23
1570549666403,small_vehicle,6,37
1584727292201,large_vehicle,6,127
1580719483813,small_vehicle,8,135
1566877032399,large_vehicle,1,107
1577180094733,small_vehicle,6,33
1585927455533,small_vehicle,0,185
1583757667856,large_vehicle,9,46
1583441898177,large_vehicle,3,180
1572126631866,large_vehicle,6,210
1584722718600,large_vehicle,10,288
1567321108949,large_vehicle,4,19
1585891663709,large_vehicle,6,122
1565975385982,large_vehicle,8,242
1585705249458,large_vehicle,1,265
1578014608429,large_vehicle,3,337
1583830384976,small_vehicle,7,188
1574031790167,small_vehicle,7,163
1576425744814,large_vehicle,5,163
1569962803575,small_vehicle,8,226
1574318586011,large_vehicle,3,308
1568866117512,large_vehicle,3,275
1567569214003,small_vehicle,8,127
1573061783281,large_vehicle,0,121
1576889040648,small_vehicle,0,143
1579620816230,large_vehicle,1,311
1575380797359,large_vehicle,3,203
1585386106089,small_vehicle,1,4
1577604324103,small_vehicle,3,122
1574860654936,small_vehicle,6,342
1568428183049,large_vehicle,9,95
1579247254165,small_vehicle,10,132
1570192365462,large_vehicle,5,158
1585213455543,small_vehicle,3,268
1569193259069,small_vehicle,2,43
1571880229119,large_vehicle,1,145
1571072380062,large_vehicle,5,66
1576452141871,small_vehicle,7,92
1572011022236,large_vehicle,3,56
1566204998519,large_vehicle,3,233
1577945626532,large_vehicle,7,187
1577156050902,large_vehicle,5,44
1571680840102,small_vehicle,4,2
1567651806864,large_vehicle,0,248
1584985115475,small_vehicle,1,176
1584041910250,large_vehicle,5,228
1582014309464,small_vehicle,7,348
1571599647641,small_vehicle,3,226
1577742248000,large_vehicle,0,102
1582786018930,large_vehicle,7,162
1582681817143,small_vehicle,7,101
1585468798089,small_vehicle,7,227
1578651916472,large_vehicle,7,119
1584798160289,large_vehicle,0,6
1565019601806,small_vehicle,5,43
1571838702812,large_vehicle,2,208
1583750815619,small_vehicle,6,257
1585953548217,small_vehicle,9,146
1585317172566,small_vehicle,10,201
1586571369283,small_vehicle,1,39
1578019486715,large_vehicle,4,150
1573179523411,small_vehicle,3,340
1573490106767,large_vehicle,8,78
1570366211479,large_vehicle,4,217
1585982665391,large_vehicle,7,81
1578446065402,small_vehicle,4,117
1572044385411,large_vehicle,2,303
1572929936177,small_vehicle,8,316
1572487093342,large_vehicle,9,244
1576914813482,small_vehicle,6,145
1574733349335,large_vehicle,2,262
1581289441862,small_vehicle,6,255
1584680462347,small_vehicle,3,11
1566875658524,small_vehicle,4,215
1575639431396,small_vehicle,3,7
1584064681987,small_vehicle,6,137
1584363498415,small_vehicle,10,262
1573403293372,large_vehicle,10,247
1586101596037,large_vehicle,2,164
1564946788985,small_vehicle,6,270
1585778429118,large_vehicle,6,317
1582831026342,large_vehicle,5,294
1585802916049,large_vehicle,2,152
1585022153993,small_vehicle,6,39
1570216927307,large_vehicle,3,80
1575505374630,small_vehicle,0,117
1579093093187,small_vehicle,6,5
1575607998442,small_vehicle,3,260
1577685316283,large_vehicle,7,32
1566536006710,small_vehicle,3,145
1580159005431,small_vehicle,5,19
1565277915332,large_vehicle,0,82
1565821174744,small_vehicle,0,234
1584439095607,small_vehicle,9,69
1577325607486,large_vehicle,0,128
1569083573034,small_vehicle,4,355
1585209501562,large_vehicle,5,54
1582958906705,large_vehicle,5,51
1571730332097,large_vehicle,7,165
1576966395450,small_vehicle,6,277
1569576466652,large_vehicle,1,232
1566729204775,large_vehicle,0,91
1578811865853,small_vehicle,1,144
1574712458856,small_vehicle,7,112
1577712079027,large_vehicle,4,230
1583928002683,large_vehicle,4,278
1569739295831,large_vehicle,7,77
1586153234008,large_vehicle,9,193
1565585604436,large_vehicle,8,185
1577744832746,small_vehicle,10,27
1565068515004,small_vehicle,8,292
1572470991288,small_vehicle,0,241
1576395050704,large_vehicle,10,176
1580860295483,large_vehicle,4,236
1567390833173,small_vehicle,7,121
1576125950796,small_vehicle,9,114
1575276709084,small_vehicle,8,85
1571483187562,small_vehicle,9,205
1576992706161,small_vehicle,0,326
1571458631305,small_vehicle,9,347
1578036393877,large_vehicle,6,292
1583410404059,large_vehicle,6,41
1580021851525,small_vehicle,0,315
1576509725132,large_vehicle,8,162
1569761558106,small_vehicle,9,309
1569092696522,large_vehicle,10,359
1579372381527,large_vehicle,7,238
1571265221811,small_vehicle,7,155
1581400883652,large_vehicle,6,34
1575787137800,small_vehicle,7,189
1577239554308,small_vehicle,6,207
1580971556493,small_vehicle,0,320
1577213725296,small_vehicle,3,310
1570245768561,large_vehicle,10,127
1565953588582,small_vehicle,8,166
1578855430786,small_vehicle,2,262
1567245107109,small_vehicle,4,235
1566191452296,large_vehicle,6,61
1579952964905,large_vehicle,6,165
1577846624476,large_vehicle,8,144
1575856006967,large_vehicle,1,234
1580714511720,large_vehicle,6,261
1575042265990,large_vehicle,10,316
1584209297416,small_vehicle,0,280
1574382240855,small_vehicle,6,127
1586088079255,large_vehicle,9,21
1584685029145,large_vehicle,8,118
1573580607256,small_vehicle,2,234
1581969623733,large_vehicle,4,253
1572142077763,large_vehicle,10,11
1577295195479,large_vehicle,3,94
1568030332392,large_vehicle,2,306
1571962488524,large_vehicle,7,228
1565209400603,small_vehicle,1,360
1569994586140,large_vehicle,8,145
1567511561257,large_vehicle,8,147
1570861027686,large_vehicle,5,13
1574101904496,small_vehicle,1,89
1577677519016,large_vehicle,8,235
1568783177062,small_vehicle,4,82
1583314000525,large_vehicle,9,327
1583883517751,large_vehicle,7,3
1576983743507,large_vehicle,3,215
1574684423303,small_vehicle,2,48
1582487955118,small_vehicle,3,134
1579137958236,small_vehicle,7,76
1565537170689,small_vehicle,1,87
1586138167520,small_vehicle,2,33
1567928861643,large_vehicle,8,45
1577625780286,large_vehicle,7,29
1581593424605,small_vehicle,7,214
1567350349816,small_vehicle,10,264
1574708760493,large_vehicle,4,46
1578996867091,small_vehicle,3,242
1586127108359,large_vehicle,10,117
1573374993873,small_vehicle,8,200
1575147856360,small_vehicle,9,177
1572737775229,large_vehicle,9,200
1568291390355,large_vehicle,7,98
1586400002200,small_vehicle,9,129
1586012211520,small_vehicle,9,83
1582220870996,small_vehicle,3,239
1565060770336,small_vehicle,6,20
1566629374518,large_vehicle,4,31
1564999307875,small_vehicle,6,93
1576939740391,small_vehicle,3,165
1568198783267,large_vehicle,1,97
1578194734269,large_vehicle,0,148
1564936282239,large_vehicle,5,171
1565020101880,large_vehicle,6,108
1581945528088,small_vehicle,7,334
1573827064026,small_vehicle,6,276
1568481203206,small_vehicle,10,346
1569223350113,small_vehicle,7,94
1576856315308,small_vehicle,4,359
1574754888523,large_vehicle,0,145
1570692917025,large_vehicle,6,79
1566536364939,large_vehicle,1,60
1585063954602,large_vehicle,9,27
1564832760127,small_vehicle,9,266
1586125164289,small_vehicle,3,251
1568209607816,large_vehicle,1,303
1579812628829,large_vehicle,6,252
1570695333922,small_vehicle,2,51
1565328489042,small_vehicle,8,79
1580068749565,large_vehicle,0,108
1583861497947,large_vehicle,2,14
1584553186301,small_vehicle,3,49
1568111528027,large_vehicle,10,352
1569072728154,large_vehicle,4,357
1567887707889,small_vehicle,9,200
1573625764406,large_vehicle,1,29
1570274167014,small_vehicle,5,42
1577624419650,large_vehicle,7,225
1582619543421,small_vehicle,5,190
1572976503093,small_vehicle,10,271
1579711204876,large_vehicle,10,329
1576808953404,small_vehicle,6,216
1577618956894,large_vehicle,2,192
1565266589554,large_vehicle,10,99
1578735323912,small_vehicle,4,237
1581579855803,small_vehicle,5,39
1571431687200,large_vehicle,7,182
1584978867694,large_vehicle,7,209
1586696226083,small_vehicle,10,247
1572072943318,small_vehicle,10,49
1572522522970,large_vehicle,6,345
1568443463632,large_vehicle,10,68
1586447154599,large_vehicle,1,7
1585493755191,small_vehicle,2,159
1581268304478,large_vehicle,1,357
1580147964460,small_vehicle,10,7
1568919249445,large_vehicle,3,138
1584673706718,large_vehicle,4,79
1575709320170,large_vehicle,4,277
1577149264445,large_vehicle,4,27
1564838774026,small_vehicle,0,89
1570010255799,small_vehicle,9,139
1585123573366,small_vehicle,7,64
1580842115477,small_vehicle,5,150
1576609994466,small_vehicle,1,339
1566228189125,large_vehicle,5,73
1576126290208,small_vehicle,4,177
1573379718599,large_vehicle,3,41
1580426822718,small_vehicle,9,258
1573451027342,large_vehicle,0,300
1584543647650,large_vehicle,4,200
1580179035444,small_vehicle,3,130
1577703142808,small_vehicle,1,164
1575739534646,large_vehicle,3,347
1566526375886,large_vehicle,5,163
1584193301797,small_vehicle,6,93
1571277089678,large_vehicle,2,261
1567705392633,small_vehicle,10,344
1581333564978,small_vehicle,5,76
1567353842840,small_vehicle,2,40
1583594919497,large_vehicle,5,9
1578003906867,small_vehicle,7,144
1576083450241,small_vehicle,6,130
1582656571002,large_vehicle,0,15
1583921920301,small_vehicle,0,51
1585373861233,large_vehicle,7,52
1582680659489,large_vehicle,6,286
1575893586428,small_vehicle,3,48
1579108595861,large_vehicle,8,36
1568740639506,large_vehicle,4,56
1583179767340,large_vehicle,6,120
1575806856477,small_vehicle,5,340
1569634876141,large_vehicle,8,301
1566026108827,small_vehicle,4,358
1573726890812,large_vehicle,8,215
1576091113722,small_vehicle,7,111
1585922677897,large_vehicle,4,354
1577151467983,small_vehicle,10,301
1566724262529,large_vehicle,3,32
1565054076185,small_vehicle,10,135
1569529567848,large_vehicle,2,147
1567394262101,small_vehicle,3,147
1578054956620,small_vehicle,6,102
1573870376912,small_vehicle,4,67
1570507271088,large_vehicle,2,227
1585672322737,large_vehicle,8,20
1567978356052,small_vehicle,7,247
1580382714734,large_vehicle,5,194
1577987287265,large_vehicle,1,43
1570191813606,large_vehicle,8,204
1565728010339,small_vehicle,0,136
1577651393992,large_vehicle,7,246
1566406153281,small_vehicle,1,62
1575873845807,small_vehicle,1,89
1577027273990,small_vehicle,6,302
1578224602746,small_vehicle,1,301
1573247536054,small_vehicle,9,71
1576990320998,large_vehicle,3,22
1567802590582,small_vehicle,5,127
1569093242079,large_vehicle,0,202
1585645553875,large_vehicle,2,201
1585825257232,large_vehicle,0,120
1571148803799,large_vehicle,2,317
1576016390191,large_vehicle,8,235
1583361292506,large_vehicle,0,174
1582606255563,large_vehicle,6,7
1566991521144,large_vehicle,6,326
1578654484345,large_vehicle,3,215
1576276352378,small_vehicle,1,341
1568323440602,small_vehicle,8,295
1569438863510,large_vehicle,1,145
1581245087249,large_vehicle,5,124
1576409784638,large_vehicle,10,265
1585767478818,small_vehicle,2,34
1573581206151,small_vehicle,5,249
1583004430730,small_vehicle,9,150
1572992750682,large_vehicle,8,235
1565307949936,small_vehicle,10,69
1578824526742,small_vehicle,8,261
1568719124587,large_vehicle,9,207
1571727340797,large_vehicle,2,254
1568360890306,small_vehicle,2,351
1569335406182,small_vehicle,4,79
1579851832634,large_vehicle,0,175
1585744251815,small_vehicle,2,201
1584673076700,large_vehicle,0,301
1568863806590,large_vehicle,3,144
1571579912968,large_vehicle,0,71
1571590630008,small_vehicle,6,163
1572611973214,large_vehicle,2,241
1571699566068,large_vehicle,5,270
1576693191469,large_vehicle,1,49
1583099831533,small_vehicle,9,77
1565392490121,large_vehicle,4,263
1565414030210,small_vehicle,6,119
1578632233548,large_vehicle,2,176
1570294929420,large_vehicle,2,70
1576958590985,small_vehicle,5,134
1585277980615,small_vehicle,5,73
1578857781513,small_vehicle,6,212
1578503276465,large_vehicle,7,27
1571760726678,small_vehicle,5,165
1574097396782,small_vehicle,4,198
1569411782456,small_vehicle,6,220
1578980811344,small_vehicle,5,169
1582203658314,small_vehicle,2,118
1573931760533,small_vehicle,1,270
1565052723829,large_vehicle,4,53
1582163071038,small_vehicle,4,63
1568198979782,small_vehicle,2,355
1569410157411,large_vehicle,8,318
1566981414242,small_vehicle,4,341
1578766321022,large_vehicle,4,318
1566598831716,large_vehicle,6,72
1574934509597,small_vehicle,0,154
1571895219635,large_vehicle,0,324
1582838416026,small_vehicle,4,297
1571631961603,small_vehicle,5,154
1574980933322,large_vehicle,4,36
1568293420692,large_vehicle,7,195
1584564345841,small_vehicle,0,111
1568953684951,small_vehicle,0,57
1583610374107,large_vehicle,0,65
1583406153033,large_vehicle,8,151
1583290331656,large_vehicle,10,237
1577660848916,large_vehicle,3,16
1584696261737,large_vehicle,3,146
1574280255842,large_vehicle,1,130
1578093185047,small_vehicle,4,243
1570263511124,small_vehicle,5,132
1575144640062,small_vehicle,3,118
1586260775566,large_vehicle,1,178
1569982783651,small_vehicle,9,44
1581477832398,small_vehicle,2,180
1566432863346,small_vehicle,8,329
1569196710769,small_vehicle,6,132
1575507513267,large_vehicle,6,17
1578610507757,small_vehicle,0,287
1568747041586,small_vehicle,9,214
1583359475879,large_vehicle,4,184
1570797454013,small_vehicle,2,167
1570549212028,large_vehicle,4,195
1579963573753,large_vehicle,0,296
1573633160368,large_vehicle,1,288
1573428776687,large_vehicle,3,224
1579205253678,large_vehicle,8,121
1575044925172,large_vehicle,7,226
1573701857268,large_vehicle,4,121
1569279101348,small_vehicle,2,166
1569668276163,small_vehicle,5,301
1565216596358,large_vehicle,3,191
1572440152689,large_vehicle,8,325
1585438610879,large_vehicle,10,73
1565427991544,large_vehicle,9,103
1574330767771,large_vehicle,5,17
1572238527902,small_vehicle,2,33
1571183716678,large_vehicle,2,324
1585082713027,large_vehicle,4,41
1566226227294,small_vehicle,6,100
1571793428118,large_vehicle,3,312
1574615714245,large_vehicle,2,106
1584231656420,large_vehicle,6,274
1577836761062,large_vehicle,4,182
1574710911118,large_vehicle,2,136
1581773094137,small_vehicle,3,328
1583396107710,small_vehicle,0,84
1568417681099,small_vehicle,8,182
1574816630085,small_vehicle,1,332
1578813422491,small_vehicle,3,7
1568029588179,large_vehicle,1,89
1582367654522,large_vehicle,1,125
1579564210873,large_vehicle,1,246
1570046246105,small_vehicle,2,231
1572737372026,small_vehicle,9,71
1579943855195,large_vehicle,8,197
1585636930054,large_vehicle,1,322
1569719778163,large_vehicle,0,237
1583480989610,small_vehicle,9,210
1570216331012,small_vehicle,4,225
1569578217046,small_vehicle,9,136
1581929421167,small_vehicle,0,209
1574734148193,large_vehicle,2,105
1567143076012,large_vehicle,10,128
1586141360435,large_vehicle,6,145
1566688557574,large_vehicle,2,197
1569226316185,large_vehicle,4,127
1572363317784,large_vehicle,3,74
1578761302499,large_vehicle,10,210
1582587295872,large_vehicle,4,116
1581126611993,large_vehicle,4,1
1569076419210,large_vehicle,1,171
1572084799102,small_vehicle,3,343
1586267440251,small_vehicle,10,0
1577320498212,large_vehicle,8,344
1579710780541,large_vehicle,5,136
1574643541035,large_vehicle,9,142
1582166537376,small_vehicle,7,51
1574562214418,large_vehicle,7,63
1567465522628,small_vehicle,10,290
1578201824384,large_vehicle,3,273
1567379986641,small_vehicle,7,215
1566071684035,small_vehicle,3,259
1586637415462,large_vehicle,8,233
1567237933273,large_vehicle,0,269
1584769898052,small_vehicle,9,328
1570678278643,large_vehicle,6,317
1571134132246,small_vehicle,7,233
1571810199351,large_vehicle,6,155
1570273353085,small_vehicle,8,269
1579417853761,small_vehicle,2,187
1585764472398,small_vehicle,5,228
1578008009099,large_vehicle,2,75
1573760701442,small_vehicle,5,273
1571989703258,large_vehicle,6,314
1572632381048,small_vehicle,8,50
1566537654979,small_vehicle,0,234
1580957134149,large_vehicle,2,228
1581882413738,large_vehicle,2,290
1585151246298,small_vehicle,4,204
1568381964260,large_vehicle,9,143
1567118380414,small_vehicle,7,28
1572132929213,small_vehicle,1,216
1565144527265,small_vehicle,0,330
1571742034888,small_vehicle,1,331
1576749085679,small_vehicle,5,218
1565403293411,small_vehicle,4,235
1585382691186,small_vehicle,6,172
1582784148544,small_vehicle,1,295
1576730719997,large_vehicle,2,223
1570870603668,large_vehicle,7,61
1573998314336,large_vehicle,10,305
1569643010442,large_vehicle,10,323
1578589397922,large_vehicle,2,160
1586424613099,small_vehicle,6,269
1585941386722,large_vehicle,9,12
1572410544984,large_vehicle,9,174
1571019983594,small_vehicle,5,186
1576151226670,large_vehicle,3,16
1585206278358,large_vehicle,10,20
1570560357862,small_vehicle,2,61
1579578348103,large_vehicle,5,51
1574176416468,large_vehicle,9,306
1570214694734,large_vehicle,4,121
1574715774591,small_vehicle,10,353
1578956832991,large_vehicle,6,176
1577299871060,small_vehicle,3,282
1566604919184,small_vehicle,8,43
1582006122396,large_vehicle,0,141
1569848064688,large_vehicle,7,196
1572975819319,small_vehicle,2,98
1578077783510,small_vehicle,0,301
1571944111400,small_vehicle,10,1
1582688368065,large_vehicle,10,305
1585893953582,small_vehicle,6,41
1584276961267,small_vehicle,7,304
1565267004520,large_vehicle,10,49
1575557029882,small_vehicle,0,17
1582647673441,large_vehicle,3,236
1575430687340,small_vehicle,7,78
1565441791558,large_vehicle,7,12
1573811654661,small_vehicle,2,150
1583402337492,large_vehicle,4,6
1565742080145,large_vehicle,0,101
1568103957500,large_vehicle,10,217
1584725757386,large_vehicle,10,247
1578744242176,small_vehicle,8,299
1579406637626,large_vehicle,10,151
1566312749965,large_vehicle,7,289
1573567812822,large_vehicle,0,214
1578986108146,large_vehicle,10,341
1576187199104,small_vehicle,8,333
1582354008960,large_vehicle,6,107
1567300359242,small_vehicle,2,212
1580884830455,small_vehicle,2,204
1586374829472,small_vehicle,9,129
1581448772105,small_vehicle,4,144
1585167187929,small_vehicle,2,167
1584508437528,large_vehicle,9,221
1586269368741,large_vehicle,9,346
1567700497942,small_vehicle,6,306
1569683888911,small_vehicle,0,16
1577131922743,large_vehicle,9,290
1572493529171,large_vehicle,4,305
1584468980526,large_vehicle,8,19
1566349276586,small_vehicle,10,229
1567995362011,large_vehicle,0,171
1574194118996,large_vehicle,4,271
1566502304601,small_vehicle,7,204
1574069714432,small_vehicle,0,224
1565736003759,large_vehicle,0,245
1570009229249,small_vehicle,10,85
1578608158235,small_vehicle,0,253
1575504645148,small_vehicle,5,331
1585472148328,large_vehicle,7,153
1576510775058,small_vehicle,2,9
1572789328714,large_vehicle,3,325
1570228402576,large_vehicle,4,199
1581737075970,small_vehicle,9,151
1581912539853,small_vehicle,6,289
1569400330669,small_vehicle,6,174
1574564809598,large_vehicle,2,14
1572943950348,large_vehicle,0,353
1582978459466,small_vehicle,3,167
1585414556905,large_vehicle,3,13
1584495196038,small_vehicle,5,48
1583231415185,large_vehicle,10,352
1584653989702,large_vehicle,1,274
1567693012293,large_vehicle,3,103
1572181955677,small_vehicle,7,266
1567252372828,large_vehicle,4,138
1583160176214,large_vehicle,10,155
1581272119450,large_vehicle,8,174
1580986234769,small_vehicle,3,323
1571067215361,large_vehicle,9,257
1568873407550,large_vehicle,6,252
1572721266478,small_vehicle,2,31
1585992865072,large_vehicle,10,94
1580707104863,large_vehicle,1,283
1567425675213,large_vehicle,0,244
1576355645278,small_vehicle,4,63
1574713167581,small_vehicle,1,338
1566984997267,large_vehicle,10,338
1584974975353,large_vehicle,10,212
1570851022332,large_vehicle,10,1
1580851459225,large_vehicle,7,122
1574087325854,small_vehicle,2,187
1568742025738,small_vehicle,9,41
1571944038623,large_vehicle,10,50
1584526922792,small_vehicle,6,56
1575472906464,large_vehicle,6,55
1570888191402,small_vehicle,2,291
1582572347433,large_vehicle,7,203
1585575815128,small_vehicle,5,186
1585844041787,large_vehicle,9,86
1565490149254,small_vehicle,6,333
1568180954034,large_vehicle,0,284
1564935625655,small_vehicle,1,352
1580809163038,small_vehicle,6,41
1586609654986,large_vehicle,2,86
1583257799910,large_vehicle,0,262
1579585106356,large_vehicle,0,2
1569009729923,large_vehicle,5,347
1576063107228,large_vehicle,8,70
1580800834151,small_vehicle,4,166
1585734331226,large_vehicle,6,113
1574568206792,large_vehicle,4,83
1572745586244,large_vehicle,3,198
1572306803570,small_vehicle,5,180
1585752096646,large_vehicle,5,189
1569885713991,large_vehicle,10,305
1584557570502,large_vehicle,10,23
1569711941658,small_vehicle,0,77
1570315552091,large_vehicle,1,141
1569810308752,large_vehicle,5,291
1565232406858,small_vehicle,0,24
1564871441243,large_vehicle,6,284
1582725589148,large_vehicle,2,353
1570905465916,large_vehicle,0,352
1582787942338,small_vehicle,8,223
1580753453366,small_vehicle,9,160
1578566542277,large_vehicle,3,217
1579070855773,large_vehicle,0,304
1565528566065,small_vehicle,0,53
1578174588942,small_vehicle,8,28
1567066222096,small_vehicle,9,263
1571528828876,large_vehicle,9,102
1576772185164,large_vehicle,7,197
1567746756139,large_vehicle,0,77
1573265164157,small_vehicle,8,232
1575903580901,large_vehicle,3,14
1573062574865,small_vehicle,6,347
1565540965636,small_vehicle,3,47
1567989369343,small_vehicle,8,260
1569554262210,small_vehicle,4,29
1583858058405,small_vehicle,8,184
1576781292917,large_vehicle,6,179
1576242446767,small_vehicle,3,204
1581381694238,small_vehicle,0,166
1580072035167,large_vehicle,4,193
1578272966042,large_vehicle,3,90
1571299292305,small_vehicle,8,29
1586403167770,large_vehicle,9,196
1579806344125,small_vehicle,6,213
1570624649947,large_vehicle,2,13
1567384504147,small_vehicle,9,307
1580066491478,small_vehicle,3,343
1585702456079,large_vehicle,5,212
1565975062805,large_vehicle,9,359
1577750846074,large_vehicle,0,9
1586639566101,small_vehicle,7,162
1568195779311,large_vehicle,7,155
1572083739506,small_vehicle,10,1
1582512341163,small_vehicle,5,321
1579135708461,small_vehicle,1,314
1566301447475,small_vehicle,7,85
1579499199653,large_vehicle,2,227
1566904199405,small_vehicle,4,192
1577271122932,small_vehicle,10,155
1566071037420,large_vehicle,2,90
1567404158225,small_vehicle,0,60
1586591412563,small_vehicle,8,339
1569941113513,large_vehicle,8,88
1566724167830,large_vehicle,9,27
1567903099956,large_vehicle,5,231
1569361298566,large_vehicle,6,65
1569361420431,large_vehicle,8,308
1578539317555,small_vehicle,1,308
1571034327647,large_vehicle,10,171
1585207108567,large_vehicle,6,350
1586111142937,large_vehicle,4,250
1565064523785,small_vehicle,0,110
1580643833765,large_vehicle,7,14
1580467928744,small_vehicle,2,350
1565109469427,large_vehicle,0,10
1585438966008,small_vehicle,6,185
1585832546907,large_vehicle,8,137
1583837796915,large_vehicle,6,76
1568947667406,small_vehicle,5,288
1575593284223,large_vehicle,0,55
1569099286448,small_vehicle,6,231
1567709206234,large_vehicle,3,295
1582505221257,small_vehicle,7,129
1578751297831,large_vehicle,0,290
1579147268703,large_vehicle,6,193
1568717458711,small_vehicle,4,35
1568784290325,small_vehicle,0,104
1576338929601,large_vehicle,7,274
1574877331411,large_vehicle,1,269
1573880627988,small_vehicle,7,247
1577025958598,small_vehicle,1,140
1574410139412,small_vehicle,9,102
1583664650156,small_vehicle,9,55
1575474736637,small_vehicle,1,42
1565583426352,small_vehicle,2,193
1585316657297,large_vehicle,7,119
1570063470590,small_vehicle,4,135
1580667271558,small_vehicle,3,262
1583652262456,large_vehicle,7,28
1583179796430,small_vehicle,8,228
1579208867440,large_vehicle,7,42
1565192976657,large_vehicle,10,37
1567456866092,small_vehicle,6,282
1574763525218,large_vehicle,8,234
1569833364427,small_vehicle,0,180
1569337471910,small_vehicle,4,279
1567424589150,large_vehicle,1,53
1568879589652,small_vehicle,3,47
1576995511273,large_vehicle,3,353
1572051338701,large_vehicle,7,154
1583603353134,large_vehicle,8,228
1585150453191,large_vehicle,10,61
1569225403811,small_vehicle,10,176
1582594878494,large_vehicle,3,52
1571743998844,large_vehicle,8,218
1583259392877,large_vehicle,7,296
1577961834423,small_vehicle,1,115
1567897623665,large_vehicle,7,233
1574083889171,large_vehicle,3,153
1566546680652,small_vehicle,1,248
1584010820412,small_vehicle,0,279
1585595787435,small_vehicle,8,355
1575568259130,large_vehicle,6,49
1572732720387,small_vehicle,1,62
1576560435463,small_vehicle,0,241
1575973239222,large_vehicle,2,127
1585362117695,large_vehicle,1,15
1567325401730,large_vehicle,7,73
1568581248560,large_vehicle,1,131
1570438217311,large_vehicle,10,310
1571832235971,small_vehicle,2,359
1565648522862,large_vehicle,3,63
1566534969118,small_vehicle,9,262
1571456207253,small_vehicle,2,148
1567703441952,large_vehicle,0,54
1580945718976,small_vehicle,6,117
1573410065832,large_vehicle,4,113
1586112418557,small_vehicle,6,58
1583923922061,small_vehicle,8,31
1580325250474,small_vehicle,6,196
1568559700494,small_vehicle,10,172
1572362807975,large_vehicle,5,164
1576727003575,small_vehicle,5,104
1582171166281,large_vehicle,5,25
1565889137129,large_vehicle,6,217
1584198575534,small_vehicle,0,333
1584238311400,large_vehicle,3,184
1572719729374,large_vehicle,7,240
1574478697076,small_vehicle,3,166
1570303206878,large_vehicle,2,252
1585394532473,large_vehicle,9,341
1580805028972,large_vehicle,5,155
1579524601245,large_vehicle,9,88
1574635772922,large_vehicle,1,265
1581229515747,large_vehicle,2,312
1576151337822,large_vehicle,5,21
1580721818726,small_vehicle,5,105
1567168696635,large_vehicle,6,269
1585590827296,small_vehicle,10,30
1566922025697,small_vehicle,1,292
1575921964143,large_vehicle,6,313
1564762761702,large_vehicle,9,181
1569771932818,large_vehicle,8,251
1577753871190,large_vehicle,6,98
1579757436712,large_vehicle,9,1
1575049974425,small_vehicle,8,307
1576528582323,small_vehicle,3,2
1576439492760,large_vehicle,9,231
1578390338154,small_vehicle,2,8
1579215023945,large_vehicle,5,192
1578227800305,large_vehicle,3,335
1571023082382,large_vehicle,8,298
1582484492612,large_vehicle,6,69
1576534133862,small_vehicle,9,323
1570944079373,small_vehicle,0,126
1569669993866,large_vehicle,3,74
1581879574499,small_vehicle,1,272
1582395640195,large_vehicle,7,322
1580473691424,large_vehicle,2,11
