1574862690310,small_vehicle,5,311
1570495217710,large_vehicle,2,260
1573223468622,large_vehicle,6,264
1582027276275,small_vehicle,9,236
1564938888976,small_vehicle,3,219
1574987946794,large_vehicle,9,106
1583294247148,large_vehicle,2,233
1585670355875,small_vehicle,6,93
1574162420439,large_vehicle,6,267
1581627980221,small_vehicle,4,272
1575631163013,small_vehicle,7,349
1570464209545,small_vehicle,8,331
1572753895936,small_vehicle,9,40
1566535850480,small_vehicle,6,32
1568611597495,large_vehicle,7,212
1576372306934,small_vehicle,9,180
1577339852058,large_vehicle,8,20
1574756786063,small_vehicle,7,287
1573690589518,small_vehicle,10,122
1569209153923,large_vehicle,1,15
1566352476148,large_vehicle,9,105
1567563372058,small_vehicle,8,108
1583239757906,large_vehicle,7,214
1571229377263,small_vehicle,8,295
1576206444877,large_vehicle,8,283
1575099395379,small_vehicle,7,46
1579795198520,large_vehicle,4,249
1565655419570,large_vehicle,7,62
1580717119922,large_vehicle,7,134
1566826318716,small_vehicle,6,214
1578486577767,small_vehicle,8,235
1582854798070,large_vehicle,9,169
1582089943294,large_vehicle,7,336
1585607392641,small_vehicle,7,165
1575625893261,large_vehicle,8,3
1582415811404,small_vehicle,6,136
1574147800216,small_vehicle,7,178
1585827123964,large_vehicle,6,214
1569817182811,large_vehicle,0,176
1567333033158,small_vehicle,5,182
1577062377609,small_vehicle,7,102
1573907745088,large_vehicle,6,86
1577319646514,large_vehicle,4,251
1583406041400,small_vehicle,0,113
1573114246245,large_vehicle,4,316
1564712771337,small_vehicle,6,113
1584780784524,small_vehicle,7,316
1583048242148,large_vehicle,7,282
1575525687971,large_vehicle,6,137
1565087070353,small_vehicle,7,178
1569941730678,large_vehicle,0,224
1584697164857,large_vehicle,3,318
1573544367963,small_vehicle,9,253
1577883854213,large_vehicle,6,109
1577208905109,large_vehicle,1,287
1584929740750,small_vehicle,9,151
1585310577830,small_vehicle,2,42
1574453944949,small_vehicle,7,27
1572782219748,large_vehicle,0,54
1575042271802,small_vehicle,1,162
1579974835917,large_vehicle,3,59
1570380097447,large_vehicle,2,336
1570283342550,small_vehicle,3,36
1565133888583,large_vehicle,0,350
1568524954288,large_vehicle,3,301
1581882526601,large_vehicle,0,210
1582940151882,large_vehicle,6,306
1579283534726,small_vehicle,5,40
1581643550620,small_vehicle,9,307
1585335464306,small_vehicle,0,54
1574275154609,large_vehicle,10,22
1586689249012,small_vehicle,9,172
1582664034932,small_vehicle,8,15
1569340842628,large_vehicle,10,98
1577834235077,small_vehicle,0,70
1582747206243,large_vehicle,7,40
1584970475683,large_vehicle,5,358
1571280986689,large_vehicle,1,257
1568427220446,small_vehicle,5,172
1570643642139,small_vehicle,3,215
1579189014084,small_vehicle,1,102
1567515380201,large_vehicle,8,24
1577891710919,large_vehicle,6,233
1574785512613,small_vehicle,6,232
1579575061732,small_vehicle,9,294
1572808190869,large_vehicle,9,83
1571035888353,large_vehicle,5,166
1586536504856,small_vehicle,2,118
1585987505367,small_vehicle,10,26
1572412788398,small_vehicle,7,359
1570715155718,small_vehicle,1,141
1583603660236,large_vehicle,3,197
1572297515416,small_vehicle,3,178
1569707521454,small_vehicle,0,5
1571197954334,large_vehicle,3,12
1581467032604,small_vehicle,1,295
1573697763227,small_vehicle,6,92
1582113734894,large_vehicle,6,204
1571906803794,large_vehicle,1,199
1570350835559,large_vehicle,7,54
1570756939277,small_vehicle,9,305
1576212442959,large_vehicle,10,61
1568066700369,large_vehicle,1,297
1568798793274,large_vehicle,7,220
1574748851668,small_vehicle,6,138
1573547096974,large_vehicle,3,264
1582630019205,large_vehicle,2,290
1569270866251,large_vehicle,1,334
1569448180697,large_vehicle,10,359
1583851843877,small_vehicle,4,136
1583593452555,small_vehicle,5,35
1572314876299,small_vehicle,3,93
1584406434556,large_vehicle,2,276
1567489331741,large_vehicle,10,109
1583724506896,large_vehicle,4,12
1565709956317,small_vehicle,8,97
1568973241650,small_vehicle,6,132
1584518305078,small_vehicle,4,334
1571618611983,large_vehicle,8,68
1581539038436,small_vehicle,9,223
1582148489207,large_vehicle,6,23
1567433747107,large_vehicle,2,197
1581074666655,small_vehicle,7,122
1564904932701,large_vehicle,1,360
1581021249422,large_vehicle,9,290
1577074697770,small_vehicle,9,58
1579581010783,small_vehicle,0,291
1580183582859,large_vehicle,1,320
1571789911554,large_vehicle,1,320
1570509461827,small_vehicle,4,343
1574420269288,small_vehicle,8,232
1567242377192,small_vehicle,10,282
1580161488823,small_vehicle,1,272
1580392093739,small_vehicle,9,315
1566864369703,large_vehicle,1,67
1576578536588,small_vehicle,2,118
1578224793791,large_vehicle,1,223
1573281826061,small_vehicle,7,178
1582293817262,small_vehicle,10,94
1570230301566,small_vehicle,4,278
1577813245943,small_vehicle,4,306
1578860209343,small_vehicle,5,281
1567437016362,large_vehicle,0,64
1569756378512,large_vehicle,8,84
1570230619056,small_vehicle,2,58
1582536051640,small_vehicle,5,62
1586091535360,small_vehicle,1,94
1572943893455,large_vehicle,2,292
1575074923221,large_vehicle,4,106
1566406091033,small_vehicle,8,15
1579287886081,small_vehicle,5,306
1579381355354,small_vehicle,2,0
1571427383386,large_vehicle,4,143
1576527499862,small_vehicle,9,95
1578378164229,large_vehicle,2,72
1570428419301,small_vehicle,5,301
1585269131981,large_vehicle,5,229
1564664405884,small_vehicle,1,284
1568027038442,small_vehicle,2,51
1566264008624,small_vehicle,2,252
1567003505345,large_vehicle,2,6
1582758598792,large_vehicle,8,313
1564715075039,large_vehicle,9,342
1564958796186,large_vehicle,1,83
1573017440433,small_vehicle,4,246
1584750078614,large_vehicle,3,302
1583863073225,large_vehicle,3,195
1580785252631,large_vehicle,8,97
1569387568779,large_vehicle,2,154
1580515660663,large_vehicle,9,180
1586177943697,large_vehicle,9,128
1578466158857,large_vehicle,6,278
1585743349843,large_vehicle,9,198
1574438107363,small_vehicle,1,88
1565037200024,small_vehicle,6,85
1569897103431,small_vehicle,7,143
1582823027300,large_vehicle,1,286
1577093362020,small_vehicle,2,56
1581635774283,large_vehicle,3,311
1572556384568,large_vehicle,5,272
1586666318911,large_vehicle,3,248
1568587624338,large_vehicle,5,297
1565126915193,large_vehicle,6,31
1579145633948,large_vehicle,1,29
1582359990498,large_vehicle,6,133
1585759621803,large_vehicle,8,40
1566220208751,small_vehicle,5,231
1578404549951,large_vehicle,3,182
1571018673611,large_vehicle,10,209
1572331097453,small_vehicle,2,205
1576631164074,small_vehicle,5,353
1574338410490,large_vehicle,8,175
1568095277889,large_vehicle,8,299
1570135678446,large_vehicle,6,100
1568311776188,large_vehicle,9,274
1580495371486,large_vehicle,1,61
1585304489988,small_vehicle,2,188
1584090201341,small_vehicle,9,257
1585747397735,small_vehicle,8,325
1575206454013,large_vehicle,2,350
1567985128000,large_vehicle,9,288
1579350659184,small_vehicle,4,240
1573830991375,small_vehicle,7,78
1573999739255,small_vehicle,9,360
1573405094470,small_vehicle,0,210
1565578913520,small_vehicle,2,23
1584473296084,large_vehicle,10,152
1569443379932,large_vehicle,5,276
1575329560994,small_vehicle,5,219
1568032301617,large_vehicle,6,326
1572671252148,large_vehicle,3,263
1574808100444,large_vehicle,2,262
1571842896854,small_vehicle,5,103
1579251655243,small_vehicle,7,346
1584586323087,small_vehicle,9,5
1568633383849,small_vehicle,8,97
1574679801102,large_vehicle,7,254
1582572475253,small_vehicle,5,130
1576301489353,large_vehicle,10,151
1579437375331,small_vehicle,8,235
1567141253402,small_vehicle,3,243
1575976661960,large_vehicle,5,86
1571798148827,large_vehicle,4,173
1569069441965,large_vehicle,1,237
1572977919956,small_vehicle,0,64
1576054312856,small_vehicle,2,191
1580508988140,small_vehicle,4,186
1578685107001,small_vehicle,0,306
1575833833636,large_vehicle,5,25
1568867244619,large_vehicle,6,360
1581841938332,small_vehicle,9,2
1571558079940,large_vehicle,7,255
1574871417942,small_vehicle,5,318
1578268386853,small_vehicle,4,43
1583253471843,large_vehicle,5,32
1578583625447,small_vehicle,7,133
1583794355417,large_vehicle,8,193
1582327141556,large_vehicle,5,61
1579147335371,large_vehicle,9,32
1578219349969,small_vehicle,10,356
1579174113614,small_vehicle,6,298
1581044580995,large_vehicle,6,57
1578986201568,large_vehicle,9,255
1577095066815,large_vehicle,6,49
1576034655648,large_vehicle,4,43
1584419545600,small_vehicle,6,333
1569263672116,small_vehicle,0,227
1571525983465,large_vehicle,5,217
1586581200049,small_vehicle,4,71
1570660623997,small_vehicle,0,142
1567186672636,large_vehicle,6,21
1564710265397,small_vehicle,9,27
1579083563698,small_vehicle,1,137
1583841880972,small_vehicle,5,81
1569503087479,large_vehicle,7,93
1580480076460,large_vehicle,3,74
1567815063673,small_vehicle,10,46
1581436659021,small_vehicle,3,292
1568004172891,small_vehicle,9,65
1579114102393,large_vehicle,8,202
1584671601055,large_vehicle,3,265
1575636388653,large_vehicle,2,148
1573058212329,small_vehicle,4,37
1582279277479,large_vehicle,10,37
1582571486231,small_vehicle,4,250
1573873062312,large_vehicle,5,116
1567034499222,large_vehicle,3,314
1568047689404,small_vehicle,4,351
1572519614744,large_vehicle,5,127
1571458323633,small_vehicle,10,108
1585796311731,small_vehicle,4,312
1576319437870,small_vehicle,6,113
1564989299602,large_vehicle,1,32
1584664210286,small_vehicle,0,307
1565663680432,small_vehicle,0,325
1565896051025,small_vehicle,9,53
1576657307539,large_vehicle,6,76
1574280189900,large_vehicle,10,177
1572170492318,large_vehicle,7,306
1576073879403,small_vehicle,4,58
1586006569890,small_vehicle,4,190
1579525283209,large_vehicle,3,275
1568337965684,large_vehicle,4,305
1572494765800,small_vehicle,8,348
1567845584780,large_vehicle,8,331
1584507846702,small_vehicle,7,100
1565731804789,small_vehicle,4,118
1566906256430,large_vehicle,8,117
1584378767441,large_vehicle,9,70
1585497517033,small_vehicle,1,354
1581886502058,large_vehicle,10,249
1568031812922,large_vehicle,5,73
1569667550628,small_vehicle,7,75
1583857466076,large_vehicle,6,122
1586123373162,large_vehicle,2,162
1584983413986,small_vehicle,8,274
1585209398077,small_vehicle,2,200
1569401366111,small_vehicle,3,108
1573934143234,small_vehicle,9,134
1585656654952,large_vehicle,8,253
1567279849167,large_vehicle,0,33
1585822526976,small_vehicle,9,53
1572518525863,large_vehicle,9,346
1569686218088,large_vehicle,7,288
1566344912244,small_vehicle,4,61
1585121121076,small_vehicle,1,28
1584080292147,small_vehicle,5,287
1566890924602,large_vehicle,4,194
1566810122617,large_vehicle,6,202
1567444565418,small_vehicle,4,54
1585224122176,large_vehicle,8,70
1569202375102,large_vehicle,8,29
1565749690186,small_vehicle,7,54
1567247729137,large_vehicle,1,152
1577948766702,large_vehicle,3,218
1568705760953,large_vehicle,7,297
1573490017292,large_vehicle,2,284
1578673566684,large_vehicle,8,342
1565235465867,small_vehicle,7,349
1585295617155,large_vehicle,5,300
1586460771134,small_vehicle,4,167
1569502302980,large_vehicle,3,40
1574174939052,large_vehicle,6,110
1576280066257,large_vehicle,6,93
1565432488941,small_vehicle,4,305
1573594361480,small_vehicle,5,144
1583091783851,small_vehicle,7,280
1583861731557,small_vehicle,2,98
1571903554759,large_vehicle,3,96
1585691279993,small_vehicle,2,104
1584575694433,small_vehicle,5,68
1582440280020,large_vehicle,8,0
1585646436919,large_vehicle,1,347
1578913680134,large_vehicle,10,177
1573654462591,small_vehicle,3,102
1578567850543,large_vehicle,0,112
1583046301053,large_vehicle,0,312
1570115716058,small_vehicle,1,143
1567874359797,large_vehicle,4,185
1582100964469,large_vehicle,3,109
1573357307385,small_vehicle,2,170
1577118344143,small_vehicle,0,263
1574988449415,large_vehicle,4,25
1584208536783,small_vehicle,1,201
1564867933002,small_vehicle,1,226
1579862796879,small_vehicle,0,232
1576764312224,small_vehicle,5,68
1567016858997,small_vehicle,10,208
1565490397322,large_vehicle,4,97
1565012601718,large_vehicle,1,353
1580328957840,large_vehicle,10,334
1572809770524,large_vehicle,10,96
1576401862125,small_vehicle,5,26
1565140478727,large_vehicle,1,2
1566723923778,small_vehicle,8,92
1569751863755,large_vehicle,2,205
1570752409434,small_vehicle,9,68
1572141212092,small_vehicle,2,125
1564649889581,small_vehicle,5,350
1576392774947,large_vehicle,8,306
1571886097148,large_vehicle,5,306
1576905071690,small_vehicle,7,310
1584872100624,large_vehicle,1,198
1568749328076,large_vehicle,9,76
1567883040469,large_vehicle,4,59
1570665575749,small_vehicle,2,124
1578222984124,small_vehicle,5,65
1585798505975,large_vehicle,10,227
1574877542939,large_vehicle,8,163
1578067010632,small_vehicle,3,56
1574567409991,large_vehicle,0,135
1583181154348,small_vehicle,6,110
1565570697943,large_vehicle,7,121
1574952851026,small_vehicle,8,28
1571450656592,small_vehicle,1,232
1565344068266,large_vehicle,6,174
1574957378475,large_vehicle,0,86
1582431154190,large_vehicle,1,282
1579758199072,large_vehicle,3,140
1568967914197,large_vehicle,4,67
1565773733038,small_vehicle,4,86
1570518396824,large_vehicle,1,119
1571581740568,small_vehicle,1,64
1570255314357,small_vehicle,4,16
1573162846248,large_vehicle,9,58
1581628167199,large_vehicle,7,8
1568645474168,small_vehicle,0,332
1575703333473,large_vehicle,7,26
1571623627549,large_vehicle,4,260
1565900707200,large_vehicle,4,80
1583029715197,large_vehicle,10,148
1585240325454,small_vehicle,1,119
1570597504790,small_vehicle,4,355
1576112991080,large_vehicle,7,293
1585957168468,large_vehicle,9,171
1566730256152,large_vehicle,1,149
1582152754974,small_vehicle,4,120
1580018434505,large_vehicle,7,144
1567624338119,large_vehicle,10,98
1581089142992,large_vehicle,10,124
1582323339729,small_vehicle,0,354
1583864224078,small_vehicle,9,309
1566413154008,large_vehicle,10,275
1571846906444,small_vehicle,6,176
1564930507492,large_vehicle,0,103
1585562794296,small_vehicle,10,356
1570037651276,large_vehicle,6,291
1581769620054,small_vehicle,1,348
1571971832557,large_vehicle,10,36
1568708520637,large_vehicle,7,69
1569336777212,small_vehicle,7,283
1573179661322,small_vehicle,0,56
1574884538309,small_vehicle,7,2
1571150007490,small_vehicle,8,333
1575898651349,large_vehicle,9,80
1569603880977,small_vehicle,1,59
1576289718600,small_vehicle,1,158
1581328624472,small_vehicle,9,334
1585249497828,large_vehicle,1,241
1578407714771,large_vehicle,4,43
1575188769197,small_vehicle,4,290
1566405661370,large_vehicle,8,321
1565231047111,small_vehicle,9,309
1566644409337,large_vehicle,0,226
1574983263033,small_vehicle,3,1
1567802398636,large_vehicle,7,218
1574688747592,large_vehicle,8,17
1579525092140,large_vehicle,1,170
1574444921041,small_vehicle,6,12
1577103572840,small_vehicle,10,2
1586595879287,small_vehicle,6,38
1582107655327,large_vehicle,1,32
1575759143826,small_vehicle,1,323
1575336854172,small_vehicle,4,285
1584054276665,large_vehicle,2,154
1576733916264,large_vehicle,10,122
1577024638008,large_vehicle,5,130
1571445505357,small_vehicle,2,68
1580382275113,large_vehicle,7,65
1578496242222,small_vehicle,7,121
1567275144787,large_vehicle,7,86
1567031786841,large_vehicle,7,162
1581949736229,small_vehicle,2,178
1569124445988,small_vehicle,0,24
1583230255856,large_vehicle,4,278
1582058810724,small_vehicle,9,117
1582585415042,large_vehicle,4,86
1579323360142,small_vehicle,8,219
1580107004850,large_vehicle,10,213
1573893116463,small_vehicle,6,222
1586118802004,large_vehicle,3,119
1578739205434,small_vehicle,6,99
1574913744833,large_vehicle,1,293
1580314207311,small_vehicle,0,294
1568577652409,large_vehicle,7,275
1572897396509,small_vehicle,6,206
1576016667102,small_vehicle,2,137
1566648001123,large_vehicle,3,100
1582675536091,small_vehicle,6,34
1579983614109,small_vehicle,0,34
1567683631698,large_vehicle,6,355
1584251162103,small_vehicle,4,286
1579694524065,small_vehicle,5,360
1574608690399,small_vehicle,8,242
1567601583935,small_vehicle,5,341
1575363284135,large_vehicle,9,194
1568084916007,small_vehicle,1,252
1578113330050,small_vehicle,0,113
1571861165121,large_vehicle,3,247
1582414529806,large_vehicle,2,85
1579503506706,large_vehicle,0,254
1585193366207,small_vehicle,6,8
1580599896120,small_vehicle,8,324
1572454788483,large_vehicle,4,136
1582059206551,small_vehicle,10,140
1585635637021,large_vehicle,6,132
1579720442889,small_vehicle,1,232
1569680773543,small_vehicle,9,336
1575452920986,small_vehicle,2,249
1574335825471,small_vehicle,6,296
1579792269852,large_vehicle,8,65
1568411569100,large_vehicle,10,299
1566481985447,small_vehicle,2,220
1577683796013,small_vehicle,10,353
1575128951072,small_vehicle,1,76
1568223724365,large_vehicle,1,338
1580221896192,small_vehicle,2,164
1580860283067,small_vehicle,6,67
1583388097993,small_vehicle,3,55
1569075260286,large_vehicle,4,81
1584190511529,small_vehicle,8,264
1566607563204,large_vehicle,5,36
1577328460615,small_vehicle,8,325
1574453567097,small_vehicle,1,212
1573144711236,large_vehicle,2,60
1570327038864,small_vehicle,5,44
1583566102007,large_vehicle,2,99
1564837070424,small_vehicle,1,242
1586618161958,large_vehicle,5,242
1568630533576,large_vehicle,10,240
1577501483305,large_vehicle,3,156
1569562024399,small_vehicle,10,290
1574746166090,small_vehicle,8,341
1585764320211,large_vehicle,0,252
1570708341956,small_vehicle,2,321
1572221807370,small_vehicle,2,339
1567016566354,large_vehicle,1,119
1584997083040,small_vehicle,5,111
1566115266480,large_vehicle,1,236
1578175727015,small_vehicle,3,234
1567630601068,large_vehicle,7,86
1565038430804,large_vehicle,0,163
1585667497589,small_vehicle,8,91
1565279879399,small_vehicle,4,16
1573523995771,large_vehicle,8,208
1581234635535,small_vehicle,4,219
1580342926565,small_vehicle,5,66
1576211718080,large_vehicle,9,206
1580873286032,small_vehicle,4,161
1576177102001,small_vehicle,9,302
1582074611812,large_vehicle,1,5
1584730542608,large_vehicle,4,131
1575560275131,large_vehicle,2,325
1575867479080,large_vehicle,6,277
1578095097857,small_vehicle,0,228
1566030793191,large_vehicle,3,262
1569516024420,small_vehicle,1,199
1569785861052,large_vehicle,10,304
1580186405374,small_vehicle,10,173
1575285178177,large_vehicle,2,352
1567157861394,small_vehicle,6,4
1572623446696,small_vehicle,3,208
1580788290332,small_vehicle,1,175
1570061748785,small_vehicle,4,249
1584326668956,small_vehicle,8,222
1565972906378,small_vehicle,8,241
1570484048262,large_vehicle,0,246
1581754569415,large_vehicle,6,62
1572188263940,large_vehicle,10,235
1570634118761,small_vehicle,1,345
1585182923082,large_vehicle,1,331
1584830377940,small_vehicle,3,341
1570086846740,small_vehicle,3,137
1581679794572,small_vehicle,6,254
1579174897127,small_vehicle,8,239
1579508377496,small_vehicle,3,0
1585539254167,small_vehicle,8,313
1580021212844,large_vehicle,0,141
1579003894499,large_vehicle,1,51
1573319301943,large_vehicle,0,180
1575844063761,small_vehicle,9,126
1583716152369,small_vehicle,5,360
1585606468833,small_vehicle,10,301
1585949416751,small_vehicle,5,326
1586169358965,small_vehicle,4,91
1564670341695,large_vehicle,8,220
1577586124980,large_vehicle,6,245
1565872758712,large_vehicle,8,129
1585457225616,small_vehicle,10,55
1565015134886,small_vehicle,5,14
1570374472190,large_vehicle,6,272
1581248854780,small_vehicle,7,207
1569618031489,large_vehicle,10,78
1583705336242,small_vehicle,10,11
1584936675408,large_vehicle,3,336
1565242916959,large_vehicle,8,181
1576079977096,small_vehicle,1,236
1583631150526,small_vehicle,7,103
1569741919767,small_vehicle,2,201
1574357024807,small_vehicle,1,198
1583496353187,large_vehicle,8,121
1573286192272,small_vehicle,3,108
1579634470930,large_vehicle,4,199
1578530974907,small_vehicle,6,20
1571162709326,small_vehicle,6,105
1573329843463,large_vehicle,1,207
1564782766502,small_vehicle,10,170
1578096960972,small_vehicle,2,68
1565458133675,small_vehicle,7,139
1580213890295,large_vehicle,3,26
1568327561075,large_vehicle,0,193
1581095014433,large_vehicle,7,69
1578778618421,small_vehicle,10,126
1567147444488,small_vehicle,9,219
1577363218638,small_vehicle,4,228
1582323909043,large_vehicle,7,280
1580473658430,large_vehicle,5,108
1569435945437,large_vehicle,3,281
1585974598929,small_vehicle,10,295
1583821630770,large_vehicle,2,145
1566143201429,large_vehicle,8,173
1581416232127,small_vehicle,7,62
1571454533530,large_vehicle,8,42
1568688196483,small_vehicle,9,358
1584009774852,small_vehicle,3,232
1579192697169,large_vehicle,6,321
1566077293869,large_vehicle,6,334
1578286786142,large_vehicle,1,241
1573967356696,large_vehicle,8,9
1578787671226,large_vehicle,7,234
1578056559749,small_vehicle,7,338
1577492412102,small_vehicle,2,263
1586455579993,large_vehicle,6,178
1577849107020,small_vehicle,2,54
1577198696104,small_vehicle,0,221
1569230281827,large_vehicle,4,58
1583778562877,large_vehicle,4,209
1574131570216,large_vehicle,7,109
1585048386945,large_vehicle,3,91
1567015302612,large_vehicle,6,254
1576860671002,large_vehicle,3,243
1568381439766,small_vehicle,8,333
1567119998259,large_vehicle,4,93
1584053211931,small_vehicle,10,134
1575274859923,large_vehicle,6,107
1567252619342,large_vehicle,8,20
1576813051354,large_vehicle,6,164
1583304030213,large_vehicle,7,12
1583256479992,small_vehicle,9,29
1573468491459,large_vehicle,10,142
1577841594648,small_vehicle,6,60
1580159838905,large_vehicle,5,107
1581569173830,large_vehicle,10,164
1567661242521,small_vehicle,6,280
1579922667414,small_vehicle,9,31
1579046363207,small_vehicle,2,248
1577757448348,small_vehicle,6,80
1579678835958,small_vehicle,8,0
1582983207584,large_vehicle,5,145
1576741163755,large_vehicle,9,185
1583082418413,small_vehicle,9,239
1580107539071,large_vehicle,9,223
1585049584187,small_vehicle,7,211
1578756711932,large_vehicle,5,296
1586631566433,small_vehicle,4,95
1585125550758,large_vehicle,10,23
1578344914341,large_vehicle,7,302
1579319817218,small_vehicle,0,268
1579183539174,small_vehicle,9,9
1583321622571,large_vehicle,10,175
1571584939974,small_vehicle,6,276
1583123485826,large_vehicle,4,272
1581124001101,small_vehicle,0,198
1579247179501,large_vehicle,8,266
1565808976174,small_vehicle,8,33
1582205773828,large_vehicle,0,116
1577166580907,large_vehicle,9,359
1575478526339,large_vehicle,1,335
1565473996391,large_vehicle,9,164
1577718987372,small_vehicle,1,104
1578977296775,small_vehicle,2,183
1577248797561,small_vehicle,10,289
1580607488810,small_vehicle,7,247
1577192878894,large_vehicle,1,154
1582242303732,small_vehicle,10,312
1584334827881,small_vehicle,4,169
1573790896559,large_vehicle,4,320
1576141113371,large_vehicle,3,75
1577128519010,small_vehicle,10,31
1577871490906,small_vehicle,7,115
1565811064751,small_vehicle,3,307
1583457986255,large_vehicle,10,164
1567556169133,small_vehicle,9,234
1571701004305,small_vehicle,2,42
1570015581640,large_vehicle,7,108
1570028816786,large_vehicle,9,259
1580464754660,small_vehicle,10,181
1567169672156,large_vehicle,0,244
1575349606390,large_vehicle,4,192
1583469374715,large_vehicle,8,245
1568242046374,large_vehicle,10,227
1567217722604,small_vehicle,4,114
1573884707164,small_vehicle,3,302
1586345216424,small_vehicle,4,4
1572428837306,small_vehicle,6,67
1567729279117,small_vehicle,4,252
1585073151620,large_vehicle,0,211
1585662493383,small_vehicle,2,116
1564897780435,small_vehicle,0,38
1568658543643,small_vehicle,0,205
1584956616840,small_vehicle,0,319
1574949797938,small_vehicle,10,235
1578105319838,small_vehicle,10,116
1578113454003,small_vehicle,2,95
1580417450465,small_vehicle,9,26
1584100425952,small_vehicle,8,172
1571216169762,large_vehicle,6,14
1569021649510,large_vehicle,4,80
1568573090904,large_vehicle,7,184
1578054695849,small_vehicle,7,160
1568889390706,large_vehicle,10,172
1567258506843,large_vehicle,5,7
1583863808201,large_vehicle,2,167
1574446893158,large_vehicle,4,325
1584204467683,large_vehicle,1,3
1575168443278,small_vehicle,0,302
1580334728814,large_vehicle,8,112
1586464183586,large_vehicle,7,2
1567474186898,large_vehicle,6,316
1564919137665,large_vehicle,2,284
1581975832523,large_vehicle,5,341
1574111112922,small_vehicle,0,22
1578482054380,small_vehicle,5,248
1572762127726,small_vehicle,10,286
1584962052741,large_vehicle,7,36
1583119679239,small_vehicle,3,46
1583062993204,small_vehicle,10,48
1578626336976,small_vehicle,6,203
1566000142700,small_vehicle,9,30
1580521324800,small_vehicle,7,27
1565168860221,large_vehicle,10,52
1579801180497,small_vehicle,5,253
1578611883127,large_vehicle,1,116
1579348816332,large_vehicle,8,113
1579455888857,small_vehicle,5,302
1583351057940,small_vehicle,7,97
1576194260481,large_vehicle,2,9
1570414975068,large_vehicle,7,233
1580845768324,large_vehicle,8,190
1582096874361,small_vehicle,5,344
1571123692672,large_vehicle,5,131
1570773008750,small_vehicle,9,198
1582153294282,large_vehicle,2,293
1569870975928,large_vehicle,0,292
1573362507473,large_vehicle,7,208
1564784172786,small_vehicle,4,164
1579735792578,small_vehicle,1,46
1576969103483,small_vehicle,6,193
1572691820867,small_vehicle,2,197
1585291394076,large_vehicle,10,311
1581758996343,large_vehicle,2,80
1582231122581,large_vehicle,3,89
1581823991449,small_vehicle,3,354
1585534413047,large_vehicle,6,294
1571929799913,large_vehicle,6,320
1584791379971,large_vehicle,3,126
1576359920576,large_vehicle,5,281
1570166809624,small_vehicle,6,86
1583402390490,small_vehicle,5,296
1575461111355,large_vehicle,0,52
1577560801025,small_vehicle,0,129
1578518801355,small_vehicle,9,289
1586177845127,small_vehicle,5,152
1567452401178,large_vehicle,6,269
1578008111767,large_vehicle,8,110
1566936036421,large_vehicle,9,10
1574110069068,small_vehicle,6,147
1577965132528,small_vehicle,6,62
1571900434402,small_vehicle,6,117
1581830328996,large_vehicle,6,228
1582190299221,large_vehicle,3,247
1567464130974,small_vehicle,6,264
1582955008310,small_vehicle,3,40
1575913898968,large_vehicle,7,40
1566485913024,small_vehicle,0,333
1569416243477,small_vehicle,5,26
1579289888294,small_vehicle,1,276
1567127231078,small_vehicle,1,337
1572767569942,large_vehicle,10,344
1566088529345,small_vehicle,4,326
1578418281085,small_vehicle,5,83
1584895108663,large_vehicle,3,241
1577371259494,small_vehicle,3,344
1568321534723,small_vehicle,10,278
1566541405984,large_vehicle,5,9
1580864441086,small_vehicle,2,99
1566405777125,large_vehicle,3,178
1575718087884,small_vehicle,3,345
1581656948180,small_vehicle,1,155
1571307170851,small_vehicle,1,88
1575726327075,small_vehicle,2,232
1576887468841,large_vehicle,10,37
1583623245428,large_vehicle,1,17
1574397491592,small_vehicle,7,141
1580833152727,large_vehicle,7,271
1570796875239,small_vehicle,5,51
1574635130250,large_vehicle,6,246
1581576601673,large_vehicle,0,98
1583504953474,large_vehicle,3,21
1585476151350,small_vehicle,10,110
1583697586453,small_vehicle,7,191
1584344317086,large_vehicle,3,245
1584140332681,large_vehicle,10,226
1573675661457,small_vehicle,4,101
1582374957642,large_vehicle,8,111
1577173884010,small_vehicle,0,147
1574204146490,large_vehicle,8,12
1578846972456,small_vehicle,10,130
1575157084256,small_vehicle,8,23
1581365961614,large_vehicle,8,304
1567275850053,small_vehicle,10,74
1567960427649,small_vehicle,9,247
1577868195966,large_vehicle,1,111
1577940656008,small_vehicle,9,79
1566714018504,small_vehicle,2,203
1576741372502,small_vehicle,10,199
1575047164710,large_vehicle,3,53
1572313722856,large_vehicle,4,348
1566613775602,large_vehicle,4,18
1581154822580,large_vehicle,4,3
1567487421060,large_vehicle,8,64
1584541952015,small_vehicle,6,120
1575984231703,large_vehicle,4,101
1564706755710,small_vehicle,3,282
1564881465644,large_vehicle,7,103
1578483082383,large_vehicle,7,350
1566172562561,large_vehicle,7,76
1571790881778,large_vehicle,4,268
1586545313975,small_vehicle,6,193
1570668561210,small_vehicle,10,84
1569603244122,small_vehicle,0,115
1584407272087,small_vehicle,0,351
1584027848629,small_vehicle,9,184
1578765357867,small_vehicle,6,57
1570449035642,large_vehicle,3,165
1578087597115,large_vehicle,4,289
1572124171562,small_vehicle,6,298
1565981235754,small_vehicle,6,80
1574882574857,small_vehicle,7,127
1583017311288,small_vehicle,0,47
1583538941954,large_vehicle,10,341
1576320326215,small_vehicle,4,305
1579037875338,large_vehicle,4,42
1574428091226,small_vehicle,4,48
1567924547402,small_vehicle,10,134
1565926972920,large_vehicle,8,222
1584481913352,large_vehicle,5,339
1585277098011,small_vehicle,7,337
1566408330385,large_vehicle,9,237
1578542708336,small_vehicle,10,164
1567991174412,small_vehicle,8,197
1585293773761,large_vehicle,0,231
1573776215969,large_vehicle,7,44
1579329869704,small_vehicle,2,91
1583505758627,small_vehicle,6,152
1568175472856,small_vehicle,0,31
1576679051347,large_vehicle,9,352
1577073374433,small_vehicle,3,251
1582811649895,large_vehicle,9,356
1582568233620,large_vehicle,8,84
1585950172835,large_vehicle,8,292
1576469432983,large_vehicle,10,206
1578600821367,small_vehicle,10,96
1576274223809,small_vehicle,3,255
1584690527976,small_vehicle,4,60
1581791829381,small_vehicle,2,268
1564662885582,small_vehicle,8,264
1569688741196,small_vehicle,1,187
1583756939340,large_vehicle,0,335
1576849409444,large_vehicle,4,69
1566737096790,small_vehicle,4,302
1582834644223,large_vehicle,1,119
1581735789863,large_vehicle,4,357
1573330841634,small_vehicle,5,358
1581270976573,small_vehicle,0,93
1581865965611,small_vehicle,6,301
1566566084587,small_vehicle,3,222
1572136581910,large_vehicle,8,344
1571031427140,large_vehicle,9,286
1573382065223,large_vehicle,4,43
1583566103434,large_vehicle,1,319
1567667766756,small_vehicle,3,320
1582182759457,small_vehicle,10,176
1565573082088,large_vehicle,7,238
1585552211046,large_vehicle,2,195
1573368299135,small_vehicle,2,334
1575792395537,small_vehicle,10,229
1576627088556,small_vehicle,4,258
1581161091922,large_vehicle,8,283
1565612000598,large_vehicle,3,116
1581304127573,large_vehicle,2,270
1586011257734,small_vehicle,3,21
1580915673495,small_vehicle,3,54
1578739840969,large_vehicle,4,193
1582729679642,large_vehicle,2,339
1569834656267,small_vehicle,6,156
1571766564616,small_vehicle,0,165
1576870458639,large_vehicle,2,114
1577218293724,large_vehicle,0,252
1575713465233,small_vehicle,1,100
1568743721476,large_vehicle,2,14
1565447322114,large_vehicle,0,130
1567529748695,small_vehicle,6,247
1570303261434,small_vehicle,5,112
1575228610109,small_vehicle,10,159
1581687392829,small_vehicle,7,101
1575633077927,small_vehicle,1,103
1584736634663,large_vehicle,5,153
1566339674604,large_vehicle,10,22
1566159813619,large_vehicle,8,349
1583988315316,large_vehicle,10,47
1578984962394,small_vehicle,6,218
1581572366591,large_vehicle,10,284
1567039632590,large_vehicle,10,275
1586631533786,large_vehicle,0,38
1583276404549,small_vehicle,8,353
1575835890171,small_vehicle,2,161
1572700066087,large_vehicle,0,352
1570008274079,small_vehicle,10,126
1582498734772,small_vehicle,0,198
1565386521334,small_vehicle,3,140
1578725609595,small_vehicle,5,40
1583204273886,small_vehicle,3,207
1576475550990,large_vehicle,9,220
1578663186825,large_vehicle,7,252
1580486753374,large_vehicle,0,123
1570065499836,small_vehicle,6,70
1577993194445,large_vehicle,2,23
1574169433917,small_vehicle,10,208
1585871568250,small_vehicle,6,254
1578689931876,small_vehicle,10,27
1567653779305,large_vehicle,7,271
1570907895277,small_vehicle,10,10
1582150160876,small_vehicle,8,306
1570534646817,large_vehicle,3,296
1579004598644,large_vehicle,3,273
1579935594164,large_vehicle,2,321
1580273784748,small_vehicle,8,188
1584349129803,small_vehicle,1,260
1570179773803,small_vehicle,9,356
1570113609595,small_vehicle,8,98
1584456576822,large_vehicle,0,252
1583111711179,small_vehicle,9,22
1567212833428,large_vehicle,4,148
1569608077827,small_vehicle,6,246
1579210409680,small_vehicle,5,62
1579675040062,small_vehicle,9,46
1585654555034,large_vehicle,10,199
1579894823342,small_vehicle,3,83
1571545215348,large_vehicle,3,301
1584150161813,small_vehicle,1,7
1571903108420,small_vehicle,10,149
1586082057755,small_vehicle,1,328
1584398315132,small_vehicle,5,247
1570850717118,small_vehicle,3,82
1576161519407,large_vehicle,10,285
1579313511415,small_vehicle,0,237
1585467234397,large_vehicle,3,37
1573318494299,large_vehicle,10,115
1584403589266,small_vehicle,3,95
1564709983368,small_vehicle,6,343
1572530983779,small_vehicle,0,3
1573398690978,large_vehicle,0,301
1578153605655,small_vehicle,10,145
1577915837259,small_vehicle,7,319
1571969740483,large_vehicle,3,124
1568637129956,small_vehicle,3,338
1577694233808,small_vehicle,7,17
1581764895814,large_vehicle,7,20
1575242224561,large_vehicle,1,225
1585315335751,large_vehicle,2,78
1579419020847,large_vehicle,2,170
1579807134249,small_vehicle,4,128
1567467325091,small_vehicle,9,59
1572549500412,small_vehicle,4,198
1566480952860,large_vehicle,4,296
1580696633954,large_vehicle,6,332
1572487534369,large_vehicle,8,17
1567114010334,small_vehicle,5,69
1572175645769,large_vehicle,0,182
1580979883022,small_vehicle,9,213
1573543292117,small_vehicle,3,102
1579709861369,small_vehicle,10,31
1571523550108,small_vehicle,4,216
1585861483096,large_vehicle,5,215
1571340130559,small_vehicle,2,76
1568551304116,large_vehicle,4,194
1565017875945,small_vehicle,6,194
1570658795904,large_vehicle,10,81
1584658071183,large_vehicle,6,115
1574422483239,small_vehicle,2,250
1573420255421,large_vehicle,6,330
1567734451696,large_vehicle,8,313
1585336586656,large_vehicle,4,178
1579881150415,small_vehicle,2,149
1576416314782,small_vehicle,1,85
1569464572227,small_vehicle,5,48
1570149932022,large_vehicle,8,19
1570234698646,large_vehicle,4,47
1564888863064,small_vehicle,6,185
1577587653906,small_vehicle,3,259
1571928685276,large_vehicle,1,325
1567827418153,large_vehicle,6,121
1581329609858,small_vehicle,6,340
1566365780004,large_vehicle,5,69
1576376184646,small_vehicle,4,326
1572877010552,large_vehicle,0,111
1585506571240,large_vehicle,8,27
1568640371551,large_vehicle,7,260
1569593852109,small_vehicle,10,27
1566160102561,small_vehicle,4,222
1585068864562,large_vehicle,9,9
1574530284916,large_vehicle,1,176
1565034026859,large_vehicle,8,63
1577093186632,small_vehicle,4,15
1575531146174,large_vehicle,1,267
1572400922661,small_vehicle,7,351
1566903779218,small_vehicle,9,154
1570200777890,small_vehicle,6,127
1576873546418,large_vehicle,1,155
