1567840679627,small_vehicle,10,228
1586614515568,small_vehicle,2,167
1566097850294,large_vehicle,9,198
1586356730328,small_vehicle,4,24
1585587655892,small_vehicle,4,32
1579036450439,large_vehicle,3,22
1565220911355,large_vehicle,9,325
1581672297761,large_vehicle,10,73
1566337597960,large_vehicle,7,141
1573650422466,large_vehicle,2,138
1570997621204,large_vehicle,5,116
1568116666005,small_vehicle,4,230
1573827655200,large_vehicle,0,113
1573603779022,small_vehicle,0,58
1574435610756,large_vehicle,7,246
1574104905818,large_vehicle,6,150
1577864103123,small_vehicle,0,170
1569578750165,large_vehicle,7,271
1572520257094,large_vehicle,6,18
1578129844209,large_vehicle,2,217
1582017328929,small_vehicle,9,183
1573712509278,small_vehicle,0,249
1574421671572,large_vehicle,4,163
1568218606561,small_vehicle,4,57
1573910813754,large_vehicle,9,192
1578996039000,small_vehicle,2,200
1569911797546,large_vehicle,9,106
1566886083690,small_vehicle,1,110
1579249868338,large_vehicle,10,144
1579619096221,large_vehicle,2,252
1566086360095,large_vehicle,6,229
1577491432506,large_vehicle,5,263
1568860638646,small_vehicle,0,46
1575986937312,large_vehicle,8,206
1577031693849,large_vehicle,0,253
1585927738310,small_vehicle,4,39
1584801927926,large_vehicle,10,317
1567192593561,small_vehicle,2,238
1567219503356,large_vehicle,3,131
1578366016850,small_vehicle,4,341
1571274475722,large_vehicle,9,189
1573097041733,small_vehicle,7,1
1567563028411,small_vehicle,1,119
1581090632727,small_vehicle,5,247
1570983082484,small_vehicle,7,154
1573122065811,small_vehicle,0,323
1582825922462,large_vehicle,7,100
1573279190393,large_vehicle,4,90
1585144562498,large_vehicle,3,216
1571876924855,large_vehicle,3,244
1586577096829,small_vehicle,4,246
1565357697249,small_vehicle,9,299
1575461025745,large_vehicle,7,150
1574041031182,small_vehicle,5,340
1579371744030,small_vehicle,5,5
1585821564297,large_vehicle,2,355
1567557618025,large_vehicle,1,16
1585008121350,large_vehicle,4,10
1575364703279,large_vehicle,9,164
1578723787960,large_vehicle,7,305
1584069955806,small_vehicle,4,341
1576904296227,small_vehicle,9,49
1571071124903,small_vehicle,4,164
1581072571949,large_vehicle,2,349
1582660604722,small_vehicle,9,116
1564928059413,small_vehicle,10,294
1580682514217,small_vehicle,6,198
1585942579644,small_vehicle,3,52
1576277101051,small_vehicle,2,24
1567960051850,small_vehicle,1,205
1582792384644,small_vehicle,5,238
1574219562024,small_vehicle,10,298
1582278266570,small_vehicle,2,14
1584685825878,small_vehicle,6,56
1582619219358,large_vehicle,0,137
1579372754459,large_vehicle,1,214
1584041041693,large_vehicle,1,276
1567291419176,large_vehicle,0,306
1584745925801,small_vehicle,1,145
1575014481427,small_vehicle,6,327
1586140676699,large_vehicle,6,350
1567343902177,large_vehicle,7,328
1564667113188,small_vehicle,7,94
1573288473679,large_vehicle,4,102
1569386479211,large_vehicle,0,36
1577680791507,small_vehicle,5,152
1576670767798,large_vehicle,4,134
1571220849573,small_vehicle,2,205
1576152453124,large_vehicle,8,105
1581748823746,small_vehicle,4,129
1576910671707,large_vehicle,4,311
1579585470353,large_vehicle,10,36
1586492661210,small_vehicle,1,27
1570275185126,large_vehicle,2,249
1584126081551,large_vehicle,0,200
1584196965997,large_vehicle,10,174
1564891700341,large_vehicle,3,52
1581789817358,large_vehicle,10,187
1578721910830,small_vehicle,2,199
1576863347999,small_vehicle,9,0
1577161138795,small_vehicle,2,319
1574689209343,small_vehicle,9,222
1579371455402,large_vehicle,5,117
1573605906852,small_vehicle,2,237
1575934170707,large_vehicle,0,57
1582553350899,large_vehicle,7,73
1574863318537,small_vehicle,9,121
1572419869762,large_vehicle,6,273
1569292229049,large_vehicle,9,200
1572727682374,large_vehicle,8,21
1574485585549,small_vehicle,3,88
1584904950270,large_vehicle,6,295
1565635508195,small_vehicle,10,124
1585875562292,large_vehicle,10,146
1582624883556,large_vehicle,5,201
1565771117884,small_vehicle,2,98
1577883156631,small_vehicle,1,331
1584551937943,small_vehicle,7,142
1573324427245,large_vehicle,1,228
1583767918003,large_vehicle,10,72
1565143535263,large_vehicle,5,248
1566972987713,large_vehicle,9,60
1567172719636,large_vehicle,7,249
1573884647043,small_vehicle,7,16
1578417744891,large_vehicle,6,3
1580084180940,small_vehicle,9,254
1580365870700,large_vehicle,4,12
1572350868293,small_vehicle,4,32
1584458188645,small_vehicle,9,37
1564681565020,small_vehicle,0,345
1572738842449,large_vehicle,7,140
1565788355612,large_vehicle,10,278
1581728630243,small_vehicle,10,126
1568488566974,small_vehicle,9,349
1581102363017,small_vehicle,10,56
1574084799907,large_vehicle,3,141
1566620874158,small_vehicle,10,360
1579134320749,large_vehicle,3,173
1578972940220,small_vehicle,9,131
1585909777118,small_vehicle,0,62
1581888423974,large_vehicle,0,242
1583636932409,small_vehicle,3,278
1582266864247,large_vehicle,8,263
1573902354094,large_vehicle,8,180
1579380037527,small_vehicle,7,72
1566532220302,small_vehicle,9,39
1579369087318,large_vehicle,2,26
1578334098403,small_vehicle,0,352
1578148729891,large_vehicle,6,114
1576784208568,large_vehicle,10,284
1566020864769,small_vehicle,3,172
1578310549401,large_vehicle,8,281
1579009475429,small_vehicle,10,22
1572556575979,large_vehicle,2,217
1570333292535,large_vehicle,0,105
1579453882260,small_vehicle,7,179
1566936677324,large_vehicle,0,164
1565339278649,large_vehicle,5,251
1579773921475,small_vehicle,1,15
1576599650219,large_vehicle,6,64
1576840435215,small_vehicle,7,108
1568262593393,small_vehicle,2,328
1573042418924,small_vehicle,7,74
1584591625871,large_vehicle,4,15
1585821568848,small_vehicle,8,156
1581043725874,large_vehicle,8,336
1568361335913,small_vehicle,7,312
1570354600217,small_vehicle,0,40
1581601787783,small_vehicle,3,206
1574942788835,large_vehicle,8,122
1580105246611,small_vehicle,8,261
1579712043037,large_vehicle,4,44
1585114570301,small_vehicle,4,288
1581706518105,large_vehicle,9,40
1566717819611,large_vehicle,2,224
1583628612772,large_vehicle,4,360
1582586881977,small_vehicle,3,185
1584793876742,small_vehicle,4,35
1584946935443,small_vehicle,10,255
1569923315439,large_vehicle,10,16
1573050561987,large_vehicle,3,61
1577891261473,large_vehicle,8,133
1586461787590,small_vehicle,8,76
1571878764799,small_vehicle,7,108
1567557352728,small_vehicle,4,169
1566192063872,small_vehicle,5,298
1577540205430,small_vehicle,2,57
1578031801548,small_vehicle,4,180
1577272579918,large_vehicle,3,318
1585490899651,large_vehicle,7,109
1573140653074,small_vehicle,10,358
1573968536493,large_vehicle,2,96
1578772183559,large_vehicle,5,134
1585916075958,small_vehicle,0,74
1571856705700,large_vehicle,3,59
1584016720004,large_vehicle,3,328
1566558716578,large_vehicle,2,126
1578102523081,large_vehicle,3,206
1570428728660,small_vehicle,8,337
1585336296195,large_vehicle,7,359
1580187279477,large_vehicle,1,146
1580141855188,large_vehicle,6,189
1581720754595,large_vehicle,9,265
1571373797356,large_vehicle,9,96
1585288692073,large_vehicle,0,185
1586404497105,large_vehicle,0,339
1571098492524,small_vehicle,2,14
1583818805831,large_vehicle,6,134
1586084385865,small_vehicle,9,179
1575943094568,large_vehicle,9,302
1567827403294,small_vehicle,8,274
1565136353317,large_vehicle,3,243
1580177834023,large_vehicle,1,254
1578259870102,large_vehicle,5,156
1583366029566,small_vehicle,5,304
1568715958404,small_vehicle,1,74
1567376204900,large_vehicle,6,239
1566824347427,large_vehicle,4,91
1566360864613,small_vehicle,10,168
1584837559436,large_vehicle,6,255
1570689733664,large_vehicle,3,210
1585616596188,large_vehicle,9,12
1566994752789,large_vehicle,5,170
1578429361138,large_vehicle,8,23
1578768160388,small_vehicle,10,229
1586126579105,small_vehicle,6,202
1568973415523,large_vehicle,7,179
1575224523497,small_vehicle,10,344
1572718084619,small_vehicle,3,80
1566888301225,small_vehicle,0,23
1576817011745,large_vehicle,0,194
1579020196317,small_vehicle,4,168
1578910591241,small_vehicle,4,212
1586289130021,large_vehicle,5,92
1571046940331,small_vehicle,6,62
1572099248780,small_vehicle,5,250
1575031869900,large_vehicle,0,174
1579018382357,large_vehicle,0,292
1578306710442,small_vehicle,2,165
1580203655371,small_vehicle,2,273
1569207545730,small_vehicle,2,193
1571698330687,large_vehicle,1,272
1565704805188,large_vehicle,8,126
1584016919757,large_vehicle,5,110
1585316390597,small_vehicle,1,188
1583221136769,small_vehicle,0,354
1580877722143,large_vehicle,2,159
1585221897619,small_vehicle,4,93
1586589945386,small_vehicle,0,188
1575134186931,large_vehicle,8,68
1583233775432,small_vehicle,0,31
1584535006245,large_vehicle,4,295
1570337747480,large_vehicle,3,8
1580847183260,small_vehicle,8,328
1570428036853,small_vehicle,8,181
1584788178400,large_vehicle,2,249
1568977458383,large_vehicle,5,118
1565940330530,large_vehicle,6,122
1581492976581,small_vehicle,5,164
1567197462950,small_vehicle,7,145
1567911258500,small_vehicle,0,20
1580905067437,small_vehicle,2,38
1577344436005,large_vehicle,9,23
1583940965773,large_vehicle,8,224
1572049905639,small_vehicle,3,78
1574431738338,large_vehicle,6,19
1576305888750,small_vehicle,2,349
1573252052886,large_vehicle,2,155
1581500452432,small_vehicle,2,71
1582473618852,small_vehicle,9,32
1574646631775,large_vehicle,2,358
1585587662306,large_vehicle,8,341
1574745496097,large_vehicle,0,273
1569012453078,small_vehicle,4,30
1586210647925,small_vehicle,2,322
1586728805596,large_vehicle,4,208
1574598167374,large_vehicle,5,56
1566345532423,small_vehicle,5,87
1573355634588,small_vehicle,10,97
1572171895297,small_vehicle,6,77
1574324070254,large_vehicle,8,236
1575137325098,small_vehicle,6,127
1576798331146,large_vehicle,6,332
1583069238861,small_vehicle,9,53
1584521940700,small_vehicle,3,158
1575688300796,small_vehicle,4,228
1569570879475,small_vehicle,1,132
1576991888652,small_vehicle,0,264
1575301832246,large_vehicle,7,140
1573601961373,small_vehicle,8,316
1583377088191,large_vehicle,7,348
1565241777744,small_vehicle,1,286
1570017478319,large_vehicle,1,166
1568636754185,large_vehicle,1,100
1583447560270,small_vehicle,2,72
1570873313324,large_vehicle,0,235
1564902742971,large_vehicle,1,286
1567291123747,large_vehicle,3,222
1564904580452,small_vehicle,1,85
1568669813388,small_vehicle,3,31
1569583115158,small_vehicle,2,36
1579886473770,large_vehicle,6,152
1567766837633,small_vehicle,2,249
1581302813799,small_vehicle,9,213
1571225513426,large_vehicle,2,269
1568302074929,small_vehicle,4,110
1581244982609,large_vehicle,4,91
1568973171140,small_vehicle,1,126
1584789085715,small_vehicle,3,141
1585845974427,small_vehicle,1,42
1575121203341,large_vehicle,7,48
1583578848211,small_vehicle,1,134
1566834954233,large_vehicle,8,308
1583150681158,large_vehicle,2,26
1581835376166,small_vehicle,0,172
1574390418407,small_vehicle,7,114
1570184855891,large_vehicle,5,173
1568861975351,small_vehicle,7,316
1579118909721,large_vehicle,6,112
1581709491675,large_vehicle,8,101
1565126765975,large_vehicle,9,32
1584872383549,small_vehicle,4,93
1579181489818,small_vehicle,2,61
1566815785059,large_vehicle,3,145
1565888175457,small_vehicle,3,9
1583070796389,small_vehicle,7,190
1584142070581,large_vehicle,3,166
1566584559354,small_vehicle,3,340
1564999754292,small_vehicle,4,166
1580441305026,small_vehicle,2,69
1576484085723,small_vehicle,8,330
1571473957306,large_vehicle,10,236
1572396186326,large_vehicle,0,219
1575459896797,small_vehicle,8,97
1573224967446,large_vehicle,3,347
1570701671322,small_vehicle,9,353
1575470333906,large_vehicle,6,260
1569142123905,small_vehicle,10,154
1568609793538,small_vehicle,7,227
1567038447665,large_vehicle,5,52
1578180488472,small_vehicle,1,216
1572800165748,small_vehicle,10,353
1565788660841,large_vehicle,5,320
1581146902532,small_vehicle,7,11
1572915822601,small_vehicle,7,144
1571400018940,large_vehicle,3,228
1585736943703,large_vehicle,6,249
1565826594335,large_vehicle,7,284
1572078065160,large_vehicle,4,219
1585153733640,large_vehicle,10,216
1573441410360,large_vehicle,6,201
1564870357664,small_vehicle,5,182
1573536039257,small_vehicle,10,342
1578038697631,small_vehicle,5,75
1568065794776,large_vehicle,5,21
1578698981096,small_vehicle,6,162
1566960813252,large_vehicle,0,48
1573963179896,large_vehicle,4,153
1576421390910,small_vehicle,7,341
1566160644178,small_vehicle,4,155
1565754330530,large_vehicle,2,207
1578188752046,small_vehicle,2,263
1586692324654,large_vehicle,4,68
1569288974369,large_vehicle,10,244
1575681165259,large_vehicle,0,331
1574902517093,large_vehicle,7,168
1569695709731,large_vehicle,2,339
1575185122877,large_vehicle,6,70
1565216868339,small_vehicle,7,258
1577924244862,large_vehicle,2,281
1584326170368,small_vehicle,0,151
1568022675701,large_vehicle,8,18
1585031217729,large_vehicle,10,210
1579152761637,large_vehicle,0,133
1577645592709,small_vehicle,8,87
1575910556208,large_vehicle,2,24
1584112184747,small_vehicle,3,311
1585400375079,large_vehicle,4,111
1586408524947,small_vehicle,4,266
1583857650816,large_vehicle,1,205
1572518923918,large_vehicle,6,151
1581946970662,large_vehicle,4,264
1574352843358,small_vehicle,8,147
1581346994512,small_vehicle,3,275
1575423203712,small_vehicle,7,29
1580788137825,small_vehicle,5,308
1583000167818,small_vehicle,5,69
1568412097980,small_vehicle,7,241
1580061238367,large_vehicle,3,12
1580464425551,large_vehicle,8,140
1571233977013,large_vehicle,9,253
1570211642475,large_vehicle,4,119
1570399634085,large_vehicle,1,164
1584333659374,small_vehicle,2,91
1575940026297,small_vehicle,2,321
1583806985117,large_vehicle,9,278
1576154810443,small_vehicle,8,150
1585856884550,small_vehicle,2,332
1566798448317,small_vehicle,10,158
1571150229349,small_vehicle,9,252
1577629363386,small_vehicle,2,29
1586386566960,large_vehicle,0,290
1580968966227,large_vehicle,3,183
1568316373532,small_vehicle,9,209
1585494653436,small_vehicle,0,170
1570225138909,large_vehicle,8,351
1570616565953,small_vehicle,6,301
1575428449466,small_vehicle,7,345
1566264834679,small_vehicle,10,226
1568002906781,small_vehicle,3,175
1583728535851,large_vehicle,1,165
1573451360274,small_vehicle,6,191
1584971812950,large_vehicle,9,30
1565251904083,small_vehicle,6,219
1567373530311,small_vehicle,0,336
1569623815296,large_vehicle,5,101
1565753779231,large_vehicle,10,93
1570050655218,large_vehicle,7,35
1579727848948,large_vehicle,9,186
1575367904777,large_vehicle,7,47
1582792882484,large_vehicle,8,197
1583073601646,large_vehicle,0,104
1577861231807,large_vehicle,8,126
1576742905574,large_vehicle,3,284
1573954450454,large_vehicle,1,49
1583768946251,small_vehicle,0,330
1566189632518,small_vehicle,8,328
1565604257303,large_vehicle,6,10
1566611851006,small_vehicle,3,96
1575034392988,small_vehicle,9,359
1575082398626,small_vehicle,2,1
1571960023368,large_vehicle,8,127
1567021322159,small_vehicle,5,214
1579067908603,small_vehicle,6,225
1577168755761,large_vehicle,3,77
1585387297264,large_vehicle,4,304
1579743300748,small_vehicle,0,210
1582734531385,large_vehicle,8,77
1581853821062,large_vehicle,7,157
1571148392040,large_vehicle,2,172
1579283407854,small_vehicle,3,238
1565733797176,small_vehicle,6,102
1567330699417,large_vehicle,8,319
1577198652164,small_vehicle,1,120
1570913764912,large_vehicle,0,321
1579450128769,small_vehicle,9,250
1586243535614,small_vehicle,8,300
1576817777156,large_vehicle,5,90
1566576020696,large_vehicle,1,83
1568678288577,small_vehicle,2,79
1567437995697,large_vehicle,0,294
1575113639697,large_vehicle,4,109
1576233029539,large_vehicle,0,337
1576835640628,large_vehicle,3,48
1567110654537,small_vehicle,7,257
1574870466768,large_vehicle,5,88
1584415885732,large_vehicle,9,304
1576435195660,large_vehicle,7,303
1586328880309,small_vehicle,4,123
1583420118849,large_vehicle,9,69
1573612562323,large_vehicle,5,327
1581450399522,small_vehicle,10,340
1574926508993,large_vehicle,7,143
1577980667684,large_vehicle,2,300
1577367062829,large_vehicle,3,336
1586317324573,large_vehicle,8,44
1578453826628,large_vehicle,1,197
1580880564701,small_vehicle,5,24
1566866718986,small_vehicle,7,275
1568057281318,small_vehicle,0,203
1573420771587,small_vehicle,5,10
1571138043636,small_vehicle,6,232
1586279094613,small_vehicle,9,161
1573350168177,large_vehicle,3,221
1578971839220,small_vehicle,4,42
1584012587160,small_vehicle,0,5
1566158151384,small_vehicle,1,286
1566698946866,small_vehicle,8,16
1583562145248,small_vehicle,8,57
1579735572172,small_vehicle,5,91
1572078793748,small_vehicle,10,255
1566675851897,small_vehicle,0,139
1571706383880,large_vehicle,10,51
1571182386546,small_vehicle,1,20
1572613579125,large_vehicle,1,23
1572381036385,large_vehicle,2,208
1565497138282,small_vehicle,1,124
1586145698251,large_vehicle,1,294
1571780232806,small_vehicle,9,184
1564784821670,small_vehicle,2,36
1574545130624,small_vehicle,7,105
1576551539941,large_vehicle,1,310
1585219087306,large_vehicle,2,19
1578976849169,small_vehicle,9,269
1580865565928,small_vehicle,4,61
1578882848560,small_vehicle,9,350
1568212096625,small_vehicle,5,310
1581394855118,small_vehicle,2,154
1575457622286,small_vehicle,5,100
1568940254689,large_vehicle,5,232
1570826847086,small_vehicle,2,337
1568444324374,large_vehicle,8,293
1575682779566,small_vehicle,8,244
1576069244968,small_vehicle,4,161
1570204003896,small_vehicle,2,141
1573229523753,large_vehicle,2,159
1579233634306,small_vehicle,10,251
1579620953583,large_vehicle,7,221
1581149508394,large_vehicle,10,152
1568429561072,large_vehicle,9,77
1584898243028,large_vehicle,10,234
1581102739273,large_vehicle,3,283
1581932876537,small_vehicle,0,172
1577035484150,large_vehicle,4,175
1569159585945,large_vehicle,5,84
1567703365377,large_vehicle,7,37
1583126274321,small_vehicle,0,340
1576997326235,large_vehicle,0,202
1575428457418,large_vehicle,2,67
1571882086808,small_vehicle,10,345
1578594456454,small_vehicle,8,75
1564668011404,small_vehicle,3,219
1571092186964,large_vehicle,5,58
1566494184370,large_vehicle,9,217
1579853337118,small_vehicle,3,320
1584302348493,large_vehicle,5,84
1567309193217,large_vehicle,3,76
1581070077317,small_vehicle,8,37
1576478213336,large_vehicle,0,215
1580205911373,small_vehicle,0,343
1581313905556,small_vehicle,10,235
1578200807844,large_vehicle,5,245
1586196884443,large_vehicle,9,202
1580557898822,small_vehicle,8,77
1576604694617,small_vehicle,3,78
1571921424085,large_vehicle,0,74
1578244363563,large_vehicle,7,2
1572390847969,small_vehicle,8,279
1576792628189,small_vehicle,8,297
1572257432073,small_vehicle,3,214
1575364647432,small_vehicle,3,93
1585007919110,small_vehicle,6,293
1584992017154,small_vehicle,2,115
1574492670690,large_vehicle,7,177
1585036200462,large_vehicle,10,137
1565834293440,large_vehicle,7,145
1564968883057,large_vehicle,3,83
1571817734762,large_vehicle,10,330
1569622754028,large_vehicle,2,191
1576944750332,large_vehicle,3,112
1576721562757,large_vehicle,0,47
1567296607989,small_vehicle,1,18
1565118330335,small_vehicle,8,64
1572734887466,small_vehicle,3,162
1581323105056,small_vehicle,9,161
1582907217514,small_vehicle,6,146
1570917235030,small_vehicle,1,14
1570428765629,large_vehicle,1,74
1581118379341,large_vehicle,7,144
1578018989721,small_vehicle,10,194
1569512673622,large_vehicle,2,271
1573568338498,small_vehicle,6,42
1586690013164,small_vehicle,2,155
1566177588594,large_vehicle,8,120
1569217612925,large_vehicle,1,326
1578996294854,large_vehicle,2,307
1573479914999,small_vehicle,10,321
1584623457921,small_vehicle,1,150
1575006332320,large_vehicle,7,230
1584949752331,large_vehicle,6,100
1565817143271,large_vehicle,0,47
1578540525881,large_vehicle,2,2
1571642233905,large_vehicle,0,42
1577851588829,small_vehicle,7,223
1585092165651,small_vehicle,6,33
1578424405434,small_vehicle,6,183
1567819062654,small_vehicle,1,206
1580019590486,small_vehicle,1,212
1580217399926,small_vehicle,3,159
1570588951312,large_vehicle,2,79
1571940353094,small_vehicle,8,71
1582168634860,large_vehicle,9,155
1565701216609,small_vehicle,7,222
1569722150802,small_vehicle,1,179
1582666685775,small_vehicle,4,7
1572742275380,large_vehicle,2,155
1574864648905,small_vehicle,9,259
1585433537971,small_vehicle,5,303
1584411229091,small_vehicle,8,115
1569762040880,small_vehicle,10,193
1583616503942,large_vehicle,7,303
1571511875997,large_vehicle,7,63
1572915938821,large_vehicle,7,56
1585440819665,small_vehicle,5,35
1581476850857,large_vehicle,7,158
1572811789690,small_vehicle,1,23
1571381116154,large_vehicle,8,244
1574336893847,small_vehicle,1,118
1569853467091,small_vehicle,6,56
1584863600380,small_vehicle,3,92
1577170946056,large_vehicle,4,249
1579565096892,large_vehicle,6,68
1576907913779,large_vehicle,8,286
1580294567201,large_vehicle,0,21
1570140226395,small_vehicle,0,75
1568581055139,small_vehicle,6,286
1571215876920,large_vehicle,7,160
1580454386419,small_vehicle,5,7
1569110612334,small_vehicle,5,136
1572353559316,large_vehicle,0,124
1576922676085,large_vehicle,3,52
1586306059219,large_vehicle,1,85
1569569160691,large_vehicle,9,116
1574163240539,small_vehicle,7,326
1585835335585,small_vehicle,0,280
1574165514799,small_vehicle,2,66
1581982886166,small_vehicle,1,174
1583353453657,large_vehicle,9,311
1565384463663,large_vehicle,8,140
1582502541951,large_vehicle,1,332
1580888836754,small_vehicle,9,58
1582219480782,small_vehicle,5,237
1582794756762,small_vehicle,2,71
1574257309640,large_vehicle,7,164
1583888221992,small_vehicle,5,179
1584321053263,small_vehicle,2,306
1578804732406,large_vehicle,6,315
1567343904194,small_vehicle,4,255
1582659994784,large_vehicle,8,356
1579197812673,small_vehicle,3,99
1572311702560,large_vehicle,10,152
1583027748106,large_vehicle,3,148
1586478591172,large_vehicle,1,69
1586546241535,small_vehicle,3,284
1583921769153,small_vehicle,7,40
1575353039370,large_vehicle,5,328
1582514999279,small_vehicle,0,155
1572576172668,large_vehicle,7,67
1567951790681,small_vehicle,4,109
1576379907920,large_vehicle,6,257
1578855144008,small_vehicle,2,185
1583958592304,large_vehicle,2,215
1570163838511,large_vehicle,4,326
1576327110089,small_vehicle,10,360
1566685102468,small_vehicle,4,3
1585660426965,large_vehicle,10,71
1572970835846,small_vehicle,9,15
1573879898760,small_vehicle,10,358
1575127673993,small_vehicle,9,277
1568898642923,small_vehicle,0,80
1575778471999,large_vehicle,10,46
1568012665233,small_vehicle,0,170
1577614994364,large_vehicle,2,146
1565621550564,large_vehicle,4,204
1564925333660,small_vehicle,3,242
1584167752241,small_vehicle,9,305
1564919618932,small_vehicle,9,4
1578024843434,large_vehicle,0,169
1568110682059,small_vehicle,4,166
1574674387973,small_vehicle,3,288
1585744959402,small_vehicle,4,119
1583199565435,small_vehicle,10,177
1577447656246,large_vehicle,1,35
1575937183126,large_vehicle,4,110
1583726651150,small_vehicle,9,357
1574489266998,small_vehicle,6,296
1575202299937,large_vehicle,6,157
1565333547857,large_vehicle,6,353
1586297903785,large_vehicle,7,33
1566111517812,large_vehicle,6,182
1569029422064,small_vehicle,3,18
1573793773137,small_vehicle,4,168
1582300185970,large_vehicle,1,164
1582800476713,large_vehicle,6,130
1565689226758,small_vehicle,5,297
1567225310145,small_vehicle,9,329
1565385637339,small_vehicle,5,90
1571426038045,large_vehicle,7,178
1578017465073,small_vehicle,0,81
1581445327612,small_vehicle,2,142
1577104626225,small_vehicle,10,214
1584279591286,small_vehicle,2,289
1565260878737,large_vehicle,0,216
1566386241612,small_vehicle,6,102
1565827391641,small_vehicle,0,326
1586478780901,small_vehicle,7,239
1577544463503,small_vehicle,7,307
1582144787011,large_vehicle,0,21
1572954067296,small_vehicle,7,345
1574844013183,large_vehicle,8,26
1572663171033,small_vehicle,3,320
1580525884070,large_vehicle,8,111
1583891221692,large_vehicle,10,74
1578114797874,small_vehicle,5,27
1580749787477,small_vehicle,8,270
1585061653122,large_vehicle,3,301
1586437150097,small_vehicle,8,51
1583499823824,large_vehicle,6,289
1569175610319,large_vehicle,8,152
1566719110710,small_vehicle,8,349
1565959049313,large_vehicle,0,140
1584390223209,large_vehicle,8,20
1579084400756,large_vehicle,3,220
1584593279117,large_vehicle,9,294
1584492505652,small_vehicle,4,55
1569030770106,large_vehicle,8,303
1579184317627,small_vehicle,4,360
1582918079553,small_vehicle,5,125
1568281800138,large_vehicle,7,31
1586380297904,large_vehicle,1,28
1569545417362,large_vehicle,9,161
1582401914252,small_vehicle,2,110
1586654831666,large_vehicle,10,303
1582449910302,small_vehicle,2,259
1565059061609,large_vehicle,5,243
1573292602032,small_vehicle,6,29
1574043488899,small_vehicle,7,10
1576295928633,large_vehicle,9,313
1573404692104,large_vehicle,4,55
1576345711891,large_vehicle,9,122
1572654631908,small_vehicle,1,145
1572412691760,small_vehicle,6,100
1585482093524,small_vehicle,6,92
1566617896035,large_vehicle,8,1
1582829693436,small_vehicle,9,244
1573163137324,large_vehicle,4,14
1581080246366,large_vehicle,1,9
1572509675196,small_vehicle,2,316
1584902724867,large_vehicle,0,326
1571017357457,small_vehicle,7,360
1566971245268,large_vehicle,5,45
1575912584960,small_vehicle,6,360
1577935108181,large_vehicle,9,105
1570978117489,small_vehicle,3,353
1570361438602,small_vehicle,5,296
1580077083825,small_vehicle,2,172
1583020362203,large_vehicle,9,165
1565911680671,large_vehicle,0,95
1575827739088,small_vehicle,0,173
1570922730404,small_vehicle,6,210
1577704618269,large_vehicle,7,183
1584348193156,large_vehicle,1,227
1569149470129,small_vehicle,10,236
1566778545029,large_vehicle,2,267
1575785511870,small_vehicle,4,218
1580115892991,small_vehicle,9,2
1583688453000,small_vehicle,9,291
1579009251999,large_vehicle,3,287
1565526221546,small_vehicle,0,204
1570882726217,small_vehicle,10,42
1576321076181,large_vehicle,1,185
1571844782887,small_vehicle,6,286
1576509608061,large_vehicle,8,358
1579647813695,small_vehicle,2,25
1574707131339,small_vehicle,5,295
1575299636408,large_vehicle,7,334
1568137729273,large_vehicle,6,275
1566061515417,small_vehicle,4,144
1567534502480,small_vehicle,10,134
1583606371626,small_vehicle,8,72
1570739570855,large_vehicle,10,77
1583730253953,small_vehicle,4,244
1567813544249,large_vehicle,2,115
1567826322242,large_vehicle,4,190
1570680337007,large_vehicle,3,142
1577274893829,large_vehicle,10,263
1572339730859,small_vehicle,5,187
1571612990594,large_vehicle,6,51
1571898038984,small_vehicle,0,359
1566607163929,large_vehicle,0,149
1564993197719,small_vehicle,1,229
1566346990215,small_vehicle,7,73
1575742914749,large_vehicle,9,135
1571345099172,large_vehicle,2,74
1576704304404,large_vehicle,7,89
1569025171153,large_vehicle,10,314
1568566630758,small_vehicle,9,163
1566530560054,small_vehicle,1,212
1570335234710,small_vehicle,0,206
1567758451997,small_vehicle,1,48
1575435702188,small_vehicle,3,38
1566729556868,small_vehicle,5,184
1570342146749,small_vehicle,0,125
1568926738842,large_vehicle,7,79
1565489083574,small_vehicle,5,259
1566951893573,small_vehicle,6,335
1568451688751,large_vehicle,3,50
1567629192353,large_vehicle,5,341
1584804399869,large_vehicle,8,360
1575121544468,small_vehicle,10,357
1583984848533,large_vehicle,6,297
1586288526315,small_vehicle,8,64
1564795759966,large_vehicle,10,357
1571940723488,large_vehicle,0,69
1583926076876,large_vehicle,10,221
1566354922916,large_vehicle,2,210
1579756835252,large_vehicle,5,13
1564993974950,large_vehicle,10,325
1571779956557,large_vehicle,4,267
1585181175620,small_vehicle,3,298
1571980575156,small_vehicle,1,161
1582049387050,large_vehicle,7,267
1586154599943,small_vehicle,9,257
1567895122574,large_vehicle,6,327
1574378333507,large_vehicle,6,224
1570878231853,small_vehicle,9,46
1570214336257,large_vehicle,1,268
1586105236219,large_vehicle,4,279
1569199335115,large_vehicle,8,183
1583206177376,large_vehicle,3,48
1585855482897,large_vehicle,3,109
1573014148309,small_vehicle,9,130
1565283171864,small_vehicle,8,56
1571334587995,large_vehicle,1,118
1576267497692,large_vehicle,4,63
1579321687466,small_vehicle,10,58
1583154938353,small_vehicle,2,98
1580803835974,small_vehicle,8,18
1567630713906,small_vehicle,7,359
1580769925936,small_vehicle,6,262
1581744161226,small_vehicle,0,90
1578364756307,large_vehicle,8,315
1585980935063,large_vehicle,1,185
1573399877419,small_vehicle,1,214
1565968549990,small_vehicle,10,92
1576797266130,small_vehicle,2,53
1579560962449,large_vehicle,2,249
1581188699354,small_vehicle,9,235
1583047916746,large_vehicle,9,232
1576115485418,large_vehicle,0,274
1579260083481,large_vehicle,1,74
1579361262184,small_vehicle,5,351
1567624334399,large_vehicle,10,127
1568801455029,small_vehicle,9,347
1579055586339,large_vehicle,8,33
1586443884315,large_vehicle,10,224
1586484286958,small_vehicle,1,267
1573735044716,small_vehicle,1,202
1576675694858,small_vehicle,5,317
1583566179175,small_vehicle,0,243
1566240324463,large_vehicle,1,274
1583818647815,large_vehicle,9,185
1574828666175,small_vehicle,8,244
1565869926310,large_vehicle,5,82
1567915581426,small_vehicle,2,250
1578008417879,small_vehicle,9,192
1580246545464,large_vehicle,0,276
1578053191850,small_vehicle,10,128
1585001445653,large_vehicle,3,309
1574808473279,small_vehicle,0,226
1581121631418,small_vehicle,6,108
1582076170626,large_vehicle,1,151
1570172849492,large_vehicle,1,292
1566207604263,small_vehicle,2,211
1576937050281,small_vehicle,2,267
1580241982067,small_vehicle,9,348
1585545329454,large_vehicle,2,59
1571533757503,small_vehicle,1,74
1569940869375,small_vehicle,5,111
1582637035896,small_vehicle,2,281
1586677193532,large_vehicle,8,195
1564656088338,small_vehicle,7,170
1566903604459,small_vehicle,5,327
1565615774916,large_vehicle,8,93
1565657138071,large_vehicle,3,159
1575912906875,small_vehicle,0,39
1574060570910,large_vehicle,1,236
1578231446312,large_vehicle,6,207
1571615733512,large_vehicle,5,44
1568521784776,small_vehicle,7,155
1576168707402,small_vehicle,2,265
1584296069784,large_vehicle,1,180
1581720616800,large_vehicle,9,223
1568267647874,small_vehicle,2,218
1584961183518,small_vehicle,2,332
1582036449325,large_vehicle,5,118
1570065567093,large_vehicle,1,311
1574193049574,small_vehicle,2,89
1577324930274,large_vehicle,1,193
1582797988153,large_vehicle,4,27
1576466265997,large_vehicle,1,190
1566788182472,large_vehicle,2,267
1579617693804,large_vehicle,9,196
1584747515468,small_vehicle,1,191
1573500956302,small_vehicle,0,187
1572422507033,large_vehicle,5,318
1564960256363,small_vehicle,5,139
1567558144710,large_vehicle,1,287
1575820505648,large_vehicle,10,318
1573341934441,small_vehicle,9,282
1569618210712,large_vehicle,9,121
1585781528175,large_vehicle,4,68
1581552471262,large_vehicle,2,208
1579436519099,small_vehicle,2,19
1583427652676,large_vehicle,10,130
1585059647062,small_vehicle,6,164
1572724673378,large_vehicle,2,257
1568404776963,large_vehicle,5,81
1574595315694,large_vehicle,9,197
1582500653396,large_vehicle,0,111
1585955535650,large_vehicle,2,273
1570136730465,small_vehicle,4,248
1568315234019,large_vehicle,1,117
1577728286398,small_vehicle,3,9
1567798117925,small_vehicle,7,292
1585121443480,large_vehicle,3,10
1575923504242,large_vehicle,8,81
1571058591128,large_vehicle,6,158
1579112983862,small_vehicle,10,210
1565011318790,small_vehicle,8,176
1573494016354,small_vehicle,5,181
1576603344062,large_vehicle,3,306
1575803824071,large_vehicle,10,135
1583728099442,large_vehicle,8,139
1577683489094,small_vehicle,7,342
1571934646056,large_vehicle,1,21
1570502570556,large_vehicle,1,349
1569650480059,small_vehicle,1,287
1585841376929,small_vehicle,4,83
1576971841021,large_vehicle,7,228
1575081662596,large_vehicle,4,48
1568261517883,large_vehicle,7,274
1576931291394,small_vehicle,2,248
1577915693296,large_vehicle,10,228
1577517182653,small_vehicle,8,322
1581351320725,small_vehicle,10,336
1586626052381,large_vehicle,9,321
1585994170575,large_vehicle,5,47
1570298560672,small_vehicle,1,160
1576941558329,small_vehicle,10,232
1576585619625,large_vehicle,5,29
1572009751074,small_vehicle,0,198
1578026528945,large_vehicle,10,45
1582419339471,small_vehicle,6,296
1575261052775,small_vehicle,1,294
1569126616399,small_vehicle,1,139
1584208030950,small_vehicle,5,153
1565360183297,small_vehicle,4,317
1569842830785,small_vehicle,0,315
1583942444092,large_vehicle,0,144
1564730990466,large_vehicle,7,143
1572765501915,large_vehicle,2,178
1565824252166,small_vehicle,7,146
1566702813310,small_vehicle,7,276
1569886127705,large_vehicle,9,152
1586069773107,small_vehicle,7,232
1572848539394,large_vehicle,0,22
1581722750218,large_vehicle,7,92
1585335657899,large_vehicle,5,300
1564681237052,large_vehicle,2,40
1565110875266,small_vehicle,2,43
1579450347339,large_vehicle,7,188
1582171284141,large_vehicle,6,246
1566557717685,small_vehicle,5,227
1577810983456,large_vehicle,0,44
1569610744481,small_vehicle,7,179
1585175322922,small_vehicle,1,197
1581747003361,large_vehicle,8,292
1568521845078,large_vehicle,4,241
1580743238404,large_vehicle,6,39
1577498943744,large_vehicle,6,130
1580121646113,large_vehicle,1,297
1580135323035,large_vehicle,8,71
1585348167933,large_vehicle,0,289
1580309130676,small_vehicle,2,169
1578710057193,large_vehicle,4,328
1576095835625,large_vehicle,6,60
1572178876753,large_vehicle,9,177
1567933940730,small_vehicle,7,130
1569353003844,small_vehicle,6,232
1573560028290,small_vehicle,2,91
1567322200863,small_vehicle,8,60
1567741294353,large_vehicle,3,216
1567032995244,large_vehicle,0,72
1582218031097,small_vehicle,1,170
1579227774326,large_vehicle,7,81
1570835162937,small_vehicle,9,112
1570371057757,small_vehicle,3,112
1581929283615,small_vehicle,1,133
1579128862225,small_vehicle,5,261
1573539083809,large_vehicle,8,3
1577113104352,small_vehicle,10,352
1579389271106,small_vehicle,4,79
1574918819356,small_vehicle,6,251
1567164450630,small_vehicle,6,117
1569632257953,small_vehicle,10,268
1573536099450,small_vehicle,10,355
1565098326556,large_vehicle,9,108
1585619836527,small_vehicle,0,356
1574212389204,small_vehicle,7,53
1565407378345,large_vehicle,8,237
1576212251310,large_vehicle,2,298
1568894180005,small_vehicle,2,349
1568757111283,small_vehicle,6,193
1580290161371,small_vehicle,6,88
1568763629318,large_vehicle,5,81
1585736135408,large_vehicle,1,218
1576561920524,small_vehicle,9,283
1581382467495,small_vehicle,10,123
1567500149813,large_vehicle,5,183
