1585981159496,large_vehicle,6,12
1584655306990,small_vehicle,2,133
1565469757325,small_vehicle,6,205
1568923427142,small_vehicle,9,68
1577674222106,small_vehicle,4,305
1565337145978,small_vehicle,3,120
1582623150504,large_vehicle,6,189
1583430712040,small_vehicle,6,46
1578730925743,small_vehicle,8,37
1583505925909,large_vehicle,9,162
1581319625675,large_vehicle,2,18
1577305978275,large_vehicle,7,37
1585945523370,large_vehicle,8,189
1579033737941,large_vehicle,1,173
1578887017562,small_vehicle,1,128
1571074425790,small_vehicle,6,1
1577728698865,large_vehicle,3,314
1583109840261,large_vehicle,9,44
1585936248692,large_vehicle,6,85
1575008431187,small_vehicle,1,360
1572368732426,large_vehicle,3,73
1580067444972,small_vehicle,4,258
1573182671657,large_vehicle,1,96
1574368234884,large_vehicle,1,352
1583642198264,small_vehicle,6,251
1579427701873,small_vehicle,5,206
1582745847876,large_vehicle,8,252
1572272045661,large_vehicle,8,345
1582939879110,small_vehicle,3,289
1581582593585,small_vehicle,7,185
1579373085544,large_vehicle,2,270
1583390279686,small_vehicle,9,199
1569044683370,large_vehicle,4,36
1574277062642,small_vehicle,6,304
1584035107616,small_vehicle,3,189
1569187697405,small_vehicle,7,131
1569487207546,large_vehicle,7,225
1567892186271,small_vehicle,3,26
1579504146784,large_vehicle,2,301
1576607166497,large_vehicle,1,274
1572402946810,small_vehicle,0,308
1571222167123,large_vehicle,5,53
1565348494437,small_vehicle,0,216
1579157926561,small_vehicle,9,176
1565790013533,small_vehicle,10,339
1572347256566,small_vehicle,8,201
1583822009562,small_vehicle,3,212
1582247531970,small_vehicle,9,224
1572938074372,small_vehicle,0,318
1571714476406,large_vehicle,5,262
1584053628856,small_vehicle,2,199
1572370169521,large_vehicle,6,166
1569619851962,large_vehicle,2,43
1576448932344,large_vehicle,4,197
1576064154332,large_vehicle,4,173
1571221755814,large_vehicle,10,244
1584103874302,small_vehicle,3,308
1566787683179,large_vehicle,10,273
1568022153174,small_vehicle,1,19
1575333601768,large_vehicle,10,81
1580030753646,small_vehicle,3,30
1584899811643,small_vehicle,10,68
1577930277659,large_vehicle,8,80
1584420535742,small_vehicle,3,66
1568707562584,small_vehicle,8,326
1582618095982,large_vehicle,2,323
1569258673024,small_vehicle,1,232
1581790019508,large_vehicle,1,280
1568000704809,small_vehicle,8,218
1566049049364,small_vehicle,2,208
1569865048529,small_vehicle,1,296
1576394085142,large_vehicle,3,61
1582938788349,large_vehicle,5,90
1566947482659,large_vehicle,6,29
1584935433711,small_vehicle,8,119
1580965362392,small_vehicle,8,263
1576406649366,large_vehicle,9,81
1566928251799,large_vehicle,3,316
1583723993433,large_vehicle,10,309
1573340506844,large_vehicle,8,183
1577762930900,large_vehicle,9,9
1581558608240,small_vehicle,7,251
1572728841395,large_vehicle,3,149
1574281106971,large_vehicle,5,284
1569451962788,large_vehicle,9,218
1580497812190,large_vehicle,9,206
1569613792646,large_vehicle,4,71
1580901461470,small_vehicle,8,351
1569456679446,small_vehicle,5,40
1580040819051,small_vehicle,4,267
1582580083731,small_vehicle,4,154
1579592402543,large_vehicle,7,10
1584673803263,large_vehicle,7,210
1585635211381,large_vehicle,10,340
1581026524242,small_vehicle,2,119
1582641434327,large_vehicle,10,29
1580124448349,small_vehicle,7,327
1581798083631,small_vehicle,1,9
1578031540255,small_vehicle,8,285
1565459284739,small_vehicle,10,348
1570992765741,small_vehicle,7,172
1582439599669,large_vehicle,1,57
1568344759455,large_vehicle,9,94
1569593859271,small_vehicle,8,206
1586417034909,small_vehicle,0,313
1575379159787,large_vehicle,2,212
1573830523983,small_vehicle,2,67
1565722233955,small_vehicle,9,299
1584135900368,large_vehicle,1,129
1581296505103,large_vehicle,10,281
1567843353870,small_vehicle,3,143
1571828766719,small_vehicle,8,272
1567562124715,large_vehicle,10,13
1570403279824,small_vehicle,4,217
1570123649216,large_vehicle,10,6
1582129152312,large_vehicle,8,341
1576849479997,large_vehicle,3,111
1568054661053,small_vehicle,0,198
1567293419419,small_vehicle,2,280
1571987943218,small_vehicle,3,122
1567970742060,large_vehicle,2,140
1577507620565,small_vehicle,1,305
1576440761701,large_vehicle,7,247
1571511108737,large_vehicle,0,64
1582417468055,small_vehicle,1,289
1572160031730,small_vehicle,6,299
1570628849076,large_vehicle,10,33
1581177343382,large_vehicle,9,295
1579432769388,large_vehicle,6,194
1565306116599,large_vehicle,5,240
1575827707424,small_vehicle,5,164
1580562082936,small_vehicle,3,31
1569681682754,small_vehicle,5,137
1581264075111,small_vehicle,4,240
1579553293120,small_vehicle,4,264
1586107115978,small_vehicle,8,170
1575712767733,small_vehicle,8,302
1583388461361,large_vehicle,0,81
1580812365989,large_vehicle,7,359
1580393805097,small_vehicle,1,245
1583256725704,small_vehicle,3,315
1567294849797,large_vehicle,9,312
1576931900652,small_vehicle,6,213
1576839687149,small_vehicle,2,254
1568547836125,large_vehicle,2,243
1564972311963,small_vehicle,10,355
1573974788396,large_vehicle,3,306
1578431443739,small_vehicle,9,216
1572459269813,large_vehicle,2,279
1580679323356,small_vehicle,0,16
1581577446266,small_vehicle,6,18
1569766986825,small_vehicle,9,270
1565666514328,small_vehicle,6,255
1566788761793,large_vehicle,10,200
1574282737015,large_vehicle,10,219
1572543952133,large_vehicle,0,184
1569368086340,small_vehicle,10,255
1576751072933,large_vehicle,10,121
1572083461213,small_vehicle,2,123
1574119557614,small_vehicle,5,260
1574292344184,small_vehicle,0,238
1575090417992,large_vehicle,8,171
1578357668922,large_vehicle,3,349
1585819881520,large_vehicle,4,11
1579026242140,large_vehicle,1,318
1575529483474,small_vehicle,2,36
1571291413850,large_vehicle,4,295
1580635610850,large_vehicle,8,355
1579275118450,large_vehicle,2,135
1571720478149,small_vehicle,4,56
1580589580386,large_vehicle,3,45
1583360163329,small_vehicle,3,206
1577041723291,small_vehicle,1,35
1583520642162,large_vehicle,8,24
1584837145138,small_vehicle,8,342
1580166303288,large_vehicle,9,318
1572467303569,small_vehicle,8,211
1585944993530,small_vehicle,3,50
1581004919016,large_vehicle,7,10
1583279216924,large_vehicle,1,243
1572491988353,small_vehicle,4,160
1576804597669,small_vehicle,1,226
1581637757457,large_vehicle,4,220
1582558007706,large_vehicle,0,20
1584044309652,small_vehicle,10,134
1583225519489,small_vehicle,8,173
1580940973608,small_vehicle,2,71
1570583549377,large_vehicle,9,97
1581475287224,large_vehicle,10,138
1567739810374,small_vehicle,8,270
1571828108562,large_vehicle,4,325
1576282295629,large_vehicle,1,197
1569517484042,large_vehicle,0,20
1570505115363,large_vehicle,8,323
1586587847684,large_vehicle,3,175
1586685111777,small_vehicle,6,287
1583619993058,small_vehicle,5,18
1570330194706,small_vehicle,10,8
1567360355436,small_vehicle,5,44
1579654184697,small_vehicle,0,300
1577386204048,large_vehicle,6,251
1572048537319,large_vehicle,7,77
1570552778453,large_vehicle,8,335
1585352909523,small_vehicle,2,206
1580027391540,small_vehicle,6,263
1569853898466,small_vehicle,1,232
1567094116149,large_vehicle,4,85
1574087442498,large_vehicle,9,68
1579310324167,large_vehicle,4,315
1572142327662,large_vehicle,9,41
1581693653572,large_vehicle,10,126
1567359772257,large_vehicle,6,123
1586507342913,large_vehicle,2,234
1565505935784,large_vehicle,9,119
1575870989574,large_vehicle,6,235
1567369683488,small_vehicle,10,256
1580770776816,small_vehicle,9,259
1576167255181,small_vehicle,1,318
1578601793339,small_vehicle,2,86
1571983896492,large_vehicle,7,53
1577450410543,large_vehicle,2,232
1577725729408,small_vehicle,7,225
1583264624314,large_vehicle,3,326
1571432447380,small_vehicle,10,229
1585727266633,large_vehicle,9,115
1586716671842,small_vehicle,0,191
1577280796971,small_vehicle,7,94
1568674760882,small_vehicle,10,40
1576024370868,small_vehicle,5,7
1573101840918,large_vehicle,10,209
1568352089333,small_vehicle,2,263
1584735254022,large_vehicle,9,95
1569200821261,small_vehicle,10,13
1583942456202,large_vehicle,5,84
1578693938103,large_vehicle,5,47
1583972317133,large_vehicle,0,83
1579430646318,large_vehicle,8,125
1582107759634,large_vehicle,7,90
1585623762723,large_vehicle,10,119
1567126588984,small_vehicle,4,309
1586571435455,small_vehicle,9,28
1577399250424,large_vehicle,7,64
1583687725061,small_vehicle,8,328
1571345874913,large_vehicle,5,342
1569323920446,small_vehicle,4,31
1582573686063,large_vehicle,9,124
1573265295907,small_vehicle,9,65
1582270606502,large_vehicle,7,111
1575558365106,large_vehicle,8,221
1584453396013,large_vehicle,8,292
1569275736735,large_vehicle,10,146
1574825903698,small_vehicle,5,74
1569699631720,large_vehicle,5,10
1579566561307,small_vehicle,7,233
1580241069183,small_vehicle,8,0
1567497592540,large_vehicle,6,246
1567140774986,small_vehicle,1,294
1571261987975,small_vehicle,0,342
1577187511443,large_vehicle,1,141
1585953239374,small_vehicle,0,324
1565463742561,large_vehicle,7,359
1578340600662,small_vehicle,0,342
1567432420798,small_vehicle,10,303
1583122977695,small_vehicle,1,171
1575333976614,large_vehicle,10,58
1581081635108,small_vehicle,3,200
1577191904380,large_vehicle,3,331
1566206409864,small_vehicle,1,27
1585722820405,small_vehicle,6,41
1571106378014,small_vehicle,0,173
1568231949574,small_vehicle,5,85
1576036953373,large_vehicle,9,204
1574505770528,small_vehicle,2,328
1582879508690,small_vehicle,1,182
1572871912834,small_vehicle,1,89
1575682314389,small_vehicle,2,67
1565713710665,large_vehicle,7,163
1566066810452,small_vehicle,8,52
1571803734726,large_vehicle,8,346
1568630060718,large_vehicle,0,253
1569051413293,large_vehicle,10,212
1572944151565,large_vehicle,10,237
1581159873716,small_vehicle,0,52
1577275468621,small_vehicle,4,135
1575005668718,small_vehicle,6,343
1585978597119,small_vehicle,8,275
1581985314397,small_vehicle,3,81
1567299636256,small_vehicle,8,346
1586477549363,small_vehicle,10,154
1576307144046,large_vehicle,8,344
1586537223383,small_vehicle,3,260
1584876956574,large_vehicle,7,66
1569800792625,small_vehicle,9,303
1585418664600,large_vehicle,8,163
1567041103869,small_vehicle,4,134
1584339374394,large_vehicle,3,196
1582984559946,small_vehicle,10,308
1565282425978,large_vehicle,8,279
1566868605979,large_vehicle,9,129
1584574145947,small_vehicle,10,110
1568227552269,large_vehicle,2,27
1570071901408,small_vehicle,10,106
1580219545806,large_vehicle,1,356
1582398913398,large_vehicle,1,104
1566732387919,large_vehicle,9,187
1585778720114,small_vehicle,6,76
1581211286258,small_vehicle,7,67
1578195714114,large_vehicle,10,239
1572298917448,small_vehicle,2,306
1575385222298,small_vehicle,0,346
1569396290860,large_vehicle,0,43
1569655908066,small_vehicle,8,9
1585097351125,small_vehicle,8,14
1583566482141,small_vehicle,1,309
1565182053177,large_vehicle,1,345
1572249251300,small_vehicle,4,297
1581460456803,small_vehicle,10,342
1583182728724,small_vehicle,5,285
1568664368559,large_vehicle,2,189
1586523934693,large_vehicle,7,215
1580970288901,small_vehicle,2,286
1569506175734,small_vehicle,10,54
1565856362255,large_vehicle,7,286
1569737920367,small_vehicle,5,188
1568840926434,small_vehicle,9,357
1574286414020,large_vehicle,9,313
1573263474337,small_vehicle,6,44
1571677148987,large_vehicle,10,182
1576320779121,small_vehicle,8,18
1573036303821,small_vehicle,1,91
1565533679835,large_vehicle,9,273
1584108839446,small_vehicle,6,141
1579404529946,small_vehicle,3,112
1574688352596,small_vehicle,1,337
1579529306336,small_vehicle,7,174
1570388185000,small_vehicle,1,207
1577948269513,large_vehicle,9,107
1585061080714,small_vehicle,5,10
1581411503810,large_vehicle,2,350
1586632031401,small_vehicle,8,21
1566931205042,small_vehicle,9,169
1583164652117,small_vehicle,2,280
1569839010087,small_vehicle,3,222
1578922321703,large_vehicle,9,349
1565157994358,small_vehicle,1,307
1585652618942,small_vehicle,2,154
1574447236433,small_vehicle,10,11
1580119375943,small_vehicle,9,144
1578494262826,large_vehicle,4,247
1569319803054,small_vehicle,5,302
1584437056731,small_vehicle,10,225
1580719772234,small_vehicle,6,290
1577248935744,large_vehicle,9,54
1573992108152,small_vehicle,2,232
1573101336584,small_vehicle,10,165
1567320613582,large_vehicle,8,286
1577380425644,large_vehicle,1,81
1572475133278,small_vehicle,4,230
1571122332116,small_vehicle,7,59
1575392377844,large_vehicle,5,272
1571493961551,small_vehicle,6,249
1564758312874,large_vehicle,1,210
1585486663639,large_vehicle,7,323
1583025237446,large_vehicle,4,136
1565704981470,small_vehicle,7,23
1573602394793,small_vehicle,5,359
1573854088747,small_vehicle,8,259
1581865210483,large_vehicle,6,351
1568725358768,large_vehicle,6,309
1577175953512,small_vehicle,9,168
1581482135098,large_vehicle,7,27
1566200287443,small_vehicle,1,182
1571415265356,large_vehicle,5,36
1582698339789,small_vehicle,2,174
1578770866794,small_vehicle,9,141
1570223368770,large_vehicle,3,21
1583638372852,small_vehicle,8,123
1573987411522,small_vehicle,10,351
1582277107315,small_vehicle,9,292
1570109867388,small_vehicle,3,53
1574299786639,small_vehicle,5,176
1571206203428,small_vehicle,2,167
1576814938548,small_vehicle,3,81
1574386550196,small_vehicle,0,310
1583809762903,large_vehicle,7,337
1581554316678,small_vehicle,9,243
1580866400675,small_vehicle,0,106
1570109742199,small_vehicle,5,223
1568832285170,large_vehicle,1,163
1571046421016,large_vehicle,6,16
1582769664641,small_vehicle,9,241
1568338516945,small_vehicle,8,303
1574129962917,small_vehicle,7,94
1582950698197,small_vehicle,3,218
1580667821707,small_vehicle,2,182
1568471007438,small_vehicle,0,128
1573091725730,large_vehicle,10,316
1577993975612,large_vehicle,7,94
1566257552049,large_vehicle,5,106
1577662869344,small_vehicle,2,99
1579556215839,small_vehicle,1,54
1565219819759,small_vehicle,0,154
1581838157338,large_vehicle,7,248
1576226043632,small_vehicle,9,148
1568203159060,large_vehicle,9,130
1579360362355,large_vehicle,8,179
1568599078420,small_vehicle,0,267
1580015093591,large_vehicle,6,136
1581876855289,large_vehicle,0,85
1582240038867,large_vehicle,2,177
1569729448932,small_vehicle,9,93
1581059543551,large_vehicle,3,82
1577272280901,large_vehicle,1,342
1585092682247,small_vehicle,0,160
1572120915829,small_vehicle,7,203
1585010656881,small_vehicle,6,12
1576128806409,large_vehicle,3,37
1571138800178,large_vehicle,8,29
1583828457045,small_vehicle,6,239
1571813110845,small_vehicle,0,220
1576806307113,large_vehicle,10,170
1581830819122,large_vehicle,1,219
1567297955388,large_vehicle,7,18
1578303835835,small_vehicle,6,269
1584893147816,small_vehicle,9,290
1572503297676,large_vehicle,0,265
1573097456629,small_vehicle,8,342
1572955721962,small_vehicle,5,186
1584209634387,small_vehicle,6,310
1579568463679,small_vehicle,6,299
1578872955777,small_vehicle,0,99
1567968579451,large_vehicle,6,222
1578580329944,large_vehicle,7,160
1579853916274,small_vehicle,10,286
1566567265807,large_vehicle,2,351
1571841767800,small_vehicle,4,55
1578338946122,small_vehicle,4,107
1571906207736,large_vehicle,5,178
1579298259480,large_vehicle,4,146
1576909242508,small_vehicle,6,312
1581457900106,large_vehicle,3,127
1570452011100,small_vehicle,8,192
1570413224238,large_vehicle,7,179
1565642557406,large_vehicle,7,356
1565838178026,large_vehicle,7,140
1567202230732,large_vehicle,0,167
1580678999002,large_vehicle,0,176
1576220640151,small_vehicle,9,224
1583287841433,large_vehicle,6,179
1564930030964,large_vehicle,9,216
1575281311699,small_vehicle,3,239
1575236677826,small_vehicle,4,76
1580463939979,small_vehicle,1,135
1573535253167,small_vehicle,10,138
1585019223995,small_vehicle,7,24
1575739162823,small_vehicle,1,30
1579028930683,large_vehicle,9,322
1582159107242,large_vehicle,0,338
1569928132442,large_vehicle,2,197
1583130584186,large_vehicle,0,285
1584714517163,large_vehicle,5,290
1582786489069,large_vehicle,9,68
1572073068305,large_vehicle,9,354
1569424088270,large_vehicle,2,229
1565909016030,small_vehicle,5,284
1568078348921,small_vehicle,8,121
1577787571251,small_vehicle,10,83
1583021025183,large_vehicle,0,97
1569575646888,small_vehicle,5,225
1586053882544,small_vehicle,3,14
1566046112055,large_vehicle,4,293
1583842819546,small_vehicle,2,204
1582523704642,small_vehicle,4,66
1579239677090,small_vehicle,2,238
1575403131387,large_vehicle,1,13
1565356394732,small_vehicle,8,130
1575056345427,small_vehicle,10,183
1565859664245,small_vehicle,4,73
1568611923784,small_vehicle,4,338
1572044155087,large_vehicle,9,273
1570831837828,small_vehicle,1,188
1571342193468,small_vehicle,7,33
1576250928225,large_vehicle,10,161
1579610750534,small_vehicle,3,110
1581865430920,small_vehicle,7,87
1569445170112,small_vehicle,9,348
1586383945661,small_vehicle,5,163
1571328889723,small_vehicle,10,161
1576409166038,small_vehicle,7,203
1575897663540,large_vehicle,9,269
1570381615272,small_vehicle,6,152
1576246119510,large_vehicle,7,118
1570210891545,small_vehicle,7,245
1568835462152,small_vehicle,1,0
1580619549960,small_vehicle,7,357
1578738821504,large_vehicle,7,161
1580023373865,large_vehicle,6,331
1577774369865,small_vehicle,0,132
1579718131936,small_vehicle,1,54
1565805711620,small_vehicle,9,310
1586162274291,large_vehicle,5,85
1583477756487,large_vehicle,8,138
1571886977951,large_vehicle,5,208
1582980576998,small_vehicle,8,271
1575957702322,small_vehicle,7,285
1569030590844,small_vehicle,9,303
1573444115252,small_vehicle,7,32
1575692344670,large_vehicle,4,27
1584945527941,small_vehicle,3,132
1584216101973,small_vehicle,3,260
1579969760955,large_vehicle,7,227
1586170928913,small_vehicle,0,241
1571114933038,large_vehicle,9,353
1567118110688,large_vehicle,8,258
1581669344098,large_vehicle,2,170
1571904913537,large_vehicle,0,358
1578237136570,small_vehicle,1,82
1576770717973,large_vehicle,4,125
1573612088680,large_vehicle,4,345
1584134420958,large_vehicle,0,112
1579282591759,small_vehicle,9,126
1567865877784,large_vehicle,5,316
1584787622166,small_vehicle,3,193
1578449591864,small_vehicle,0,212
1569201090460,small_vehicle,2,179
1571185674271,large_vehicle,6,45
1569953389194,small_vehicle,7,278
1583108689194,large_vehicle,1,199
1567435138238,large_vehicle,3,210
1574166620159,large_vehicle,10,43
1575273138044,large_vehicle,2,99
1583390990790,large_vehicle,5,237
1566421869679,large_vehicle,2,117
1583640760844,small_vehicle,5,169
1569592327798,small_vehicle,9,235
1579908695721,large_vehicle,9,288
1565160963695,small_vehicle,5,227
1572767476775,small_vehicle,6,9
1568508953787,large_vehicle,2,253
1581372591210,large_vehicle,6,83
1580840703174,large_vehicle,0,206
1573632265253,large_vehicle,1,51
1575327104313,large_vehicle,9,173
1574304634274,small_vehicle,4,146
1579907306114,small_vehicle,2,136
1568043741463,small_vehicle,7,226
1582885575002,large_vehicle,9,276
1564734307399,large_vehicle,7,231
1566951349461,small_vehicle,0,197
1573364763546,small_vehicle,3,272
1573266531811,large_vehicle,8,147
1585252585906,small_vehicle,7,81
1578668259099,small_vehicle,2,226
1579238121087,large_vehicle,9,180
1572390667276,small_vehicle,7,33
1583950533581,large_vehicle,7,249
1570780613694,large_vehicle,3,314
1577082407125,large_vehicle,1,351
1567947727979,small_vehicle,3,49
1585797999048,small_vehicle,6,38
1582911029727,large_vehicle,2,301
1573561069588,small_vehicle,9,46
1570768720054,large_vehicle,3,139
1579269719348,small_vehicle,4,154
1574410065461,large_vehicle,9,203
1566571049404,small_vehicle,9,159
1565062502061,small_vehicle,7,258
1576767899007,small_vehicle,2,172
1571570523433,small_vehicle,3,194
1572282487269,small_vehicle,9,4
1575670391608,large_vehicle,8,345
1565224052263,small_vehicle,2,356
1571299119181,large_vehicle,10,78
1577662505174,large_vehicle,2,178
1568597043777,large_vehicle,8,81
1570438959122,small_vehicle,3,145
1586664942352,small_vehicle,8,251
1568738601908,small_vehicle,0,213
1565851868204,small_vehicle,7,270
1564782172658,small_vehicle,6,80
1573702057774,large_vehicle,2,237
1585327218985,large_vehicle,1,118
1584905612930,small_vehicle,5,115
1566073978369,small_vehicle,4,145
1568998571651,small_vehicle,7,12
1572466796575,large_vehicle,1,19
1585941107762,large_vehicle,10,270
1577127921286,small_vehicle,2,254
1581803158278,small_vehicle,10,140
1583237708031,large_vehicle,10,281
1576664943630,small_vehicle,2,3
1583036591473,large_vehicle,6,75
1568978718049,large_vehicle,9,39
1573783692089,small_vehicle,9,191
1581278181148,large_vehicle,3,30
1570508370671,large_vehicle,4,43
1570172692280,small_vehicle,5,105
1571861624199,small_vehicle,3,245
1581957315029,large_vehicle,9,16
1576625508679,large_vehicle,3,58
1567397307503,small_vehicle,8,81
1569590655290,small_vehicle,7,332
1572800582913,large_vehicle,4,306
1576845237424,large_vehicle,4,260
1574698188560,large_vehicle,10,142
1565451928897,large_vehicle,6,224
1576199517227,large_vehicle,4,143
1583327238247,large_vehicle,7,96
1583638598860,small_vehicle,1,49
1578192181223,large_vehicle,8,11
1569152614891,large_vehicle,10,46
1568187363598,large_vehicle,5,142
1578491533428,small_vehicle,0,156
1575630281459,large_vehicle,3,129
1583873524354,small_vehicle,8,295
1584920447589,small_vehicle,0,331
1579745157502,small_vehicle,2,258
1570554270861,large_vehicle,1,313
1585828843546,small_vehicle,2,155
1573244650122,large_vehicle,3,141
1571417675569,small_vehicle,2,38
1584409071439,small_vehicle,3,34
1567293868740,small_vehicle,6,109
1584704244089,large_vehicle,4,200
1577644991116,large_vehicle,3,230
1571590781959,small_vehicle,8,89
1581972514027,small_vehicle,6,204
1586165939917,small_vehicle,2,0
1575077847586,large_vehicle,2,279
1583428854929,small_vehicle,8,57
1568680615072,large_vehicle,7,175
1566230978905,large_vehicle,6,344
1573992493758,large_vehicle,3,56
1584357771832,large_vehicle,7,118
1572312150249,large_vehicle,4,309
1569864472556,small_vehicle,7,214
1572505521642,small_vehicle,9,60
1579034484211,small_vehicle,10,212
1581738184339,large_vehicle,8,267
1584998970227,large_vehicle,5,355
1586520780655,large_vehicle,2,51
1572987545314,small_vehicle,2,240
1566418932871,large_vehicle,6,186
1578737952356,large_vehicle,6,84
1580001789595,large_vehicle,5,1
1570404719434,large_vehicle,7,335
1567232072523,small_vehicle,4,251
1581228873768,large_vehicle,5,239
1566953221197,small_vehicle,5,95
1573353657727,small_vehicle,10,110
1578353921053,small_vehicle,9,288
1571341914399,large_vehicle,1,300
1574102856128,small_vehicle,9,318
1579633870864,large_vehicle,8,11
1571678313112,large_vehicle,6,46
1572150843158,large_vehicle,9,190
1585018480253,small_vehicle,9,11
1565704670196,large_vehicle,0,13
1581229052563,small_vehicle,5,221
1585552362904,large_vehicle,6,342
1570137977419,large_vehicle,9,42
1574434301061,large_vehicle,6,7
1566515863379,large_vehicle,5,219
1582124771200,small_vehicle,9,10
1580829840058,large_vehicle,8,293
1565061730450,large_vehicle,9,276
1569258439875,small_vehicle,10,140
1569794627339,large_vehicle,1,136
1574041886211,large_vehicle,4,263
1567232789044,large_vehicle,7,337
1573402050678,large_vehicle,10,230
1572663244741,small_vehicle,6,0
1582118176866,small_vehicle,2,10
1583341811784,large_vehicle,7,0
1581213879565,large_vehicle,10,336
1584162681214,large_vehicle,1,310
1573178866416,small_vehicle,8,330
1568674437935,large_vehicle,9,247
1571494205176,small_vehicle,10,215
1577250677517,small_vehicle,9,241
1575265536400,small_vehicle,1,335
1576138403438,small_vehicle,8,194
1569607110483,small_vehicle,1,137
1581652708401,large_vehicle,4,318
1575584157523,small_vehicle,7,193
1576803497724,large_vehicle,5,322
1581122397768,small_vehicle,3,192
1565542660391,small_vehicle,2,10
1575701206034,small_vehicle,0,45
1583570672538,large_vehicle,3,300
1574012914848,small_vehicle,7,243
1585584610384,large_vehicle,9,313
1577077106273,large_vehicle,7,258
1583227298210,small_vehicle,6,75
1574757130328,small_vehicle,0,255
1577204071670,small_vehicle,0,24
1577011785345,small_vehicle,8,312
1569242253600,large_vehicle,0,31
1575849227117,small_vehicle,2,167
1577969940167,small_vehicle,7,260
1576234190949,large_vehicle,7,320
1574212616519,small_vehicle,5,214
1575263585631,small_vehicle,4,359
1569323704718,small_vehicle,7,10
1566065709641,small_vehicle,10,357
1586094884717,large_vehicle,1,58
1567327614693,large_vehicle,4,313
1569767746444,small_vehicle,1,103
1581897795431,small_vehicle,3,226
1586261889833,large_vehicle,5,110
1580562080922,small_vehicle,3,155
1577231719165,large_vehicle,3,242
1570079479094,large_vehicle,3,108
1583743198318,small_vehicle,3,76
1582999364321,large_vehicle,4,120
1574943376107,large_vehicle,3,183
1585487658978,large_vehicle,4,83
1578072256014,small_vehicle,10,93
1575301529478,small_vehicle,5,81
1580473646415,small_vehicle,9,194
1566363638614,small_vehicle,8,80
1568710434682,large_vehicle,9,220
1568322934885,small_vehicle,6,341
1579121110316,small_vehicle,1,174
1582672961986,small_vehicle,4,217
1570086694169,large_vehicle,8,251
1566986354642,small_vehicle,5,310
1564980997681,large_vehicle,3,87
1581485076452,large_vehicle,8,1
1571112623235,small_vehicle,7,38
1568444508959,small_vehicle,1,341
1575193421096,large_vehicle,0,274
1583256369492,large_vehicle,7,270
1571526788402,small_vehicle,2,203
1581389402424,small_vehicle,6,223
1578866440631,large_vehicle,3,352
1575634980357,small_vehicle,5,3
1568511552776,small_vehicle,1,274
1567755194599,large_vehicle,7,19
1581974818305,large_vehicle,3,129
1580487548113,small_vehicle,9,112
1569242231179,large_vehicle,9,304
1580230128728,small_vehicle,1,254
1585596073955,small_vehicle,4,5
1583761914088,large_vehicle,8,17
1584347965607,large_vehicle,4,251
1581582870810,large_vehicle,10,226
1581331468499,large_vehicle,1,248
1581292940556,large_vehicle,7,266
1584768220411,large_vehicle,6,358
1570524616802,small_vehicle,4,292
1586250699635,large_vehicle,8,17
1573036553721,large_vehicle,9,8
1583526827060,small_vehicle,8,138
1583775849157,large_vehicle,0,122
1581882358507,large_vehicle,5,333
1570202401277,small_vehicle,6,154
1566918941631,large_vehicle,7,148
1581627083679,large_vehicle,5,36
1575804893476,small_vehicle,4,124
1574533450815,small_vehicle,10,32
1574161163154,large_vehicle,8,260
1567753536221,small_vehicle,9,44
1568296142332,small_vehicle,10,4
1578701880462,large_vehicle,9,48
1576012092952,large_vehicle,8,160
1576025528056,small_vehicle,5,343
1570952231098,large_vehicle,3,8
1583328405612,small_vehicle,0,138
1579733456654,large_vehicle,4,58
1579984602215,large_vehicle,8,263
1581864606737,small_vehicle,5,254
1568059251725,small_vehicle,3,67
1578928486451,small_vehicle,9,115
1585715741616,small_vehicle,3,39
1583141922203,small_vehicle,3,58
1579185681814,small_vehicle,3,184
1569780349052,large_vehicle,2,124
1568263477724,small_vehicle,5,10
1573011211074,large_vehicle,3,314
1581105864353,large_vehicle,9,118
1567741888256,small_vehicle,0,51
1583173080675,small_vehicle,7,313
1579848596409,large_vehicle,10,90
1573813760217,small_vehicle,8,196
1586243303357,small_vehicle,3,288
1576244801875,large_vehicle,0,134
1584406137627,large_vehicle,2,309
1583969095551,large_vehicle,2,117
1570315080187,small_vehicle,3,202
1580086740963,large_vehicle,9,310
1574640275133,large_vehicle,6,17
1582555530773,small_vehicle,7,179
1579131171875,small_vehicle,7,46
1567161208620,large_vehicle,5,277
1571663681311,large_vehicle,0,277
1571587059004,large_vehicle,10,283
1564831413367,large_vehicle,4,117
1567647568183,large_vehicle,6,280
1571921573241,large_vehicle,0,276
1577358790536,large_vehicle,3,130
1575883492307,small_vehicle,10,295
1584602952249,small_vehicle,2,112
1566846234706,small_vehicle,10,360
1569405063329,large_vehicle,7,5
1577988288804,large_vehicle,3,355
1566036756087,large_vehicle,10,63
1569514958364,small_vehicle,10,273
1576915308120,small_vehicle,1,207
1582753871966,small_vehicle,7,85
1583796750870,large_vehicle,9,29
1578918723676,large_vehicle,0,2
1568590584967,small_vehicle,5,227
1577329704324,large_vehicle,0,212
1586468319309,small_vehicle,6,89
1571324448756,large_vehicle,6,85
1574082285014,large_vehicle,5,17
1574767055949,small_vehicle,6,168
1573534476439,large_vehicle,3,27
1586321780744,large_vehicle,4,104
1568734161784,small_vehicle,1,183
1569903500842,small_vehicle,2,156
1585051641451,large_vehicle,10,168
1583324680983,large_vehicle,3,50
1574945432128,small_vehicle,9,36
1579872635610,small_vehicle,4,164
1580718134021,large_vehicle,10,28
1585592822880,small_vehicle,10,308
1566413623523,small_vehicle,1,223
1583503580467,large_vehicle,5,62
1565823948793,small_vehicle,2,38
1578589024952,large_vehicle,6,120
1579030602719,large_vehicle,9,56
1582746690078,small_vehicle,3,278
1585491376708,large_vehicle,9,24
1583853209915,small_vehicle,5,345
1566717487345,small_vehicle,10,114
1580128820539,large_vehicle,6,242
1564875261028,small_vehicle,9,281
1586001577697,large_vehicle,1,131
1573250874235,small_vehicle,7,306
1574242110972,large_vehicle,2,72
1564746353316,small_vehicle,1,208
1573282160246,large_vehicle,8,297
1566957397617,small_vehicle,1,273
1584491905142,large_vehicle,3,359
1578086880814,large_vehicle,3,103
1573585574017,large_vehicle,7,192
1570217504439,large_vehicle,5,135
1583863672513,small_vehicle,0,272
1565284561539,small_vehicle,7,129
1578032743435,small_vehicle,5,38
1578733387492,small_vehicle,4,315
1565610298112,large_vehicle,3,265
1582991046736,large_vehicle,3,349
1575147856004,small_vehicle,6,184
1573905339068,large_vehicle,8,347
1585860304709,small_vehicle,4,179
1580126877097,small_vehicle,5,225
1574412249068,large_vehicle,0,148
1572517897366,large_vehicle,5,122
1575088577373,small_vehicle,6,287
1574100222482,small_vehicle,9,228
1570133192641,small_vehicle,1,49
1581724005418,small_vehicle,0,347
1573182294988,small_vehicle,10,119
1571501687552,small_vehicle,7,273
1574667031049,large_vehicle,0,321
1574796001766,large_vehicle,2,192
1585874632828,large_vehicle,6,194
1586314181842,large_vehicle,8,149
1574777461595,large_vehicle,3,351
1565277668609,large_vehicle,10,62
1568151284291,large_vehicle,5,240
1586159675120,large_vehicle,1,149
1567560290095,small_vehicle,4,149
1582249456034,small_vehicle,5,178
1570553779549,small_vehicle,8,273
1572578021437,small_vehicle,5,196
1567586815490,small_vehicle,2,208
1584794790817,large_vehicle,8,102
1574500634129,large_vehicle,4,205
1585388636625,small_vehicle,5,294
1572107445900,large_vehicle,4,234
1568121456332,large_vehicle,2,322
1583533815732,small_vehicle,10,107
1586230718377,large_vehicle,4,13
1581669589973,large_vehicle,9,299
1567140309849,small_vehicle,0,7
1577090489244,large_vehicle,9,7
1580664420149,large_vehicle,5,10
1577614280678,large_vehicle,5,349
1583667547789,small_vehicle,0,16
1567062494727,large_vehicle,5,227
1582456585919,large_vehicle,7,183
1565298712890,large_vehicle,7,157
1580590905690,small_vehicle,3,332
1586611302395,large_vehicle,4,107
1570174497621,large_vehicle,8,88
1576879902309,large_vehicle,0,284
1578624593091,small_vehicle,3,97
1577715643673,small_vehicle,2,242
1565800013442,small_vehicle,4,199
1585826207011,small_vehicle,8,74
1584542276686,small_vehicle,3,170
1579592018939,small_vehicle,0,37
1582828570657,large_vehicle,6,322
1577560214073,large_vehicle,6,304
1574266240852,large_vehicle,0,102
1572631464589,small_vehicle,1,142
1566076882435,small_vehicle,2,211
1583879003614,small_vehicle,0,343
1579247490692,large_vehicle,10,262
1564705901133,large_vehicle,6,58
1569710315836,large_vehicle,6,244
1568405255122,large_vehicle,2,71
1579410942103,large_vehicle,10,320
1584114012235,small_vehicle,10,307
1573453574368,large_vehicle,7,131
1582737163611,large_vehicle,6,139
1582817198867,large_vehicle,9,23
1577958051704,small_vehicle,6,152
1583989238442,small_vehicle,4,85
1573531963731,large_vehicle,9,83
1584928823843,small_vehicle,1,301
1585679748827,large_vehicle,9,46
1570092839371,small_vehicle,0,159
1569265039903,large_vehicle,2,214
1565971152028,small_vehicle,9,188
1586279824814,large_vehicle,0,339
1565707793634,large_vehicle,10,92
1576124270728,large_vehicle,7,193
1569245001725,large_vehicle,10,241
1571346047735,large_vehicle,1,117
1576661596818,small_vehicle,6,237
1565360114266,large_vehicle,5,14
1580406493876,large_vehicle,6,350
1574841894659,small_vehicle,10,36
1578493891104,small_vehicle,0,294
1571622255587,small_vehicle,0,210
1570172863273,large_vehicle,1,207
1584911361705,small_vehicle,2,196
1570401797005,large_vehicle,6,164
1567566521217,large_vehicle,10,143
1570455647827,large_vehicle,1,91
1565896674460,large_vehicle,1,345
1574046098531,small_vehicle,3,87
1585276235007,small_vehicle,0,10
1577896523426,large_vehicle,7,58
1585882572021,small_vehicle,2,307
1565864884527,large_vehicle,9,184
1582554046853,small_vehicle,9,67
1577989138034,large_vehicle,3,53
1568467014808,small_vehicle,5,234
1580454515989,small_vehicle,3,154
1585876019682,small_vehicle,8,240
1586116164226,large_vehicle,1,289
1569472293967,large_vehicle,1,43
1582103287857,large_vehicle,9,267
1576241553813,large_vehicle,3,48
1579283731715,large_vehicle,8,31
1572475875950,large_vehicle,9,360
1576786235724,small_vehicle,3,296
1579999600417,small_vehicle,7,309
1567334106429,large_vehicle,8,323
1566090180404,large_vehicle,2,313
1580474874784,large_vehicle,6,186
1586567012056,large_vehicle,7,135
1586370012023,large_vehicle,9,177
1582139347547,large_vehicle,7,355
1583512953046,large_vehicle,6,260
1578371127262,small_vehicle,2,81
1564849062524,large_vehicle,10,42
1577027934964,large_vehicle,5,229
1578423486553,small_vehicle,8,34
1568236368249,large_vehicle,3,340
1581864788334,small_vehicle,9,107
1567099339380,small_vehicle,6,55
1583851156712,small_vehicle,0,300
1580798708600,small_vehicle,0,331
1574177837949,small_vehicle,8,11
1581875119831,large_vehicle,3,337
1570180116801,large_vehicle,5,288
1576326560487,small_vehicle,5,305
1570781254846,small_vehicle,8,40
1576761584808,small_vehicle,0,149
1567332181514,large_vehicle,0,151
1578549308391,large_vehicle,6,87
1572772056985,small_vehicle,4,313
1584316675431,small_vehicle,8,328
1575623485920,small_vehicle,1,309
1571518209765,large_vehicle,8,341
1572745657360,large_vehicle,7,276
1572130998309,small_vehicle,1,285
1565300719929,small_vehicle,5,70
1580707857141,small_vehicle,7,21
1569445889231,small_vehicle,8,218
1577651742291,small_vehicle,3,145
1572375379507,small_vehicle,10,312
1567431037623,large_vehicle,9,196
