1583748036877,large_vehicle,8,88
1574451592288,large_vehicle,8,194
1568193451422,large_vehicle,10,340
1575114754024,small_vehicle,3,337
1585470849540,small_vehicle,8,350
1572268834654,large_vehicle,0,288
1585543173219,large_vehicle,5,202
1585063378524,large_vehicle,1,40
1569362245046,large_vehicle,4,311
1565952766948,large_vehicle,7,25
1569503528671,small_vehicle,1,324
1574330666048,small_vehicle,8,310
1567498451149,large_vehicle,10,30
1578915566507,large_vehicle,10,242
1578032582828,small_vehicle,6,168
1581101863786,large_vehicle,9,62
1572666224677,small_vehicle,10,107
1571306873514,large_vehicle,4,44
1583611635775,large_vehicle,1,126
1573506349100,large_vehicle,4,27
1572868379782,large_vehicle,2,202
1578697550707,small_vehicle,8,243
1575055160107,small_vehicle,10,145
1568246528375,small_vehicle,8,352
1572873963750,small_vehicle,0,92
1573671358660,large_vehicle,2,265
1566980883124,small_vehicle,0,85
1573571812879,small_vehicle,1,19
1578480286983,large_vehicle,4,220
1584871667175,small_vehicle,2,208
1583533809802,large_vehicle,0,298
1570715255583,large_vehicle,8,319
1573287085502,small_vehicle,4,305
1584022960313,small_vehicle,3,282
1566719473310,small_vehicle,9,286
1574911505417,small_vehicle,0,78
1568424502835,large_vehicle,6,65
1567024193414,large_vehicle,0,161
1578582586113,small_vehicle,7,230
1579912450356,large_vehicle,2,120
1586722343072,small_vehicle,7,124
1579348361850,small_vehicle,9,63
1572926502305,small_vehicle,10,62
1571771437421,small_vehicle,4,321
1579756446496,large_vehicle,9,43
1585093459955,small_vehicle,1,190
1565542116004,large_vehicle,5,254
1584660600783,small_vehicle,5,344
1564968843274,large_vehicle,9,138
1580075360634,large_vehicle,10,222
1586454317672,large_vehicle,2,229
1579719923837,large_vehicle,7,235
1581946945805,small_vehicle,1,323
1585991086168,small_vehicle,0,67
1567514227207,large_vehicle,5,143
1566531185192,small_vehicle,7,81
1572709454513,large_vehicle,6,206
1576602258781,small_vehicle,10,155
1569165085692,large_vehicle,9,187
1565282903538,large_vehicle,3,35
1567635668829,small_vehicle,0,248
1574567344038,small_vehicle,5,75
1580636234364,large_vehicle,5,21
1576510811959,small_vehicle,5,16
1582830673974,large_vehicle,9,343
1571171790198,large_vehicle,10,14
1579960187405,large_vehicle,3,4
1571645777336,small_vehicle,2,102
1567838650094,large_vehicle,0,156
1567322808974,large_vehicle,5,247
1576785493178,large_vehicle,2,99
1583699799854,large_vehicle,0,183
1566710327414,small_vehicle,2,212
1580846219991,small_vehicle,2,42
1579578755011,large_vehicle,0,88
1581626619409,large_vehicle,10,354
1576368467232,large_vehicle,9,69
1581278688991,large_vehicle,10,103
1573774223297,large_vehicle,0,302
1578015128081,small_vehicle,0,354
1572016695882,large_vehicle,1,320
1586576076832,small_vehicle,5,309
1570928518814,small_vehicle,1,10
1576085191317,small_vehicle,9,58
1582878520008,small_vehicle,10,104
1584512221128,small_vehicle,5,309
1585378052622,large_vehicle,2,341
1576631488809,large_vehicle,8,40
1582278982146,small_vehicle,8,310
1586305890754,small_vehicle,4,22
1574746730159,large_vehicle,7,261
1576322931400,small_vehicle,9,166
1565918739006,small_vehicle,1,31
1580414657785,large_vehicle,4,34
1566298247885,large_vehicle,4,344
1568656700925,small_vehicle,1,229
1582949430972,large_vehicle,6,208
1568356574892,large_vehicle,4,142
1570331998859,small_vehicle,5,74
1574257429912,small_vehicle,7,284
1571024605137,large_vehicle,0,185
1584284712141,large_vehicle,1,317
1586401372123,large_vehicle,7,19
1572287465585,small_vehicle,2,133
1573898518510,large_vehicle,2,174
1579412436414,small_vehicle,2,301
1582203149873,large_vehicle,9,142
1573267995691,large_vehicle,1,174
1573846097798,large_vehicle,6,228
1568839913916,small_vehicle,4,6
1577691393537,small_vehicle,9,296
1585691321440,large_vehicle,4,230
1584755899162,large_vehicle,7,278
1565128698070,large_vehicle,0,23
1574858752798,large_vehicle,5,63
1571696452205,large_vehicle,10,270
1575122883523,small_vehicle,0,175
1577605185350,large_vehicle,9,69
1584141886929,small_vehicle,1,176
1572686028853,small_vehicle,9,286
1580082369918,small_vehicle,9,256
1579556272497,small_vehicle,4,24
1582115326245,small_vehicle,3,103
1585894907112,small_vehicle,6,327
1573836534048,large_vehicle,7,23
1566647009727,small_vehicle,2,114
1580186690781,small_vehicle,7,244
1566250703513,large_vehicle,1,271
1565652941573,large_vehicle,2,123
1566120909390,small_vehicle,6,17
1570010992469,small_vehicle,9,13
1585590167997,large_vehicle,3,9
1582646627299,large_vehicle,0,34
1582681496145,large_vehicle,2,72
1577415992133,large_vehicle,0,98
1569421445367,small_vehicle,9,334
1576317575680,large_vehicle,0,278
1585223519923,large_vehicle,4,114
1571671910807,small_vehicle,0,177
1582179644458,small_vehicle,9,343
1583944938478,large_vehicle,0,33
1565921716264,large_vehicle,1,220
1568717542638,large_vehicle,3,58
1586593272316,large_vehicle,4,189
1572811236698,small_vehicle,0,184
1575413475066,small_vehicle,1,230
1566268396502,small_vehicle,3,358
1566300706997,large_vehicle,8,206
1586449927716,large_vehicle,8,73
1580470530462,small_vehicle,1,194
1579975646555,large_vehicle,2,272
1565836815838,small_vehicle,3,305
1581519369493,large_vehicle,4,27
1575893157212,large_vehicle,10,243
1576456943063,large_vehicle,10,76
1566514476924,small_vehicle,5,180
1569850440748,small_vehicle,10,49
1585013037756,large_vehicle,5,83
1568650916543,small_vehicle,2,47
1576323432954,small_vehicle,0,292
1566576439937,large_vehicle,2,256
1574403527749,large_vehicle,9,297
1581476588795,small_vehicle,7,101
1569693742530,large_vehicle,7,149
1582683979044,small_vehicle,8,81
1567367234925,small_vehicle,10,332
1577066834769,large_vehicle,10,173
1577951698613,large_vehicle,6,320
1577320232748,small_vehicle,2,175
1576105008824,large_vehicle,1,239
1573759439161,large_vehicle,0,51
1585535639763,small_vehicle,0,147
1579170944870,small_vehicle,1,261
1583549863128,small_vehicle,8,353
1580981488576,small_vehicle,8,55
1583027952498,small_vehicle,2,40
1571465831049,small_vehicle,8,197
1582975105668,small_vehicle,2,117
1574345403054,small_vehicle,5,123
1571502081001,large_vehicle,7,135
1572820314339,small_vehicle,10,218
1578426651630,small_vehicle,3,176
1567833054433,large_vehicle,9,94
1584917173064,large_vehicle,10,196
1579246992038,large_vehicle,6,227
1581986308756,large_vehicle,7,311
1574319596093,large_vehicle,9,106
1567750762796,large_vehicle,5,320
1586659332628,small_vehicle,4,317
1574943109288,small_vehicle,10,124
1567882514512,large_vehicle,8,303
1584392518304,small_vehicle,2,319
1580409545384,small_vehicle,5,345
1578860605207,large_vehicle,6,256
1575164567062,large_vehicle,3,194
1580967055362,small_vehicle,7,251
1573509818432,small_vehicle,9,119
1583194176527,large_vehicle,3,71
1575186666274,small_vehicle,4,101
1586183433552,large_vehicle,1,345
1571211507509,large_vehicle,9,321
1566809147557,small_vehicle,0,277
1579445672378,small_vehicle,6,268
1573795032930,small_vehicle,6,122
1581313266322,large_vehicle,3,192
1576530488175,large_vehicle,6,321
1568180383912,large_vehicle,10,182
1584701699062,small_vehicle,6,118
1573946117701,small_vehicle,9,155
1586320024008,small_vehicle,6,82
1582971137561,small_vehicle,2,330
1580733327282,large_vehicle,7,335
1584479062987,large_vehicle,4,88
1577095167845,large_vehicle,3,273
1579941946641,large_vehicle,3,254
1586142321274,small_vehicle,4,316
1572034493022,small_vehicle,9,37
1585627649662,large_vehicle,1,35
1568961433816,large_vehicle,2,143
1586132846390,large_vehicle,4,61
1576516470400,large_vehicle,8,346
1565953170124,large_vehicle,2,217
1574088346514,large_vehicle,1,127
1586092639556,large_vehicle,9,105
1578165044920,large_vehicle,5,292
1581579898866,large_vehicle,5,269
1571022508702,large_vehicle,7,290
1565266065728,small_vehicle,9,50
1572719535449,small_vehicle,3,306
1572397242201,large_vehicle,9,349
1585224011759,large_vehicle,7,90
1579498692315,large_vehicle,1,117
1571831256071,large_vehicle,5,359
1566386893159,small_vehicle,4,80
1577688378190,large_vehicle,0,96
1579552862517,large_vehicle,3,305
1573078472176,small_vehicle,2,262
1578343450508,small_vehicle,7,265
1575548593862,small_vehicle,2,106
1573149137683,large_vehicle,0,48
1580804441877,large_vehicle,4,141
1576147101642,small_vehicle,7,338
1565312899866,large_vehicle,1,145
1583080437625,small_vehicle,1,327
1585474560419,small_vehicle,7,198
1573160127143,small_vehicle,1,206
1585737108600,small_vehicle,1,10
1570918291252,small_vehicle,0,345
1572466640046,large_vehicle,10,244
1584627444566,small_vehicle,0,349
1571256318556,large_vehicle,5,83
1582732570592,large_vehicle,9,74
1578128692820,small_vehicle,9,286
1565322765778,small_vehicle,0,134
1577365143566,small_vehicle,4,307
1569742165168,small_vehicle,4,73
1568484036891,small_vehicle,7,347
1567967769083,large_vehicle,9,2
1580249375865,large_vehicle,0,4
1579359806403,small_vehicle,7,182
1568898940010,small_vehicle,6,227
1569790289770,small_vehicle,7,60
1584675395232,small_vehicle,10,292
1580833490795,large_vehicle,8,48
1565044533129,large_vehicle,4,318
1573564728296,small_vehicle,10,326
1572044622316,large_vehicle,0,70
1564848683358,large_vehicle,2,356
1584454127958,large_vehicle,3,318
1566625260397,large_vehicle,2,331
1586357937790,large_vehicle,7,205
1584927554966,large_vehicle,6,263
1586669317758,small_vehicle,1,170
1576218706397,large_vehicle,1,344
1565962842499,small_vehicle,3,121
1564841317280,large_vehicle,6,51
1568151854106,small_vehicle,5,64
1584179979084,large_vehicle,10,283
1572697258329,small_vehicle,3,311
1565268386225,small_vehicle,0,157
1569933297353,small_vehicle,8,99
1569344251379,small_vehicle,9,219
1573587002312,small_vehicle,1,122
1583662425232,large_vehicle,0,82
1576026146592,large_vehicle,1,144
1565728470666,large_vehicle,7,149
1574870870206,large_vehicle,6,92
1570702730612,small_vehicle,10,258
1572698933537,large_vehicle,10,200
1586289035635,small_vehicle,0,14
1583200279250,small_vehicle,9,292
1581029540684,large_vehicle,5,216
1585320313338,small_vehicle,7,231
1585679131252,small_vehicle,3,186
1566096953920,large_vehicle,9,152
1574353257172,large_vehicle,8,57
1566548917533,small_vehicle,5,336
1567046376258,large_vehicle,10,195
1581507638304,small_vehicle,8,199
1571884736640,small_vehicle,7,332
1574684360302,large_vehicle,2,21
1571704520455,large_vehicle,8,56
1575219347689,large_vehicle,8,175
1577615790045,small_vehicle,9,57
1580949860747,small_vehicle,10,123
1570496853937,large_vehicle,5,264
1577106415863,small_vehicle,4,228
1566999927289,small_vehicle,0,179
1576484612847,small_vehicle,2,69
1573613679070,large_vehicle,5,80
1583827361564,large_vehicle,3,33
1576757799191,large_vehicle,2,144
1580197776007,large_vehicle,3,104
1573481467085,small_vehicle,5,123
1582658534771,small_vehicle,9,33
1566114093275,large_vehicle,5,213
1577802294564,large_vehicle,4,351
1577893785604,large_vehicle,4,99
1583479567875,large_vehicle,8,28
1579684265556,small_vehicle,2,274
1581370141433,large_vehicle,8,230
1584538696461,large_vehicle,6,123
1569896027643,small_vehicle,7,193
1580585964708,large_vehicle,4,119
1568893577073,small_vehicle,1,131
1581138223261,large_vehicle,3,37
1569344515916,small_vehicle,2,121
1566743684786,small_vehicle,3,219
1581443104947,large_vehicle,8,337
1572912402520,large_vehicle,10,315
1567224013114,large_vehicle,8,293
1576183205143,large_vehicle,8,90
1570819153672,small_vehicle,2,27
1567048354736,small_vehicle,6,52
1574628383316,small_vehicle,3,353
1574108743574,large_vehicle,9,189
1578924010212,small_vehicle,1,301
1583463907182,large_vehicle,3,351
1566312099458,small_vehicle,6,39
1568751496018,large_vehicle,9,193
1577737963523,large_vehicle,4,109
1564981083568,large_vehicle,7,88
1576560372830,small_vehicle,3,53
1584745800950,large_vehicle,9,22
1579936281078,large_vehicle,7,11
1574773596243,small_vehicle,2,242
1570809989799,large_vehicle,2,281
1578596324300,small_vehicle,8,18
1567012592531,small_vehicle,4,323
1578397799308,large_vehicle,8,234
1565089619182,small_vehicle,0,228
1584406551494,large_vehicle,5,321
1575311876922,large_vehicle,9,329
1579568791490,small_vehicle,3,73
1586292740071,large_vehicle,1,137
1579674442632,large_vehicle,7,231
1583164938403,small_vehicle,7,236
1566574593568,small_vehicle,7,30
1567409452967,large_vehicle,3,200
1586441371588,small_vehicle,2,67
1564858765484,large_vehicle,2,353
1564861646664,small_vehicle,10,303
1567911219398,large_vehicle,4,107
1583388161157,small_vehicle,10,186
1570025199606,small_vehicle,10,238
1568104196995,small_vehicle,9,358
1579859159772,small_vehicle,10,268
1584153434181,large_vehicle,9,186
1584179460643,small_vehicle,2,45
1578168046760,large_vehicle,0,248
1584286331563,large_vehicle,7,64
1578248774598,small_vehicle,6,323
1579445916155,small_vehicle,0,97
1586683696320,small_vehicle,3,88
1570552613576,large_vehicle,0,156
1579293698891,small_vehicle,1,148
1573026346679,small_vehicle,2,247
1570071907103,small_vehicle,10,43
1576612617672,small_vehicle,10,172
1570615493147,small_vehicle,3,322
1574764030536,large_vehicle,9,303
1584531996838,large_vehicle,8,247
1585651242006,large_vehicle,4,342
1566661253622,large_vehicle,6,186
1578646557004,large_vehicle,5,102
1566239951053,large_vehicle,6,87
1567975064475,large_vehicle,7,3
1574501375045,small_vehicle,1,316
1570395205584,large_vehicle,9,207
1572275071731,large_vehicle,3,52
1574260585618,large_vehicle,9,82
1579793894558,large_vehicle,2,151
1573925594409,large_vehicle,4,252
1586279248363,small_vehicle,3,155
1574028078072,small_vehicle,10,36
1583579040526,small_vehicle,7,16
1576560417440,small_vehicle,8,228
1575155787442,large_vehicle,10,70
1577914894647,small_vehicle,10,146
1575326601687,small_vehicle,9,4
1568522718572,large_vehicle,2,66
1578421392890,large_vehicle,7,350
1570860700559,large_vehicle,7,91
1573088369837,small_vehicle,2,207
1565053162976,small_vehicle,0,190
1577041028012,small_vehicle,3,189
1579780857307,large_vehicle,7,2
1573189124496,large_vehicle,7,184
1567136369520,large_vehicle,0,127
1580565071727,large_vehicle,4,4
1586069218980,small_vehicle,5,74
1571157667490,small_vehicle,7,97
1575857034490,large_vehicle,6,294
1569209328380,large_vehicle,5,265
1570134732037,large_vehicle,3,238
1573393233528,small_vehicle,8,111
1570427772061,small_vehicle,6,11
1573593684431,small_vehicle,5,218
1575098599665,large_vehicle,10,330
1585237475754,large_vehicle,9,307
1580242726518,small_vehicle,8,328
1583212121279,large_vehicle,4,82
1581994259727,large_vehicle,5,230
1586558900250,small_vehicle,10,303
1585127017905,large_vehicle,5,246
1572465678625,small_vehicle,1,189
1578234816493,small_vehicle,8,318
1586418470711,large_vehicle,10,154
1569627453378,small_vehicle,10,205
1566028294064,large_vehicle,3,24
1581032743357,small_vehicle,8,298
1569123157070,small_vehicle,9,127
1573165804837,small_vehicle,0,259
1570456517826,small_vehicle,0,320
1566766197470,large_vehicle,10,301
1575248568228,large_vehicle,0,356
1566944109033,large_vehicle,3,181
1574383225144,large_vehicle,1,107
1578735188797,small_vehicle,7,4
1583947116089,small_vehicle,5,150
1565510236451,large_vehicle,7,95
1568537656083,small_vehicle,9,211
1568508709236,large_vehicle,10,188
1583200380417,small_vehicle,7,329
1585678077981,large_vehicle,4,322
1580333855597,small_vehicle,7,208
1586401452116,large_vehicle,4,275
1569470794979,small_vehicle,6,225
1575596941310,large_vehicle,6,278
1566511758933,small_vehicle,10,53
1576726149903,large_vehicle,2,336
1584349658488,small_vehicle,3,123
1583633687535,large_vehicle,4,71
1569190480164,small_vehicle,3,164
1573483672020,small_vehicle,10,19
1566280604853,small_vehicle,0,42
1565577910412,small_vehicle,3,336
1572419394867,small_vehicle,8,54
1575437319168,large_vehicle,6,115
1583965863346,large_vehicle,1,181
1586691434597,large_vehicle,0,125
1585283465711,large_vehicle,0,252
1564934170310,small_vehicle,6,0
1577599448840,large_vehicle,0,177
1585691755566,small_vehicle,7,62
1578028897871,small_vehicle,2,32
1582508638287,large_vehicle,4,54
1582578755610,small_vehicle,3,220
1567139096718,large_vehicle,0,202
1572133383467,small_vehicle,5,251
1566088357523,small_vehicle,7,314
1580514986332,small_vehicle,4,195
1582242429707,large_vehicle,9,169
1584129413410,small_vehicle,5,176
1573983975547,large_vehicle,8,297
1571291142591,small_vehicle,4,147
1573747466054,small_vehicle,6,258
1565747910452,small_vehicle,9,198
1577642328822,large_vehicle,6,241
1566356156880,small_vehicle,3,47
1576364731652,large_vehicle,8,305
1568195766718,small_vehicle,8,187
1566172552815,small_vehicle,10,291
1569892349005,small_vehicle,4,359
1575701879864,small_vehicle,9,333
1577783612853,large_vehicle,0,240
1570283133218,large_vehicle,5,234
1573797785224,large_vehicle,4,245
1569810563235,large_vehicle,7,102
1574818919446,small_vehicle,1,323
1577512898345,small_vehicle,0,235
1584386839709,large_vehicle,0,238
1572954825695,large_vehicle,2,194
1570788709125,large_vehicle,8,320
1565744532040,large_vehicle,1,280
1564885242249,large_vehicle,5,29
1572320683973,small_vehicle,4,81
1584975773492,small_vehicle,10,324
1585538428081,large_vehicle,5,259
1566710261304,small_vehicle,10,267
1580926958324,small_vehicle,2,206
1569527665119,small_vehicle,5,168
1586247356187,large_vehicle,1,12
1576049200589,small_vehicle,6,310
1573327642650,large_vehicle,2,333
1578788317770,small_vehicle,7,302
1575875923421,large_vehicle,8,301
1571774030322,small_vehicle,1,348
1575325275314,small_vehicle,0,53
1571785726290,large_vehicle,3,178
1569200231176,large_vehicle,8,25
1584765857921,small_vehicle,8,152
1583622811160,large_vehicle,7,133
1581233060863,small_vehicle,1,333
1569402388257,large_vehicle,0,287
1569848713682,large_vehicle,2,310
1565656107520,small_vehicle,9,59
1570615621775,large_vehicle,10,323
1586436255301,large_vehicle,0,294
1584573352404,small_vehicle,9,230
1573370192200,large_vehicle,7,302
1580976807303,small_vehicle,3,166
1574424645543,small_vehicle,8,80
1585433500909,large_vehicle,1,310
1576617234959,large_vehicle,6,63
1573279724257,small_vehicle,7,88
1579909767461,small_vehicle,3,160
1576742779062,large_vehicle,5,66
1565354707649,small_vehicle,4,272
1573837332810,small_vehicle,3,192
1585244038837,large_vehicle,8,330
1571667753503,small_vehicle,0,322
1575176683714,large_vehicle,7,9
1584884579918,small_vehicle,6,150
1565541328756,small_vehicle,7,147
1581741566148,small_vehicle,6,187
1584737157943,large_vehicle,0,209
1585600829551,small_vehicle,8,98
1571216750415,small_vehicle,3,125
1584057050947,large_vehicle,8,56
1568313497103,large_vehicle,9,222
1566675702060,large_vehicle,3,184
1571099732225,large_vehicle,1,120
1578127595906,large_vehicle,8,318
1582019832506,small_vehicle,5,191
1575642493052,large_vehicle,2,207
1569271813198,small_vehicle,4,161
1565989169641,small_vehicle,4,13
1585014278037,small_vehicle,5,32
1574100920824,small_vehicle,2,349
1580293509894,small_vehicle,4,32
1566435790426,small_vehicle,0,21
1571985207556,small_vehicle,8,191
1568198473036,small_vehicle,5,198
1569189946774,large_vehicle,8,336
1566075714404,large_vehicle,4,107
1584905528201,large_vehicle,5,299
1569777380955,large_vehicle,9,145
1579255352072,large_vehicle,8,220
1573097496811,small_vehicle,4,64
1566054279149,large_vehicle,6,260
1575258700321,small_vehicle,2,116
1567393859012,small_vehicle,1,76
1568221734928,small_vehicle,9,354
1566176603710,large_vehicle,9,341
1578030622848,small_vehicle,10,29
1569638245422,large_vehicle,0,63
1571228691759,small_vehicle,7,176
1575461933966,small_vehicle,9,63
1583263230355,small_vehicle,0,166
1570196833078,small_vehicle,6,99
1574709984918,large_vehicle,4,49
1571362437212,large_vehicle,3,200
1572242500006,large_vehicle,6,41
1579407527717,small_vehicle,7,132
1579600392821,large_vehicle,5,304
1580943675463,large_vehicle,8,119
1574818028192,small_vehicle,7,60
1586069460881,large_vehicle,1,136
1577081858802,large_vehicle,5,258
1579250096699,large_vehicle,6,68
1584301672000,large_vehicle,7,323
1569541285196,large_vehicle,6,195
1585417413671,small_vehicle,6,38
1579119801310,large_vehicle,5,165
1581106347057,small_vehicle,0,183
1575835487470,small_vehicle,9,93
1576773722416,large_vehicle,10,317
1566327224131,large_vehicle,5,152
1571912528543,small_vehicle,6,329
1569327236175,small_vehicle,6,203
1569252704260,small_vehicle,0,57
1572688303789,small_vehicle,9,77
1570625311162,large_vehicle,6,92
1572093533426,large_vehicle,5,188
1572409678374,large_vehicle,4,263
1582024077066,large_vehicle,3,202
1585247421674,large_vehicle,9,205
1565705495193,small_vehicle,6,254
1581772902953,large_vehicle,3,179
1585153519993,small_vehicle,6,74
1584847387314,large_vehicle,7,147
1574616773360,large_vehicle,1,123
1565362624040,small_vehicle,4,214
1575649956792,small_vehicle,9,316
1584628013494,large_vehicle,6,329
1569292553151,small_vehicle,1,266
1569131947020,small_vehicle,9,169
1577798722916,large_vehicle,2,287
1584309185480,large_vehicle,2,110
1572388952846,small_vehicle,2,82
1581202290462,small_vehicle,6,19
1578146420538,small_vehicle,9,47
1579157361891,large_vehicle,0,347
1570746235818,small_vehicle,9,143
1585737410633,small_vehicle,7,133
1570290754936,small_vehicle,4,65
1567900885679,large_vehicle,8,230
1565613631993,small_vehicle,4,70
1573883414356,small_vehicle,5,306
1570147753347,large_vehicle,3,164
1575309827019,small_vehicle,2,208
1576282374357,large_vehicle,10,94
1569019535009,large_vehicle,3,105
1566129756924,small_vehicle,5,171
1580192804274,small_vehicle,8,141
1567623685679,large_vehicle,4,127
1585223359586,large_vehicle,5,327
1569394354200,small_vehicle,8,235
1565493978555,large_vehicle,10,297
1566182376757,small_vehicle,10,303
1571051215809,large_vehicle,10,323
1584416549699,small_vehicle,0,81
1574409584616,large_vehicle,9,9
1584329705046,small_vehicle,8,143
1573095768096,large_vehicle,10,135
1582282259260,large_vehicle,3,257
1585815013649,large_vehicle,1,243
1582879151074,small_vehicle,5,66
1585088303042,small_vehicle,7,172
1575114313910,small_vehicle,2,201
1579322549362,small_vehicle,9,350
1583139734705,large_vehicle,6,315
1581269827196,large_vehicle,2,21
1571889531466,small_vehicle,9,261
1576558108450,small_vehicle,8,117
1570073704516,small_vehicle,0,15
1583995010240,small_vehicle,8,13
1568108370773,small_vehicle,8,229
1572610301213,small_vehicle,8,292
1586354515897,small_vehicle,4,102
1581755922178,large_vehicle,5,91
1580942781855,large_vehicle,3,191
1574453073816,small_vehicle,9,118
1585956909477,small_vehicle,7,332
1569355777113,large_vehicle,3,164
1570189678051,large_vehicle,0,349
1578787570816,large_vehicle,10,85
1572789249627,large_vehicle,7,201
1584663911555,large_vehicle,5,217
1579878476775,large_vehicle,8,290
1574360845541,large_vehicle,9,295
1584425637808,large_vehicle,10,266
1566102957643,large_vehicle,8,271
1571004649895,large_vehicle,9,136
1583445819638,small_vehicle,5,139
1575959802305,small_vehicle,5,222
1574221400284,small_vehicle,5,360
1586605067341,large_vehicle,1,91
1570078227082,small_vehicle,1,136
1581794148499,large_vehicle,9,359
1572407678088,large_vehicle,5,230
1566612691081,large_vehicle,9,41
1566424391083,large_vehicle,10,334
1575232116913,small_vehicle,8,170
1582470820546,large_vehicle,2,63
1571220030464,large_vehicle,7,93
1572681044259,large_vehicle,8,307
1577883550974,small_vehicle,6,359
1583206810674,large_vehicle,8,92
1570343997501,small_vehicle,7,245
1569937032836,small_vehicle,5,226
1573594027789,large_vehicle,4,81
1570730226244,small_vehicle,10,142
1578813193585,small_vehicle,9,221
1580219973615,large_vehicle,8,244
1572769318208,large_vehicle,0,291
1567029732546,small_vehicle,0,45
1574443774000,small_vehicle,9,108
1578102683538,small_vehicle,10,265
1579881417061,large_vehicle,1,234
1579192589148,small_vehicle,4,171
1579329147114,small_vehicle,5,210
1585860141915,large_vehicle,9,274
1577875766911,large_vehicle,10,66
1577810670980,large_vehicle,10,255
1567159295276,large_vehicle,3,38
1572973955107,small_vehicle,8,56
1566791669185,small_vehicle,3,259
1581097401186,small_vehicle,10,246
1579312434910,large_vehicle,8,207
1578409407688,large_vehicle,4,135
1578827587660,large_vehicle,9,186
1578087276222,large_vehicle,4,159
1572214043900,small_vehicle,8,137
1583062985092,large_vehicle,1,133
1584788713415,small_vehicle,10,275
1582166231501,small_vehicle,3,275
1572386687387,large_vehicle,2,314
1570634051865,large_vehicle,0,48
1571000013809,small_vehicle,3,221
1583646674549,small_vehicle,10,158
1578114253688,large_vehicle,10,48
1580433650619,large_vehicle,6,156
1577837003985,large_vehicle,10,31
1585383426640,large_vehicle,0,182
1567536818093,large_vehicle,9,291
1577395700840,large_vehicle,1,106
1577274446957,large_vehicle,5,71
1574431551279,small_vehicle,2,220
1586343245529,large_vehicle,2,26
1580191793740,small_vehicle,10,193
1574568800992,large_vehicle,5,119
1576512596831,large_vehicle,2,303
1582071149788,small_vehicle,5,4
1574004154177,large_vehicle,8,166
1585958291188,large_vehicle,0,49
1580116802521,small_vehicle,6,276
1573639500719,small_vehicle,1,10
1572661617762,large_vehicle,10,70
1576988887291,large_vehicle,6,358
1581593096808,large_vehicle,6,163
1582558913101,large_vehicle,3,237
1565076868743,small_vehicle,3,198
1574260346716,large_vehicle,6,41
1574568950122,small_vehicle,8,282
1570715544245,large_vehicle,5,47
1572726060132,large_vehicle,8,137
1581582044239,small_vehicle,7,208
1572093241330,small_vehicle,3,192
1585430944567,large_vehicle,1,86
1585572814739,large_vehicle,5,288
1570722581708,large_vehicle,5,27
1575528206323,large_vehicle,9,67
1573315865413,small_vehicle,2,320
1570917590101,large_vehicle,5,76
1574339896377,small_vehicle,1,191
1585362456975,small_vehicle,0,193
1586691210785,large_vehicle,4,18
1573418459424,small_vehicle,9,22
1567820877063,small_vehicle,2,26
1570309541860,small_vehicle,7,217
1578546213496,small_vehicle,9,360
1579378673594,large_vehicle,6,100
1575716767821,small_vehicle,10,291
1577385559266,small_vehicle,8,310
1567427331903,small_vehicle,5,253
1576100055684,small_vehicle,5,46
1577208737111,large_vehicle,4,239
1567795706067,small_vehicle,2,188
1581799985278,small_vehicle,7,205
1571750644821,small_vehicle,6,24
1573912204381,small_vehicle,7,223
1585174487421,small_vehicle,0,48
1574517215138,large_vehicle,0,334
1569786579749,large_vehicle,0,33
1568060260456,small_vehicle,3,299
1567815810285,large_vehicle,1,338
1567533858919,small_vehicle,10,51
1566796924769,large_vehicle,10,211
1572432669895,small_vehicle,0,152
1578556258928,large_vehicle,9,210
1582639733774,small_vehicle,2,201
1576622901550,small_vehicle,10,214
1581660638181,large_vehicle,7,316
1573514846726,small_vehicle,4,302
1569016212232,large_vehicle,1,115
1567497380839,small_vehicle,4,161
1579463277765,large_vehicle,9,181
1574138608009,large_vehicle,8,21
1570173433928,small_vehicle,6,133
1578035460911,small_vehicle,1,196
1575651941664,small_vehicle,2,98
1577836344867,large_vehicle,1,10
1566311976315,large_vehicle,2,104
1565742917057,large_vehicle,7,133
1578753444454,small_vehicle,1,37
1569773399929,large_vehicle,7,236
1576023540327,small_vehicle,5,166
1582921767435,large_vehicle,0,92
1570967250399,small_vehicle,6,14
1581333480765,small_vehicle,1,206
1573581223993,large_vehicle,9,100
1573426564910,small_vehicle,0,255
1567704826958,large_vehicle,6,87
1573919505567,large_vehicle,10,337
1569244825840,large_vehicle,3,58
1572327038463,small_vehicle,5,46
1571449276536,small_vehicle,0,119
1584826246524,small_vehicle,3,321
1574300537147,small_vehicle,0,286
1583759159264,large_vehicle,5,315
1579096904523,large_vehicle,0,294
1577489294163,large_vehicle,3,308
1568161474128,small_vehicle,2,281
1568505304218,small_vehicle,2,130
1574254344686,large_vehicle,4,318
1568235489824,large_vehicle,9,78
1576142562248,large_vehicle,9,345
1576656292891,large_vehicle,9,285
1574163811797,large_vehicle,1,213
1578855266216,large_vehicle,4,97
1576534020790,small_vehicle,5,273
1583665957047,large_vehicle,6,297
1576914266614,small_vehicle,1,22
1578853076980,large_vehicle,9,287
1570041226442,small_vehicle,9,133
1570685936972,large_vehicle,4,69
1583010934573,large_vehicle,5,345
1584020797342,large_vehicle,7,183
1574548855467,large_vehicle,5,44
1573991592904,large_vehicle,2,126
1573505401258,small_vehicle,2,297
1565167091655,large_vehicle,9,222
1577317785991,small_vehicle,3,175
1586167613441,large_vehicle,7,80
1570172663563,large_vehicle,1,124
1581967996147,large_vehicle,1,351
1570542159269,small_vehicle,1,140
1568943068519,small_vehicle,0,277
1565607089649,large_vehicle,8,346
1567450185494,large_vehicle,10,286
1567072176884,small_vehicle,7,350
1571125406770,large_vehicle,5,330
1585303937928,large_vehicle,9,317
1574525203779,large_vehicle,7,345
1586019076681,small_vehicle,2,301
1567364350530,large_vehicle,6,81
1571671621900,small_vehicle,7,259
1565394183888,large_vehicle,1,16
1570455896018,small_vehicle,7,5
1576301408887,small_vehicle,6,283
1581683070351,large_vehicle,10,131
1571374756402,large_vehicle,10,349
1575199430499,large_vehicle,8,360
1565854403022,small_vehicle,4,300
1575132167878,large_vehicle,0,291
1585296328039,small_vehicle,6,21
1582965835796,small_vehicle,9,29
1581376383123,large_vehicle,9,12
1577834983783,large_vehicle,1,29
1569342431980,small_vehicle,3,349
1584783905553,small_vehicle,1,81
1574813492519,large_vehicle,0,93
1568478281263,small_vehicle,8,153
1569571672769,small_vehicle,7,344
1582031275755,large_vehicle,7,334
1568172302284,small_vehicle,3,170
1586492457927,small_vehicle,2,102
1567254356607,large_vehicle,5,326
1567372823925,large_vehicle,7,103
1575554008806,large_vehicle,6,1
1577090472145,small_vehicle,9,333
1571457499205,large_vehicle,6,125
1582532025869,small_vehicle,8,125
1573984186204,small_vehicle,2,270
1582578882013,small_vehicle,0,17
1566215742626,large_vehicle,6,171
1568791513900,small_vehicle,2,339
1582637653514,small_vehicle,0,54
1570033646390,small_vehicle,2,288
1567914272910,small_vehicle,8,357
1566076161896,small_vehicle,5,294
1577699033105,small_vehicle,9,8
1584832724290,large_vehicle,4,251
1579291621336,large_vehicle,3,46
1582118028109,large_vehicle,9,178
1580944061946,large_vehicle,0,132
1565315515937,large_vehicle,4,207
1565113333986,large_vehicle,0,245
1579449382156,small_vehicle,10,147
1586716976511,small_vehicle,2,314
1580741895139,small_vehicle,9,242
1585113330357,large_vehicle,9,68
1565142853138,large_vehicle,8,173
1583475926460,large_vehicle,4,75
1581877774182,small_vehicle,8,286
1567657193167,small_vehicle,3,139
1567158686064,large_vehicle,7,240
1581648468860,small_vehicle,2,321
1585546490080,small_vehicle,10,233
1568672686805,large_vehicle,4,172
1564823551607,large_vehicle,2,24
1574195591568,large_vehicle,1,218
1578267236003,large_vehicle,0,9
1578270155210,large_vehicle,10,6
1583777222298,large_vehicle,2,93
1576778550133,large_vehicle,0,218
1586702512831,small_vehicle,7,67
1579940820641,small_vehicle,6,200
1572780521139,small_vehicle,0,248
1586164107250,large_vehicle,3,227
1569918330919,large_vehicle,7,283
1569765250009,small_vehicle,8,215
1582176709567,large_vehicle,6,323
1575017674538,large_vehicle,7,95
1579726944080,small_vehicle,3,360
1581759187654,small_vehicle,0,260
1570870580505,small_vehicle,8,60
1586378142540,small_vehicle,9,37
1569034765960,small_vehicle,10,15
1578868985719,large_vehicle,2,246
1573748901042,large_vehicle,3,360
1566907354362,large_vehicle,1,99
1577196875924,large_vehicle,10,6
1579430679070,large_vehicle,10,223
1582214423372,large_vehicle,1,318
1584930858538,small_vehicle,5,192
1573546968441,small_vehicle,10,129
1571347119458,large_vehicle,10,116
1584458494426,small_vehicle,5,115
1575786207855,large_vehicle,8,283
1586002711413,small_vehicle,4,79
1579230711990,large_vehicle,4,101
1582867596396,large_vehicle,0,68
1580012028681,large_vehicle,7,12
1566190428943,small_vehicle,10,44
1573281001848,large_vehicle,2,350
1569457115627,large_vehicle,0,336
1580993977647,small_vehicle,9,319
1568665991052,large_vehicle,0,22
1581321936376,large_vehicle,4,99
1567216612744,small_vehicle,5,222
1584635744316,large_vehicle,4,303
1581292088348,large_vehicle,7,275
1580441061300,large_vehicle,10,319
1573977199866,large_vehicle,3,72
1585171564218,small_vehicle,6,250
1574075251481,small_vehicle,10,120
1579478490084,large_vehicle,5,326
1572995831193,small_vehicle,0,167
1573315725436,small_vehicle,0,22
1566774610619,large_vehicle,6,90
1575210930850,small_vehicle,5,282
1581302660462,small_vehicle,7,338
1573206840085,small_vehicle,5,357
1582004881062,small_vehicle,9,351
1580611271880,small_vehicle,5,313
1584067374295,small_vehicle,2,224
1576926448493,small_vehicle,7,343
1582236039123,large_vehicle,7,268
1575593142888,small_vehicle,1,143
1571985836866,large_vehicle,10,24
1569759832002,large_vehicle,10,114
1575826706273,large_vehicle,10,54
1583706526969,large_vehicle,10,113
1582278522556,small_vehicle,5,58
1578832749200,small_vehicle,10,132
1581358729305,small_vehicle,4,219
1584207880211,large_vehicle,5,232
1581389654925,small_vehicle,6,312
1583823393483,small_vehicle,2,340
1566983319482,large_vehicle,8,175
1582351466612,small_vehicle,9,212
1577816214416,large_vehicle,9,226
1576290081443,large_vehicle,0,1
1577055265930,small_vehicle,10,184
1580946426426,small_vehicle,9,359
1580367476123,large_vehicle,5,295
1578876108750,small_vehicle,2,263
1578952058816,large_vehicle,9,12
1578426288124,large_vehicle,3,267
1572529800536,small_vehicle,3,257
1581392819741,small_vehicle,5,6
1570069580928,large_vehicle,0,141
1586190601275,large_vehicle,5,354
1576760301302,small_vehicle,6,229
1584037046430,large_vehicle,0,336
1572177808750,small_vehicle,4,113
1572453182321,large_vehicle,5,270
1572442653762,small_vehicle,9,289
1564971561284,large_vehicle,8,303
1583478103579,small_vehicle,6,111
1569711936137,small_vehicle,3,86
1577798151375,small_vehicle,2,190
1575735459878,large_vehicle,4,237
1564981867781,small_vehicle,0,351
1577979534443,small_vehicle,6,297
1571274346950,small_vehicle,10,98
1583242612811,large_vehicle,0,218
1568140446679,large_vehicle,4,132
1565749281680,small_vehicle,9,196
1581143308898,large_vehicle,10,323
1575240106902,small_vehicle,8,73
1574552398753,large_vehicle,9,168
1574636269537,small_vehicle,2,304
1572270043813,large_vehicle,0,195
1577659974306,large_vehicle,10,72
1566354280506,small_vehicle,3,51
1569221101270,small_vehicle,0,46
